1 0.95546875 0.90859375 0.0859375 0.1828125
1 0.24140625 0.753125 0.090625 0.1109375
1 0.18828125 0.66328125 0.0734375 0.08203125
1 0.3953125 0.61484375 0.04609375 0.06796875
1 0.31796875 0.51328125 0.0375 0.04296875
1 0.2671875 0.56171875 0.04453125 0.05703125
1 0.6578125 0.49609375 0.03125 0.04140625
1 0.4375 0.50078125 0.03125 0.04609375
1 0.39375 0.42421875 0.01953125 0.0234375
1 0.38125 0.49296875 0.03125 0.04140625
1 0.371875 0.45546875 0.02421875 0.028125
1 0.45703125 0.425 0.0203125 0.025
1 0.475 0.38515625 0.0125 0.01796875
1 0.4515625 0.45703125 0.02265625 0.03046875
1 0.58125 0.40078125 0.01328125 0.01796875
0 0.43203125 0.39140625 0.0359375 0.08046875
1 0.5421875 0.37421875 0.00859375 0.015625