1 0.3055902777777778 0.9688368055555555 0.1270138888888889 0.0296875
1 0.6425694444444444 0.7091145833333333 0.08100694444444442 0.13547453703703702
1 0.24442708333333335 0.6110532407407407 0.061111111111111074 0.0825231481481481
1 0.32178819444444445 0.606105324074074 0.0546180555555555 0.07112268518518512
1 0.4109201388888889 0.49699074074074073 0.032222222222222284 0.04606481481481488
1 0.6216666666666667 0.507986111111111 0.04194444444444443 0.06238425925925917
1 0.37743055555555555 0.4689525462962963 0.028958333333333287 0.039583333333333394
1 0.3309722222222222 0.4911747685185185 0.038541666666666696 0.04965277777777786
1 0.43923611111111105 0.3978587962962963 0.017708333333333215 0.024710648148148096
1 0.42699652777777786 0.4457175925925926 0.024201388888888786 0.03611111111111107
1 0.3770833333333333 0.41811342592592593 0.017777777777777715 0.027835648148148096
2 0.5727777777777778 0.385619212962963 0.03732638888888893 0.06516203703703702
1 0.3442013888888889 0.5230613425925925 0.03864583333333336 0.054340277777777855
1 0.49821180555555555 0.37549189814814815 0.014583333333333393 0.024479166666666698
1 0.4021701388888889 0.42016782407407405 0.019340277777777713 0.02795138888888893
1 0.5442361111111111 0.36895254629629626 0.014583333333333216 0.024479166666666607
1 0.44743055555555555 0.3792534722222222 0.014513888888888892 0.021354166666666608
1 0.3884722222222222 0.4024016203703704 0.017708333333333392 0.024710648148148096