1 0.1171875 0.75546875 0.09921875 0.10859375
1 0.8234375 0.85390625 0.134375 0.2140625
1 0.3546875 0.73671875 0.075 0.10703125
1 0.8328125 0.71640625 0.08046875 0.10859375
1 0.3984375 0.5953125 0.04453125 0.0625
1 0.56875 0.53046875 0.0359375 0.05859375
1 0.07578125 0.97265625 0.15 0.05390625
2 0.58984375 0.40078125 0.028125 0.05703125
1 0.6734375 0.51171875 0.03203125 0.04609375
1 0.340625 0.490625 0.0328125 0.0390625
1 0.4453125 0.46171875 0.02421875 0.034375
1 0.3796875 0.50390625 0.03125 0.04453125
1 0.3953125 0.425 0.0203125 0.025
1 0.465625 0.4125 0.01640625 0.025
1 0.4375 0.43515625 0.0234375 0.03203125
1 0.5234375 0.37421875 0.01171875 0.01796875
1 0.4734375 0.38828125 0.01328125 0.01796875
1 0.56171875 0.378125 0.0109375 0.01640625
1 0.4828125 0.36796875 0.01171875 0.01640625
1 0.4421875 0.403125 0.01484375 0.021875