1 0.3984375 0.62890625 0.05703125 0.096875
1 0.3359375 0.578125 0.05 0.06953125
1 0.29140625 0.54921875 0.040625 0.0515625
1 0.415625 0.528125 0.034375 0.05
2 0.671875 0.48515625 0.07421875 0.11796875
1 0.4375 0.47734375 0.02578125 0.0375
1 0.38515625 0.43671875 0.0203125 0.0265625
1 0.41875 0.4375 0.01875 0.025
1 0.5359375 0.415625 0.01875 0.0265625
1 0.58984375 0.41796875 0.015625 0.025
1 0.46171875 0.41640625 0.0171875 0.025
1 0.5296875 0.39609375 0.0140625 0.021875
1 0.5203125 0.37421875 0.0125 0.01796875
1 0.56171875 0.37578125 0.0125 0.015625
1 0.41875 0.39921875 0.01328125 0.01796875
1 0.47578125 0.38828125 0.0125 0.01796875