1 0.8916666666666668 0.8931944444444444 0.1286805555555553 0.133958333333333
1 0.9016840277777778 0.7150520833333334 0.11445601851851847 0.13052083333333328
1 0.13671296296296295 0.885 0.15837962962962965 0.225138888888889
2 0.5996238425925926 0.4002604166666666 0.0689004629629629 0.12482638888888893
1 0.6307060185185185 0.7639930555555555 0.09390046296296291 0.12538194444444456
1 0.6702546296296296 0.5430555555555555 0.05857638888888879 0.07621527777777785
1 0.5685069444444444 0.5187847222222223 0.04690972222222225 0.06190972222222228
1 0.3267303240740741 0.47109375 0.038530092592592616 0.05079861111111104
2 0.3900115740740741 0.3643402777777778 0.04106481481481481 0.06958333333333337
1 0.45466435185185183 0.3816319444444444 0.021689814814814846 0.027013888888888893
2 0.5426041666666667 0.4163541666666667 0.03737268518518526 0.05857638888888879
1 0.5174247685185185 0.3451215277777778 0.016597222222222284 0.019097222222222144
1 0.33349537037037036 0.7620138888888889 0.12236111111111114 0.2227777777777778
1 0.5560532407407408 0.3676736111111111 0.021851851851851834 0.030138888888888892
2 0.5393287037037038 0.3290277777777778 0.025462962962962975 0.039583333333333394
2 0.5109780092592593 0.30390625 0.018969907407407404 0.03475694444444448
2 0.5021006944444444 0.3095659722222222 0.017326388888889 0.033159722222222146
2 0.44309027777777776 0.30385416666666665 0.018888888888889 0.033194444444444485
1 0.45013310185185185 0.31852430555555555 0.014872685185185119 0.015937499999999983