2 0.2693171296296296 0.4945023148148149 0.08709490740740744 0.1575231481481481
2 0.03621527777777778 0.7753298611111111 0.06356481481481482 0.3555902777777778
1 0.40054976851851853 0.5956944444444444 0.05053240740740748 0.07261574074074062
1 0.7887094907407407 0.6790162037037037 0.07732638888888879 0.10425925925925927
1 0.2529398148148148 0.9205729166666667 0.1290046296296296 0.12064814814814824
1 0.3492650462962963 0.5284780092592593 0.04572916666666664 0.056921296296296296
1 0.35725694444444445 0.44710069444444445 0.03153935185185182 0.03952546296296298
1 0.6481944444444444 0.48498263888888893 0.03633101851851848 0.05365740740740747
1 0.6036689814814815 0.48642361111111115 0.03156250000000007 0.04265046296296297
1 0.4240914351851853 0.5039293981481482 0.0362962962962964 0.048969907407407476
1 0.39404513888888887 0.455931712962963 0.03151620370370374 0.036400462962962975
1 0.22941550925925927 0.6982407407407407 0.09466435185185187 0.12482638888888893
1 0.0624537037037037 0.9421469907407406 0.1112962962962963 0.05008101851851876
1 0.46256365740740735 0.42366319444444445 0.022106481481481487 0.03157407407407416
1 0.43897569444444445 0.40369791666666666 0.020509259259259238 0.02686342592592599
1 0.6189293981481482 0.4369733796296297 0.028391203703703738 0.036354166666666646
1 0.4107986111111111 0.39708333333333334 0.01894675925925924 0.02684027777777782
1 0.45107638888888885 0.4550868055555556 0.02524305555555557 0.03318287037037031
1 0.5437210648148147 0.4099594907407408 0.01894675925925924 0.02684027777777782
1 0.47788194444444443 0.38202546296296297 0.015775462962962904 0.02054398148148149
1 0.5912905092592593 0.3975347222222222 0.01892361111111107 0.02371527777777782
1 0.4419386574074074 0.38177662037037036 0.01736111111111107 0.023692129629629653