1 0.91171875 0.89140625 0.14375 0.203125
2 0.1296875 0.64921875 0.23671875 0.30390625
1 0.36015625 0.79140625 0.0796875 0.13359375
1 0.2015625 0.81640625 0.10234375 0.13359375
2 0.68515625 0.49140625 0.0953125 0.16640625
1 0.42421875 0.55859375 0.0390625 0.05546875
2 0.3609375 0.43046875 0.06015625 0.096875
1 0.3515625 0.55546875 0.04296875 0.053125
1 0.4375 0.496875 0.03046875 0.04296875
1 0.39375 0.47890625 0.02578125 0.03359375
1 0.6015625 0.428125 0.01875 0.0234375
1 0.43828125 0.39921875 0.0140625 0.0234375
1 0.5453125 0.44921875 0.0234375 0.034375
1 0.46328125 0.41171875 0.0171875 0.0265625
1 0.52734375 0.39609375 0.0140625 0.021875
1 0.56875 0.4265625 0.01484375 0.021875
2 0.40859375 0.40078125 0.025 0.04296875
2 0.40859375 0.440625 0.0328125 0.0609375
2 0.475 0.33828125 0.01328125 0.02890625