1 0.4036747685185185 0.93515625 0.1276041666666668 0.1296875
2 0.1548900462962963 0.8481770833333334 0.1814236111111111 0.3036458333333332
1 0.6026967592592593 0.570486111111111 0.05175925925925924 0.06585648148148131
1 0.29241319444444447 0.6166956018518519 0.0723148148148148 0.07129629629629619
1 0.3452488425925926 0.6732349537037037 0.07131944444444445 0.08217592592592596
1 0.3359375 0.5387731481481481 0.04979166666666668 0.05798611111111107
1 0.44188078703703704 0.566869212962963 0.041898148148148094 0.05613425925925917
1 0.646556712962963 0.48399884259259257 0.04009259259259253 0.05138888888888893
0 0.5805729166666667 0.4144965277777778 0.038854166666666676 0.05758101851851851
1 0.6016898148148148 0.4909143518518519 0.03672453703703695 0.0465856481481481
1 0.3801099537037037 0.47335069444444444 0.026620370370370416 0.032175925925925955
1 0.43256944444444445 0.43240740740740746 0.020127314814814844 0.027256944444444466
1 0.41217013888888887 0.4901331018518519 0.030150462962962976 0.04010416666666679
1 0.45357060185185183 0.44644097222222223 0.02333333333333325 0.02893518518518512
1 0.44786458333333334 0.4867766203703704 0.03163194444444439 0.03859953703703702
1 0.39592013888888894 0.44742476851851853 0.02160879629629626 0.02575231481481488
1 0.5239351851851852 0.43501157407407404 0.025057870370370237 0.03211805555555554
1 0.45724537037037044 0.4270833333333333 0.019965277777777856 0.024131944444444463
1 0.42736689814814816 0.4072627314814815 0.01667824074074069 0.02089120370370363
1 0.41248842592592594 0.556423611111111 0.027268518518518546 0.04467592592592595