1 0.18031250000000001 0.7116261574074074 0.10052083333333331 0.12283564814814821
1 0.3944965277777778 0.6085474537037037 0.07013888888888893 0.10545138888888879
1 0.6382638888888889 0.7164351851851852 0.09951388888888886 0.13524305555555555
1 0.8570138888888887 0.59828125 0.10593750000000028 0.10445601851851868
1 0.6716666666666666 0.5258912037037037 0.0625 0.07383101851851848
1 0.6739583333333334 0.43926504629629626 0.04760416666666671 0.05424768518518519
1 0.5619444444444445 0.47005787037037033 0.039722222222222214 0.05222222222222221
1 0.4031944444444444 0.4303761574074073 0.02972222222222225 0.03760416666666657
1 0.6164409722222223 0.38345486111111116 0.02972222222222225 0.03760416666666666
1 0.5654340277777778 0.3740104166666667 0.02475694444444443 0.031076388888888928
1 0.3633854166666667 0.43195601851851856 0.02645833333333334 0.03429398148148159
1 0.42359375000000005 0.3746238425925926 0.02149305555555543 0.027766203703703685
1 0.4573263888888889 0.33444444444444443 0.014965277777777786 0.021145833333333287
2 0.425 0.3254513888888889 0.02340277777777775 0.035671296296296263
1 0.5304340277777777 0.3901099537037037 0.02631944444444443 0.031168981481481416
1 0.5609201388888889 0.33531828703703703 0.01822916666666661 0.02445601851851853
1 0.5178645833333333 0.35734953703703703 0.023055555555555607 0.027858796296296263