1 0.657048611111111 0.8651215277777778 0.11972222222222229 0.16750000000000007
1 0.8294618055555555 0.6874826388888888 0.11586805555555557 0.11586805555555557
1 0.6550520833333333 0.6118055555555555 0.07086805555555564 0.085798611111111
1 0.6965277777777777 0.5382291666666668 0.0640625 0.07302083333333335
1 0.4963020833333333 0.46447916666666667 0.030000000000000072 0.04343749999999993
1 0.5492881944444445 0.3950694444444445 0.02482638888888893 0.0322916666666667
1 0.5758159722222222 0.4297569444444444 0.03128472222222225 0.037256944444444426
1 0.4777256944444444 0.3912326388888889 0.018229166666666786 0.024201388888888876
1 0.5163368055555555 0.39965277777777775 0.02149305555555543 0.027465277777777786
1 0.5212152777777778 0.48286458333333326 0.052465277777777784 0.09277777777777771
1 0.4061805555555555 0.40454861111111107 0.01836805555555543 0.027326388888888963
1 0.35479166666666667 0.4029340277777777 0.018229166666666696 0.024201388888888786
1 0.4648784722222222 0.3645138888888889 0.016666666666666784 0.024131944444444463
1 0.5365104166666667 0.4369618055555556 0.02652777777777775 0.03548611111111111
1 0.5022222222222222 0.38390625 0.01822916666666661 0.024201388888888963
1 0.40779513888888885 0.3857638888888889 0.016666666666666607 0.024131944444444463
1 0.4178472222222222 0.35256944444444444 0.013194444444444463 0.016180555555555552
1 0.3864930555555556 0.35630208333333335 0.014826388888888875 0.017812499999999964