1 0.6960648148148149 0.8846180555555556 0.12777777777777785 0.17005787037037018
1 0.935763888888889 0.9374016203703703 0.12847222222222215 0.04223379629629633
2 0.18000578703703704 0.7043344907407407 0.29010416666666666 0.49133101851851857
1 0.8998553240740741 0.7242592592592592 0.10306712962962976 0.10962962962962948
1 0.6403356481481481 0.5769444444444445 0.05746527777777786 0.08236111111111111
1 0.7679108796296296 0.6793402777777777 0.0856481481481481 0.10561342592592596
1 0.3630787037037037 0.7936574074074073 0.1315393518518519 0.19982638888888893
1 0.35347222222222224 0.5157465277777777 0.04612268518518521 0.055312499999999966
1 0.4769675925925926 0.5313020833333333 0.0465856481481481 0.061562500000000145
2 0.6454861111111111 0.43472800925925925 0.0630787037037038 0.09510416666666668
1 0.7005497685185185 0.4687326388888889 0.03269675925925917 0.042164351851851835
1 0.6160300925925926 0.5029166666666667 0.039409722222222145 0.04873842592592581
2 0.6290219907407407 0.3712731481481481 0.03541666666666661 0.05787037037037042
1 0.5076678240740741 0.42697337962962967 0.02575231481481488 0.03246527777777786
1 0.4150462962962963 0.45765625 0.031134259259259344 0.04208333333333343
1 0.48188657407407404 0.40713541666666664 0.020833333333333214 0.029097222222222285
1 0.5797453703703704 0.39421875 0.01892361111111107 0.024328703703703703
1 0.5178530092592593 0.3950752314814815 0.020601851851851906 0.025972222222222285
1 0.5932581018518519 0.4390046296296296 0.030902777777777855 0.03895833333333343
1 0.46600115740740744 0.39384259259259263 0.017245370370370237 0.022685185185185208