2 0.8816261574074075 0.5839699074074074 0.23674768518518513 0.38506944444444446
1 0.7124131944444445 0.6813831018518519 0.09160879629629619 0.11064814814814809
1 0.5882638888888889 0.4885416666666666 0.03844907407407412 0.048969907407407476
1 0.6261111111111111 0.464525462962963 0.039849537037036954 0.04586805555555564
1 0.7074652777777778 0.5407233796296296 0.06655092592592596 0.07905092592592596
1 0.7369849537037038 0.49181134259259257 0.05299768518518526 0.05855324074074062
1 0.611111111111111 0.40141782407407406 0.025057870370370237 0.031597222222222145
1 0.5794849537037037 0.4097048611111111 0.025057870370370418 0.031597222222222145
1 0.5579224537037037 0.43113425925925924 0.029988425925925988 0.036354166666666646
1 0.5574594907407407 0.3920486111111111 0.023171296296296263 0.025324074074074155
1 0.5469560185185186 0.41565972222222225 0.026458333333333427 0.02849537037037031
1 0.44439814814814815 0.428125 0.023495370370370416 0.03157407407407416
1 0.5182465277777778 0.3746469907407407 0.01667824074074069 0.02054398148148149
1 0.5781481481481482 0.3839236111111111 0.019965277777777856 0.02371527777777782