1 0.0421875 0.88671875 0.08359375 0.1484375
1 0.35703125 0.778125 0.0765625 0.1140625
1 0.22578125 0.62265625 0.0578125 0.07109375
1 0.31953125 0.61796875 0.05 0.06953125
1 0.6546875 0.58046875 0.04921875 0.06953125
1 0.725 0.57265625 0.05546875 0.07890625
1 0.35546875 0.53671875 0.0359375 0.04609375
1 0.39609375 0.46796875 0.0265625 0.0359375
1 0.5796875 0.50546875 0.02734375 0.04453125
1 0.4296875 0.52734375 0.03125 0.04609375
1 0.3578125 0.47109375 0.02734375 0.03359375
2 0.41875 0.38203125 0.03046875 0.05859375
1 0.621875 0.453125 0.02421875 0.03359375
1 0.7171875 0.88984375 0.1375 0.2203125
1 0.45 0.43515625 0.01875 0.0265625
1 0.5734375 0.39296875 0.0140625 0.01953125
1 0.3828125 0.43671875 0.01796875 0.0265625
1 0.58828125 0.415625 0.0171875 0.025
1 0.403125 0.41484375 0.01796875 0.0234375
1 0.46796875 0.39921875 0.0140625 0.02109375
1 0.5421875 0.37109375 0.01015625 0.0140625