2 0.275619212962963 0.7371527777777779 0.29853009259259256 0.4389467592592592
1 0.43592013888888886 0.8055555555555556 0.09399305555555557 0.12528935185185192
1 0.6329687500000001 0.613744212962963 0.05896990740740726 0.08026620370370381
2 0.42888310185185186 0.4359664351851852 0.04982638888888893 0.0955439814814815
1 0.3993923611111111 0.5535590277777778 0.04138888888888888 0.05306712962962958
1 0.4576504629629629 0.5330729166666667 0.0366087962962963 0.046643518518518515
1 0.3823726851851852 0.6169560185185186 0.038425925925925954 0.06388888888888893
1 0.7613541666666667 0.5833622685185185 0.07181712962962976 0.1041666666666666
1 0.3731481481481482 0.5213541666666667 0.0318518518518518 0.04178240740740744
1 0.4103877314814815 0.45245949074074077 0.017581018518518475 0.02719907407407405
1 0.5356828703703703 0.42430555555555555 0.019143518518518476 0.027256944444444466
1 0.35258680555555555 0.5565104166666667 0.03677083333333329 0.05758101851851851
1 0.47460648148148155 0.41267361111111106 0.015949074074073977 0.02245370370370381
1 0.4615856481481481 0.48246527777777776 0.02863425925925931 0.03541666666666661