1 0.8347800925925926 0.60625 0.11817129629629619 0.11875
1 0.25517939814814816 0.59453125 0.06793981481481479 0.0734375
1 0.6147280092592593 0.61328125 0.07546296296296298 0.090625
1 0.6572916666666667 0.534375 0.0685185185185185 0.08125
1 0.6629050925925926 0.45859375 0.047222222222222145 0.046875
1 0.3627604166666667 0.51328125 0.04646990740740744 0.0578125
1 0.5474826388888889 0.46640625 0.03605324074074083 0.04375
1 0.621267361111111 0.41953125 0.032349537037037024 0.0359375
1 0.5660879629629629 0.415625 0.029224537037037025 0.0359375
1 0.4447337962962963 0.36640625 0.017129629629629585 0.0203125
1 0.5381944444444444 0.3703125 0.02204861111111107 0.0234375
1 0.5263888888888889 0.42421875 0.029340277777777857 0.0375
1 0.5627025462962962 0.36640625 0.020486111111111073 0.0234375
1 0.4005208333333334 0.37265625 0.017129629629629762 0.0203125
1 0.5119212962962962 0.3875 0.024074074074074046 0.0296875
2 0.5330439814814815 0.334375 0.029918981481481487 0.0453125
1 0.5011863425925925 0.353125 0.01736111111111107 0.0234375
1 0.44652777777777775 0.3421875 0.013773148148148095 0.0171875