2 0.24036458333333335 0.5505787037037037 0.14239583333333333 0.1925462962962964
1 0.1315625 0.9065277777777776 0.12250000000000001 0.15166666666666656
1 0.3052604166666667 0.8883449074074073 0.10552083333333329 0.15453703703703708
1 0.6668749999999999 0.9079629629629629 0.11395833333333343 0.16402777777777758
1 0.26828124999999997 0.6820659722222222 0.0645833333333334 0.07900462962962962
1 0.3857291666666667 0.6295949074074074 0.04833333333333325 0.06939814814814813
1 0.6139583333333334 0.5427025462962962 0.04166666666666661 0.06305555555555564
1 0.34151041666666665 0.555324074074074 0.039583333333333394 0.055219907407407474
1 0.6523958333333333 0.5163773148148147 0.033958333333333354 0.04108796296296298
1 0.42515625 0.5064756944444444 0.028854166666666715 0.034768518518518476
1 0.5549479166666667 0.4210416666666667 0.013958333333333428 0.022060185185185332
1 0.388125 0.4414641203703704 0.02041666666666666 0.025277777777777642
1 0.40369791666666666 0.46542824074074074 0.022187500000000072 0.02842592592592581
1 0.42723958333333334 0.42839699074074067 0.018854166666666748 0.025254629629629478
1 0.4653645833333334 0.4184664351851852 0.01708333333333343 0.022106481481481487
1 0.4415104166666667 0.47189236111111105 0.024166666666666715 0.03469907407407398
2 0.446875 0.3914236111111111 0.021041666666666715 0.034652777777777824
1 0.5356770833333334 0.3940104166666667 0.013541666666666785 0.015810185185185156
2 0.5475 0.35715277777777776 0.014166666666666572 0.025185185185185154