1 0.775 0.63671875 0.06171875 0.0875
1 0.6015625 0.61640625 0.05390625 0.096875
2 0.1234375 0.81875 0.2453125 0.3625
2 0.57421875 0.37265625 0.0203125 0.04609375
1 0.325 0.59453125 0.05 0.06953125
1 0.440625 0.490625 0.0265625 0.0390625
1 0.4171875 0.559375 0.03515625 0.053125
2 0.30078125 0.51171875 0.0578125 0.0875
1 0.5828125 0.465625 0.025 0.0359375
1 0.3796875 0.509375 0.03359375 0.04296875
1 0.60546875 0.43046875 0.01875 0.025
1 0.35625 0.47421875 0.02890625 0.034375
1 0.4703125 0.39921875 0.01484375 0.02109375
1 0.4265625 0.42734375 0.0171875 0.0265625
1 0.45 0.44453125 0.0203125 0.03046875
1 0.3875 0.64453125 0.06328125 0.14140625
1 0.55 0.403125 0.0140625 0.021875
1 0.40078125 0.41796875 0.0171875 0.021875
1 0.44375 0.39921875 0.01328125 0.02109375
1 0.3796875 0.44140625 0.02109375 0.03046875
1 0.53125 0.37578125 0.01171875 0.01796875
1 0.39375 0.43671875 0.01875 0.02890625