1 0.24453125 0.73515625 0.0859375 0.10703125
1 0.38125 0.6765625 0.0625 0.1
1 0.6609375 0.56640625 0.0515625 0.09140625
1 0.33359375 0.49296875 0.0375 0.053125
1 0.41875 0.56171875 0.03671875 0.05703125
1 0.6890625 0.52421875 0.0453125 0.07109375
1 0.56875 0.53828125 0.03671875 0.05390625
1 0.3984375 0.47421875 0.0296875 0.04296875
1 0.5578125 0.48359375 0.02578125 0.0390625
1 0.6359375 0.471875 0.02421875 0.0375
1 0.6078125 0.43828125 0.021875 0.03203125
1 0.42890625 0.41796875 0.01875 0.028125
1 0.371875 0.44921875 0.02109375 0.03203125
1 0.4046875 0.41640625 0.01796875 0.025
1 0.4703125 0.39453125 0.01328125 0.01953125
1 0.44375 0.39921875 0.01328125 0.02109375
1 0.5578125 0.41484375 0.01484375 0.0234375
1 0.5328125 0.40703125 0.01484375 0.021875
1 0.4546875 0.45078125 0.01953125 0.03203125
1 0.4609375 0.41796875 0.01796875 0.025
2 0.4421875 0.36171875 0.0171875 0.040625
1 0.5265625 0.38828125 0.0125 0.01796875
1 0.5234375 0.36328125 0.01015625 0.01796875