1 0.2359375 0.7515625 0.08984375 0.1109375
2 0.3421875 0.540625 0.06875 0.128125
1 0.3671875 0.684375 0.0609375 0.090625
1 0.2390625 0.603125 0.05625 0.0640625
1 0.28984375 0.95859375 0.1046875 0.0828125
2 0.41875 0.40546875 0.03671875 0.08046875
1 0.5875 0.5890625 0.04453125 0.071875
1 0.6546875 0.48515625 0.03359375 0.0484375
1 0.4421875 0.47734375 0.02734375 0.040625
1 0.3796875 0.50546875 0.02265625 0.04453125
1 0.39765625 0.46796875 0.028125 0.0390625
1 0.3703125 0.45546875 0.021875 0.03359375
1 0.57734375 0.44453125 0.0203125 0.03046875
2 0.4671875 0.39296875 0.0203125 0.03359375
1 0.56328125 0.421875 0.0171875 0.0265625
1 0.45625 0.428125 0.01953125 0.0265625
1 0.5828125 0.40703125 0.01328125 0.01953125
1 0.3890625 0.42890625 0.02109375 0.03046875
1 0.5203125 0.36484375 0.009375 0.015625
1 0.4828125 0.365625 0.0125 0.01953125