2 0.08874421296296295 0.696875 0.1774884259259259 0.5
1 0.6563078703703704 0.7638194444444444 0.11174768518518512 0.13975694444444464
1 0.07076099537037037 0.8059027777777779 0.14152199074074073 0.189201388888889
1 0.5385706018518519 0.6159027777777778 0.06730324074074083 0.0872916666666665
1 0.51875 0.4938888888888888 0.036400462962962975 0.04916666666666671
1 0.31319444444444444 0.44697916666666665 0.03402777777777786 0.03819444444444446
1 0.6261284722222222 0.5289409722222222 0.04467592592592595 0.05559027777777779
1 0.3437789351851852 0.57109375 0.06655092592592596 0.09819444444444443
1 0.33848379629629627 0.4846354166666666 0.0375 0.04295138888888879
1 0.39921875 0.4965451388888889 0.04108796296296298 0.049270833333333285
1 0.5859375 0.45027777777777783 0.03269675925925917 0.041284722222222216
1 0.3769386574074074 0.4393229166666667 0.032465277777777767 0.03815972222222221
1 0.42853009259259256 0.42725694444444445 0.02754629629629619 0.034930555555555645
1 0.3941550925925926 0.38590277777777776 0.02048611111111116 0.02385416666666664
2 0.4345486111111111 0.3670659722222222 0.035416666666666784 0.056944444444444464
1 0.5518229166666666 0.45805555555555555 0.029340277777777857 0.038090277777777716
1 0.4458912037037037 0.40347222222222223 0.02228009259259256 0.027013888888888893
1 0.45850694444444445 0.38057291666666665 0.02025462962962976 0.020729166666666642
1 0.5632233796296295 0.4094444444444445 0.020486111111111073 0.02385416666666664
1 0.5313368055555555 0.3766145833333333 0.017129629629629585 0.020659722222222232
2 0.5328125 0.34616319444444443 0.022974537037037022 0.036388888888888894
1 0.5122974537037036 0.35987847222222225 0.012210648148148096 0.01743055555555557