1 0.10625 0.96171875 0.13125 0.0765625
1 0.37890625 0.71328125 0.0671875 0.10703125
1 0.2953125 0.975 0.10859375 0.05
1 0.3171875 0.61796875 0.05390625 0.06953125
2 0.2828125 0.50234375 0.11796875 0.17109375
1 0.3890625 0.48984375 0.02890625 0.0375
1 0.5859375 0.44921875 0.02109375 0.03203125
1 0.4453125 0.43359375 0.01953125 0.028125
1 0.55859375 0.40546875 0.015625 0.021875
1 0.41796875 0.44140625 0.0203125 0.03046875
1 0.44375 0.46171875 0.02578125 0.04296875
2 0.5796875 0.38671875 0.02734375 0.059375
2 0.47421875 0.38046875 0.0171875 0.03046875
2 0.46796875 0.34140625 0.0171875 0.028125
2 0.3640625 0.52265625 0.04453125 0.06796875
1 0.465625 0.40234375 0.0171875 0.0234375
1 0.45 0.390625 0.0125 0.021875