1 0.04561631944444444 0.8875752314814814 0.09123263888888888 0.15769675925925916
1 0.8286805555555556 0.8056018518518518 0.15357638888888872 0.19024305555555543
1 0.33499999999999996 0.7484490740740741 0.08645833333333339 0.11959490740740755
1 0.25328125 0.6736284722222222 0.07958333333333334 0.10534722222222222
1 0.7277083333333334 0.5846701388888889 0.06902777777777765 0.07850694444444457
1 0.53171875 0.5179166666666667 0.041770833333333354 0.062094907407407265
1 0.205 0.6188831018518519 0.06576388888888891 0.0752893518518519
1 0.30015625 0.5669097222222221 0.04802083333333336 0.062280092592592595
2 0.3511111111111111 0.4561689814814815 0.05034722222222223 0.07951388888888893
1 0.6063715277777778 0.453287037037037 0.03631944444444439 0.04476851851851862
1 0.37815972222222227 0.5497743055555555 0.054895833333333324 0.07652777777777775
1 0.3903819444444444 0.48543402777777783 0.03298611111111107 0.039988425925925955
2 0.3714236111111111 0.3853472222222222 0.04381944444444441 0.07307870370370377
1 0.5097395833333334 0.38046875 0.01836805555555543 0.02707175925925922
1 0.4795486111111112 0.3751215277777778 0.018229166666666786 0.02394675925925931
1 0.415625 0.4090046296296297 0.021493055555555605 0.027164351851851974
1 0.32210069444444445 0.45936921296296296 0.02673611111111107 0.0398032407407408
1 0.42699652777777775 0.3813599537037037 0.014965277777777786 0.020729166666666642
2 0.3918923611111111 0.3987847222222222 0.023333333333333338 0.03346064814814813
1 0.4028125 0.45151620370370366 0.02659722222222225 0.03667824074074062
1 0.37364583333333334 0.4406770833333333 0.023333333333333338 0.03346064814814831
2 0.39015625000000004 0.3676273148148148 0.0318402777777778 0.04931712962962962