1 0.328125 0.871875 0.10390625 0.16796875
2 0.23046875 0.690625 0.1953125 0.325
1 0.659375 0.59453125 0.05 0.06953125
1 0.39921875 0.471875 0.0265625 0.0359375
1 0.64453125 0.47890625 0.0296875 0.0390625
1 0.5703125 0.44296875 0.021875 0.03046875
1 0.3671875 0.52890625 0.0375 0.053125
1 0.3703125 0.45390625 0.025 0.03046875
1 0.39453125 0.42421875 0.0203125 0.02109375
1 0.4578125 0.42109375 0.01796875 0.025
2 0.5875 0.39140625 0.02578125 0.05859375
1 0.45 0.45703125 0.01953125 0.03046875
1 0.475 0.38828125 0.01328125 0.01796875
1 0.4375 0.415625 0.01796875 0.025
2 0.33046875 0.47890625 0.0421875 0.06953125
1 0.415625 0.55390625 0.046875 0.096875
1 0.55390625 0.39296875 0.0140625 0.01953125
1 0.53125 0.384375 0.0125 0.01796875
1 0.40859375 0.41171875 0.0171875 0.0234375