1 0.184375 0.84140625 0.128125 0.153125
1 0.1359375 0.71796875 0.0875 0.096875
1 0.8796875 0.74296875 0.1203125 0.1890625
1 0.425 0.534375 0.0359375 0.0515625
1 0.36875 0.45078125 0.02421875 0.03203125
1 0.6296875 0.46484375 0.02421875 0.034375
1 0.5421875 0.43046875 0.02109375 0.03359375
1 0.353125 0.53046875 0.04765625 0.06640625
1 0.55859375 0.403125 0.015625 0.025
1 0.4671875 0.41171875 0.015625 0.0234375
1 0.39609375 0.61640625 0.0578125 0.103125
1 0.43984375 0.409375 0.0140625 0.0234375
1 0.55625 0.371875 0.0125 0.01796875
1 0.478125 0.38203125 0.0125 0.01953125
1 0.5234375 0.36171875 0.01015625 0.01796875
1 0.4234375 0.38671875 0.01328125 0.01796875