2 0.8544965277777777 0.7544328703703704 0.2910069444444446 0.4208101851851852
1 0.3774189814814815 0.6768287037037037 0.09026620370370368 0.1480439814814815
1 0.6055381944444445 0.5138136574074074 0.04197916666666668 0.05827546296296297
1 0.33377893518518514 0.48482060185185183 0.05003472222222225 0.06336805555555554
1 0.6802199074074073 0.44335648148148155 0.03171296296296298 0.04060185185185183
1 0.6413078703703704 0.4633912037037037 0.038530092592592526 0.051863425925925986
1 0.6877083333333334 0.5424537037037037 0.05019675925925924 0.06649305555555571
1 0.478888888888889 0.3676273148148148 0.016840277777777857 0.02424768518518521
1 0.644693287037037 0.39271412037037035 0.021527777777777857 0.02449074074074069
2 0.6561516203703703 0.6741261574074074 0.11276620370370374 0.1912847222222222
1 0.5756597222222222 0.3908101851851852 0.023252314814814844 0.027696759259259275
1 0.561875 0.3515740740740741 0.015196759259259274 0.022604166666666713
1 0.5073206018518519 0.34186921296296297 0.01511574074074069 0.021041666666666715
1 0.5917939814814815 0.36960648148148145 0.01667824074074069 0.02112268518518512
2 0.6103125 0.3490625 0.023900462962962978 0.04019675925925927
1 0.5180266203703704 0.3217303240740741 0.011909722222222285 0.019317129629629635