1 0.94140625 0.86171875 0.115625 0.16796875
1 0.3734375 0.7015625 0.06484375 0.1109375
1 0.2984375 0.53671875 0.04453125 0.05390625
1 0.32421875 0.60390625 0.0515625 0.06640625
1 0.353125 0.47421875 0.02734375 0.034375
1 0.4375 0.51640625 0.03046875 0.04453125
1 0.3875 0.49453125 0.03125 0.05
1 0.54296875 0.44609375 0.0203125 0.03359375
1 0.403125 0.46328125 0.02421875 0.03203125
1 0.409375 0.41171875 0.01796875 0.02890625
1 0.4734375 0.38984375 0.01328125 0.02109375
1 0.59375 0.45546875 0.03125 0.0609375
1 0.4484375 0.45546875 0.028125 0.04453125
1 0.46015625 0.421875 0.01875 0.0265625
2 0.42890625 0.40703125 0.025 0.05
1 0.5625 0.378125 0.01171875 0.0140625
1 0.534375 0.409375 0.0171875 0.0234375