1 0.16914351851851853 0.8204224537037037 0.11615740740740739 0.12927083333333336
1 0.2831886574074074 0.7887673611111111 0.10825231481481482 0.12574074074074063
2 0.26368634259259255 0.551863425925926 0.1492592592592592 0.1933912037037036
1 0.340306712962963 0.59859375 0.06311342592592588 0.07659722222222207
1 0.700144675925926 0.45902777777777776 0.05502314814814824 0.06681712962962968
1 0.7538541666666667 0.6208333333333333 0.06261574074074083 0.11245370370370367
1 0.42340277777777774 0.5584027777777778 0.05364583333333339 0.07298611111111111
1 0.3828414351851852 0.47938078703703707 0.03718749999999993 0.04405092592592581
1 0.5436458333333334 0.4492013888888889 0.03893518518518526 0.050381944444444396
1 0.43160300925925926 0.46593171296296293 0.0355787037037036 0.04240740740740741
1 0.5110069444444445 0.39239004629629626 0.026018518518518618 0.035671296296296263
2 0.36224537037037036 0.4110243055555555 0.05861111111111104 0.08260416666666667
1 0.5325405092592593 0.3764525462962963 0.02587962962962962 0.030983796296296263
1 0.437505787037037 0.3720196759259259 0.017835648148148132 0.0227662037037037
1 0.4295659722222222 0.42937499999999995 0.029189814814814773 0.03739583333333343
1 0.49835069444444446 0.3719849537037037 0.01792824074074062 0.0258912037037037
1 0.5526504629629629 0.3559085648148148 0.01792824074074062 0.0258912037037037
1 0.5347974537037038 0.35293402777777777 0.01792824074074062 0.0258912037037037
1 0.5159606481481481 0.3305092592592592 0.016180555555555642 0.019560185185185208
1 0.39578703703703705 0.4373668981481481 0.02748842592592595 0.032627314814814845