1 0.09644675925925926 0.8663888888888888 0.10225694444444444 0.16545138888888894
2 0.7925694444444444 0.5761516203703704 0.176863425925926 0.24930555555555553
1 0.724826388888889 0.6547743055555555 0.0655555555555555 0.08996527777777778
1 0.31460648148148146 0.572193287037037 0.04979166666666668 0.056944444444444464
1 0.3479918981481481 0.628894675925926 0.06162037037037038 0.07429398148148145
1 0.14701388888888892 0.9822627314814815 0.1315509259259259 0.03547453703703703
1 0.4570428240740741 0.5188773148148148 0.030312499999999964 0.042604166666666644
1 0.5586747685185186 0.43138888888888893 0.020046296296296263 0.025277777777777823
1 0.3403877314814815 0.9915914351851851 0.10730324074074069 0.01681712962962969
1 0.6169039351851853 0.42522569444444447 0.020289351851851833 0.02996527777777782
1 0.4888599537037037 0.4248900462962963 0.018321759259259274 0.022129629629629655
1 0.4373148148148148 0.45457175925925924 0.02349537037037024 0.03157407407407416
1 0.585775462962963 0.42710648148148145 0.020046296296296263 0.025277777777777823
1 0.42347800925925927 0.42860532407407403 0.019884259259259275 0.022152777777777643
1 0.4639525462962963 0.41125 0.015196759259259274 0.022083333333333323
1 0.4792476851851852 0.4653414351851852 0.023657407407407405 0.03469907407407398
1 0.4961168981481482 0.3992361111111111 0.013472222222222285 0.018935185185185156
1 0.5955381944444444 0.40461226851851856 0.013472222222222285 0.018935185185185156
1 0.444675925925926 0.40081597222222226 0.013472222222222285 0.018935185185185156