1 0.06015625 0.81796875 0.11875 0.125
1 0.35 0.76640625 0.0734375 0.1109375
1 0.65703125 0.60078125 0.0546875 0.0765625
1 0.72265625 0.57890625 0.0546875 0.06640625
1 0.2 0.65078125 0.0625 0.07890625
1 0.421875 0.55703125 0.03828125 0.05546875
1 0.271875 0.565625 0.05390625 0.05546875
1 0.3546875 0.540625 0.040625 0.0515625
1 0.4421875 0.49140625 0.02890625 0.0390625
1 0.35078125 0.48046875 0.03125 0.0359375
1 0.6140625 0.44140625 0.02109375 0.03046875
1 0.38125 0.43828125 0.02421875 0.02890625
1 0.46953125 0.39921875 0.0140625 0.01796875
1 0.45 0.446875 0.02109375 0.02890625
0 0.4234375 0.39921875 0.03828125 0.08203125
1 0.5640625 0.40703125 0.01953125 0.0359375