2 0.2015625 0.58828125 0.11015625 0.2015625
1 0.3703125 0.75546875 0.0671875 0.1109375
2 0.9265625 0.79296875 0.1453125 0.33359375
1 0.08515625 0.95 0.1640625 0.1
1 0.4078125 0.58203125 0.04453125 0.06953125
1 0.3140625 0.615625 0.05390625 0.075
1 0.67265625 0.51171875 0.0328125 0.0484375
1 0.3265625 0.49921875 0.03359375 0.0484375
1 0.375 0.50078125 0.03515625 0.04296875
1 0.4234375 0.434375 0.01875 0.025
1 0.6046875 0.43203125 0.02265625 0.03359375
1 0.434375 0.50859375 0.02890625 0.04140625
1 0.45 0.46640625 0.02421875 0.03359375
1 0.565625 0.42421875 0.01953125 0.02890625
1 0.390625 0.42734375 0.01953125 0.0265625
1 0.5296875 0.390625 0.01328125 0.01953125
1 0.5875 0.409375 0.01875 0.02890625
1 0.5671875 0.384375 0.0125 0.01796875
1 0.46875 0.403125 0.01484375 0.021875
1 0.41875 0.39765625 0.01484375 0.02109375
1 0.43828125 0.40859375 0.0171875 0.025