2 0.1375 0.76875 0.275 0.4625
1 0.36875 0.73046875 0.06328125 0.096875
1 0.29375 0.66015625 0.0546875 0.08203125
1 0.89453125 0.93515625 0.1234375 0.12890625
1 0.7796875 0.64609375 0.06953125 0.096875
1 0.3546875 0.54296875 0.03828125 0.053125
1 0.4296875 0.515625 0.03125 0.04453125
1 0.3640625 0.459375 0.0234375 0.03203125
2 0.39765625 0.39921875 0.0359375 0.06796875
1 0.4296875 0.42109375 0.01953125 0.025
1 0.41171875 0.45546875 0.0203125 0.028125
1 0.46328125 0.41640625 0.0171875 0.025
2 0.4375 0.365625 0.02578125 0.0515625
1 0.475 0.39140625 0.0125 0.01953125
1 0.44453125 0.39765625 0.0140625 0.01796875
1 0.55703125 0.37421875 0.0109375 0.015625
1 0.525 0.3703125 0.01171875 0.015625