1 0.5725289351851852 0.7864814814814813 0.09736111111111115 0.12326388888888892
1 0.5563715277777778 0.5938368055555555 0.061736111111111214 0.08056712962962961
2 0.8887094907407407 0.8684780092592593 0.08980324074074061 0.23716435185185175
1 0.400619212962963 0.5266435185185185 0.048865740740740723 0.06788194444444447
1 0.6136863425925926 0.5570659722222222 0.050150462962962904 0.05853009259259245
1 0.540769675925926 0.4878645833333334 0.03249999999999993 0.04265046296296297
1 0.6522974537037036 0.5190104166666666 0.04366898148148159 0.05062500000000014
1 0.4478356481481482 0.43535879629629626 0.029189814814814953 0.036354166666666646
2 0.571394675925926 0.4030729166666667 0.03604166666666657 0.05675925925925931
1 0.6202777777777777 0.46638310185185183 0.032361111111111104 0.037962962962962976
1 0.4325925925925926 0.36998842592592596 0.0177893518518518 0.020567129629629654
1 0.46532986111111113 0.39839699074074075 0.02436342592592595 0.031597222222222235
2 0.5879456018518519 0.4770138888888889 0.039120370370370416 0.05524305555555564
2 0.3014236111111111 0.527332175925926 0.0916666666666666 0.14192129629629627
1 0.5898668981481482 0.41217013888888887 0.019444444444444466 0.02371527777777782
1 0.5421585648148148 0.4409895833333334 0.02923611111111111 0.03791666666666664
1 0.5353703703703704 0.38017939814814816 0.017881944444444464 0.023692129629629653