1 0.5588541666666667 0.7014872685185185 0.10179398148148149 0.13424768518518526
1 0.724392361111111 0.6592129629629631 0.07476851851851851 0.07918981481481495
1 0.6350983796296296 0.6035358796296297 0.07037037037037024 0.08693287037037045
1 0.5652199074074075 0.5296122685185185 0.04560185185185191 0.05064814814814813
1 0.6681134259259259 0.5343344907407407 0.04565972222222214 0.05221064814814813
1 0.5684895833333333 0.4413310185185185 0.03101851851851851 0.03637731481481481
2 0.616724537037037 0.425 0.04103009259259256 0.05370370370370363
2 0.3194444444444445 0.4192534722222222 0.1315393518518519 0.1784143518518519
1 0.5982060185185185 0.46119212962962963 0.029340277777777857 0.03322916666666664
1 0.5593171296296295 0.41491898148148143 0.026099537037037025 0.03005787037037031
1 0.5841435185185185 0.39815393518518516 0.018113425925925953 0.025254629629629655
1 0.4600983796296296 0.35314236111111114 0.019560185185185118 0.02215277777777782
1 0.5570601851851852 0.3915277777777778 0.021238425925925952 0.025300925925925987
1 0.5519965277777777 0.3595891203703704 0.016319444444444463 0.018981481481481488