1 0.2781944444444444 0.6809375 0.11052083333333336 0.1382291666666667
1 0.578298611111111 0.5884895833333333 0.07958333333333342 0.10812500000000007
1 0.29170138888888886 0.4471354166666666 0.059097222222222176 0.06781250000000014
1 0.6906944444444445 0.5132291666666667 0.052777777777777854 0.0658333333333335
1 0.3178125 0.4905729166666667 0.06427083333333332 0.07906249999999986
1 0.6360243055555556 0.4989583333333334 0.06447916666666664 0.08374999999999985
1 0.4354166666666666 0.4383333333333333 0.04298611111111121 0.05583333333333336
1 0.5690798611111111 0.3928125 0.03454861111111107 0.04125000000000005
1 0.39741319444444445 0.36453125000000003 0.03611111111111107 0.04135416666666671
1 0.48701388888888886 0.36401041666666667 0.026388888888888927 0.032916666666666664
1 0.6490798611111112 0.41552083333333334 0.029583333333333427 0.03468750000000007
1 0.45479166666666665 0.35291666666666666 0.02631944444444443 0.03135416666666666
1 0.5047395833333334 0.33322916666666663 0.02142361111111111 0.02635416666666668
1 0.4296875 0.39197916666666666 0.03781250000000007 0.04458333333333329
1 0.4378298611111111 0.3314583333333333 0.02631944444444443 0.03135416666666666
1 0.12434027777777779 0.9178645833333332 0.11899305555555557 0.0484375
1 0.47039930555555554 0.33473958333333337 0.02156249999999993 0.029479166666666678
2 0.6205208333333333 0.33953125 0.03142361111111107 0.04104166666666664
1 0.5326215277777777 0.3017708333333333 0.018159722222222285 0.02302083333333336