2 0.7242997685185186 0.5074884259259259 0.23901620370370366 0.3172569444444445
1 0.4253645833333334 0.6286574074074075 0.08148148148148149 0.10993055555555564
1 0.6683912037037036 0.6577893518518518 0.09223379629629633 0.10688657407407405
1 0.931886574074074 0.6238194444444444 0.11935185185185197 0.11645833333333329
1 0.4421875 0.5303877314814814 0.050393518518518476 0.05972222222222214
1 0.5708912037037037 0.4883912037037037 0.043773148148148165 0.05342592592592599
1 0.37864583333333335 0.5650578703703705 0.05057870370370372 0.06284722222222214
1 0.5377777777777778 0.4303587962962963 0.03200231481481488 0.039282407407407405
1 0.5798263888888888 0.42832754629629627 0.030069444444444572 0.03302083333333332
1 0.5429976851851851 0.38666666666666666 0.025104166666666573 0.02829861111111116
1 0.588130787037037 0.3971527777777778 0.02675925925925924 0.029872685185185155
1 0.5124884259259259 0.3989351851851852 0.02666666666666657 0.028310185185185154
1 0.36863425925925924 0.4751793981481482 0.04368055555555559 0.05186342592592581
1 0.4922106481481482 0.37301504629629634 0.018483796296296262 0.02200231481481474
2 0.5160937499999999 0.3411747685185185 0.030717592592592526 0.04395833333333332
1 0.4812210648148148 0.35887731481481483 0.018576388888888927 0.023564814814814827