1 0.06875 0.82421875 0.11875 0.1265625
1 0.3046875 0.9203125 0.10625 0.159375
1 0.2890625 0.67734375 0.06796875 0.090625
2 0.3015625 0.484375 0.1046875 0.16796875
2 0.67890625 0.48671875 0.0953125 0.15703125
1 0.4078125 0.45703125 0.02578125 0.03046875
1 0.4453125 0.47265625 0.0265625 0.0375
1 0.38125 0.50390625 0.03359375 0.04453125
1 0.5546875 0.42421875 0.01796875 0.0265625
2 0.47265625 0.38046875 0.0171875 0.03046875
1 0.5328125 0.41015625 0.01640625 0.02109375
1 0.46171875 0.41484375 0.0171875 0.0234375
1 0.5515625 0.39296875 0.0140625 0.01953125
1 0.5265625 0.38203125 0.01328125 0.01953125
1 0.4375 0.40546875 0.01796875 0.025
0 0.42734375 0.3828125 0.0203125 0.034375
0 0.59140625 0.40078125 0.028125 0.05703125
1 0.5671875 0.37734375 0.01171875 0.015625