1 0.67734375 0.84140625 0.09375 0.16953125
1 0.9546875 0.84921875 0.08984375 0.15390625
1 0.2390625 0.72890625 0.08125 0.1
1 0.1703125 0.690625 0.08125 0.09453125
1 0.38046875 0.65859375 0.0546875 0.071875
1 0.34921875 0.55390625 0.0453125 0.05859375
1 0.30625 0.5328125 0.04453125 0.065625
1 0.396875 0.47421875 0.02578125 0.034375
1 0.6390625 0.478125 0.0265625 0.0390625
1 0.3515625 0.47578125 0.028125 0.0375
1 0.4515625 0.440625 0.0203125 0.028125
2 0.40859375 0.39140625 0.0328125 0.05
1 0.4640625 0.40546875 0.015625 0.021875
1 0.3796875 0.43671875 0.02265625 0.02890625
1 0.4515625 0.38671875 0.01171875 0.01796875
1 0.4828125 0.36953125 0.01171875 0.01640625
1 0.478125 0.378125 0.01171875 0.01953125