1 0.1984375 0.65234375 0.07578125 0.0875
2 0.325 0.46953125 0.0796875 0.11953125
1 0.403125 0.603125 0.04453125 0.06953125
1 0.7015625 0.64921875 0.06328125 0.0875
1 0.6 0.46953125 0.025 0.04140625
1 0.44921875 0.46171875 0.0234375 0.034375
1 0.01015625 0.94296875 0.0203125 0.08046875
1 0.625 0.45703125 0.0234375 0.0359375
1 0.434375 0.41484375 0.0171875 0.0234375
1 0.4109375 0.45078125 0.02265625 0.03203125
1 0.4640625 0.41484375 0.0171875 0.0234375
1 0.56015625 0.4078125 0.0140625 0.0234375
1 0.52578125 0.37265625 0.0109375 0.01796875
1 0.43125 0.38671875 0.0125 0.02109375
1 0.47265625 0.39296875 0.0140625 0.01953125