1 0.9386284722222221 0.8966840277777777 0.12274305555555572 0.1401967592592591
2 0.7897569444444444 0.5096180555555556 0.19519675925925917 0.25137731481481485
1 0.6897858796296296 0.5518344907407406 0.05399305555555571 0.06600694444444458
1 0.5962384259259259 0.5144328703703703 0.04079861111111107 0.0471643518518519
1 0.6364872685185186 0.48348958333333336 0.03744212962962958 0.040891203703703735
2 0.3908564814814815 0.45199074074074075 0.06637731481481488 0.10515046296296297
1 0.5864293981481481 0.4182928240740741 0.02285879629629619 0.026724537037036988
2 0.541695601851852 0.39140625 0.023148148148148095 0.03453703703703699
1 0.5603877314814815 0.43215856481481485 0.024537037037037024 0.02986111111111107
1 0.48107638888888893 0.3995486111111111 0.019618055555555715 0.02357638888888882
1 0.4370081018518519 0.41171875 0.019618055555555715 0.02357638888888882
1 0.5701678240740741 0.37990162037037034 0.014814814814814881 0.02041666666666666
2 0.59140625 0.3839641203703704 0.024768518518518513 0.03611111111111107
1 0.48269675925925926 0.38003472222222223 0.013194444444444463 0.018842592592592577