1 0.3140625 0.89140625 0.09375 0.153125
2 0.078125 0.76640625 0.15546875 0.28046875
1 0.5796875 0.54921875 0.0375 0.05703125
1 0.275 0.55703125 0.05625 0.05859375
1 0.3140625 0.61640625 0.053125 0.06953125
1 0.33203125 0.4890625 0.0375 0.046875
1 0.42734375 0.528125 0.0296875 0.046875
1 0.6390625 0.47265625 0.03046875 0.04296875
0 0.5890625 0.4 0.02734375 0.05
1 0.5953125 0.47421875 0.02734375 0.040625
1 0.3875 0.4328125 0.01953125 0.0265625
1 0.4453125 0.39921875 0.0140625 0.0234375
1 0.4140625 0.45234375 0.02265625 0.034375
1 0.4625 0.415625 0.0171875 0.025
1 0.4484375 0.453125 0.02421875 0.03359375
1 0.4078125 0.41015625 0.01640625 0.02109375
1 0.53203125 0.41328125 0.0171875 0.0265625
1 0.4703125 0.39765625 0.0140625 0.02109375
1 0.4453125 0.37578125 0.01171875 0.01796875
1 0.4015625 0.5140625 0.01796875 0.0390625