2 0.8461921296296296 0.5617881944444444 0.26499999999999985 0.3905902777777778
1 0.9149189814814814 0.8447916666666668 0.08201388888888879 0.07847222222222214
1 0.5601331018518518 0.4716145833333333 0.03844907407407412 0.05003472222222225
1 0.5841145833333334 0.5352430555555555 0.060138888888888783 0.07750000000000004
1 0.6638831018518518 0.5301388888888889 0.06442129629629641 0.06989583333333335
1 0.6049074074074074 0.4649479166666667 0.03844907407407412 0.05003472222222225
2 0.4032754629629629 0.38505208333333335 0.03087962962962969 0.05437499999999993
1 0.571875 0.3954861111111111 0.02489583333333343 0.029166666666666695
1 0.5258043981481482 0.4271527777777777 0.025057870370370237 0.03229166666666679
2 0.5095775462962963 0.3943576388888889 0.026782407407407404 0.03548611111111111
2 0.6654166666666667 0.4404340277777778 0.06358796296296294 0.08388888888888886
2 0.5451504629629629 0.39979166666666666 0.026782407407407404 0.03548611111111111
2 0.7521122685185185 0.6174131944444444 0.12545138888888907 0.1645833333333334
2 0.4872106481481481 0.3446875 0.02694444444444457 0.03861111111111111