2 0.171875 0.6770833333333333 0.34375 0.6010416666666666
1 0.37109375 0.6286458333333333 0.0609375 0.08999999999999986
1 0.43984375 0.46604166666666663 0.034375 0.04604166666666672
1 0.36796875 0.48 0.0359375 0.05239583333333329
1 0.44375 0.38895833333333335 0.021875 0.028020833333333252
1 0.42265625 0.4141145833333333 0.021875 0.02802083333333343
2 0.41328125 0.3595833333333333 0.0375 0.07125000000000004
1 0.3796875 0.40812499999999996 0.025 0.03135416666666675
1 0.5890625 0.38536458333333334 0.0140625 0.022812500000000034
1 0.546875 0.3723958333333333 0.0140625 0.024375000000000036
2 0.4546875 0.33812499999999995 0.0328125 0.05843749999999996
1 0.478125 0.38890625 0.01875 0.027812500000000018
1 0.4953125 0.36114583333333333 0.0171875 0.026145833333333358