1 0.6311863425925927 0.7849131944444444 0.11033564814814803 0.14364583333333342
1 0.11388888888888889 0.9302777777777778 0.17835648148148148 0.13263888888888892
1 0.7507523148148149 0.7188020833333333 0.12660879629629634 0.1568402777777777
1 0.7648321759259259 0.5825520833333334 0.09392361111111107 0.09770833333333329
1 0.25947916666666665 0.5426562500000001 0.05512731481481481 0.07104166666666671
1 0.6342997685185185 0.4542881944444444 0.05512731481481481 0.07104166666666671
1 0.5091087962962962 0.47855902777777787 0.040011574074074116 0.050104166666666575
1 0.582332175925926 0.4643923611111111 0.04009259259259253 0.05166666666666657
1 0.5443113425925926 0.43100694444444443 0.03335648148148138 0.04201388888888893
1 0.34953124999999996 0.5947743055555555 0.07302083333333335 0.115486111111111
1 0.48515625 0.3993402777777778 0.028344907407407405 0.035555555555555604
1 0.566244212962963 0.3988541666666666 0.028263888888888998 0.03399305555555561
1 0.5062384259259259 0.38359375 0.025057870370370418 0.0322916666666667
1 0.35082175925925924 0.40453124999999995 0.01996527777777777 0.024270833333333287
1 0.5354513888888889 0.4064583333333333 0.026701388888889 0.033923611111111106
1 0.5028877314814815 0.35802083333333334 0.020046296296296263 0.025833333333333285
1 0.45007523148148143 0.3393229166666667 0.014953703703703702 0.017812499999999964
1 0.4107175925925926 0.33171875 0.013391203703703702 0.017743055555555554
1 0.5134490740740741 0.34975694444444444 0.01824074074074069 0.021076388888888964