1 0.25862268518518516 0.8812847222222221 0.1367476851851852 0.15621527777777758
1 0.36886574074074074 0.9558622685185185 0.15243055555555554 0.08827546296296304
2 0.3255208333333333 0.4914178240740741 0.09056712962962958 0.13009259259259257
1 0.68984375 0.6539409722222222 0.08969907407407404 0.10665509259259273
1 0.5801215277777778 0.6145543981481482 0.0671875 0.0881712962962963
1 0.7612268518518518 0.6080613425925926 0.08165509259259256 0.09994212962962959
1 0.40792824074074074 0.5918229166666666 0.047511574074074046 0.06206018518518519
1 0.27271412037037035 0.6487962962962963 0.061863425925925954 0.07070601851851847
1 0.36357060185185186 0.5633564814814814 0.04409722222222223 0.05406249999999986
1 0.42511574074074077 0.46600115740740744 0.02604166666666661 0.029606481481481595
1 0.5081597222222222 0.4646585648148148 0.026215277777777858 0.03429398148148159
1 0.3953414351851852 0.4665856481481482 0.02604166666666661 0.029606481481481595
1 0.5557002314814815 0.47060763888888885 0.03125 0.04394675925925924
1 0.426244212962963 0.43553240740740745 0.01799768518518512 0.02289351851851862
1 0.510445601851852 0.42407986111111107 0.019560185185185118 0.022986111111111106
1 0.540162037037037 0.4250578703703704 0.02268518518518512 0.023171296296296263
2 0.42803819444444446 0.40823495370370366 0.024710648148148096 0.03576388888888893
1 0.40448495370370374 0.43111111111111117 0.01799768518518512 0.02289351851851862
1 0.4776331018518518 0.40099537037037036 0.014756944444444465 0.019583333333333286
1 0.38515625 0.48790509259259257 0.03258101851851851 0.03778935185185191
2 0.6411458333333334 0.4889814814814815 0.09519675925925916 0.1288078703703704