1 0.3640625 0.77578125 0.0796875 0.12109375
1 0.2390625 0.76171875 0.08984375 0.10390625
2 0.034375 0.79453125 0.06875 0.2859375
1 0.4078125 0.59921875 0.04609375 0.06796875
1 0.63984375 0.54453125 0.040625 0.05546875
2 0.31796875 0.471875 0.0890625 0.1359375
1 0.3546875 0.54921875 0.03828125 0.05390625
1 0.58125 0.44296875 0.02109375 0.03046875
2 0.59921875 0.40390625 0.0359375 0.075
1 0.425 0.42421875 0.01875 0.02890625
1 0.403125 0.47421875 0.02421875 0.04609375
1 0.453125 0.440625 0.02109375 0.03046875
1 0.525 0.38046875 0.01171875 0.01640625
1 0.56953125 0.38671875 0.0109375 0.01796875
1 0.4734375 0.39296875 0.01484375 0.01953125
1 0.43515625 0.384375 0.0125 0.01796875
0 0.3859375 0.42265625 0.0296875 0.0484375
2 0.4703125 0.34140625 0.015625 0.028125
1 0.52265625 0.36171875 0.009375 0.015625