2 0.33203125 0.46015625 0.0765625 0.12890625
1 0.3578125 0.8203125 0.08984375 0.1375
1 0.7125 0.57421875 0.04921875 0.065625
1 0.16484375 0.68046875 0.0859375 0.09453125
1 0.26328125 0.69296875 0.0890625 0.13046875
1 0.3828125 0.49296875 0.03359375 0.04453125
1 0.5875 0.46171875 0.02421875 0.034375
1 0.46328125 0.41796875 0.0171875 0.025
0 0.56171875 0.39296875 0.0296875 0.05859375
1 0.43125 0.41796875 0.01953125 0.025
1 0.53046875 0.4078125 0.0171875 0.0234375
1 0.4078125 0.41015625 0.015625 0.02109375
1 0.4484375 0.44765625 0.0234375 0.04296875
1 0.4703125 0.39453125 0.01484375 0.01953125
1 0.43828125 0.40078125 0.0140625 0.0234375
1 0.51953125 0.35546875 0.0109375 0.0140625
2 0.459375 0.34921875 0.01484375 0.034375