1 0.9728125000000001 0.7750925925925927 0.05437499999999993 0.15932870370370367
1 0.40390625 0.540787037037037 0.046875 0.07281249999999986
1 0.6251041666666667 0.5527777777777778 0.04760416666666671 0.060405092592592524
1 0.7038020833333334 0.5214467592592593 0.05062499999999996 0.05902777777777786
1 0.4747395833333334 0.45031250000000006 0.03468750000000007 0.05341435185185191
1 0.4070833333333333 0.44726273148148155 0.02906249999999986 0.03907407407407391
1 0.6741145833333333 0.4290856481481481 0.028958333333333287 0.037511574074074086
1 0.77078125 0.5143402777777778 0.06958333333333347 0.0866087962962963
1 0.6506770833333333 0.46576967592592594 0.03916666666666657 0.050567129629629545
1 0.6370833333333333 0.4383391203703704 0.030520833333333285 0.03760416666666657
1 0.5811979166666666 0.42361111111111105 0.03104166666666668 0.04541666666666657
1 0.45244791666666667 0.3747685185185185 0.015312499999999929 0.019583333333333286
1 0.59546875 0.4023726851851851 0.022291666666666644 0.030891203703703594
1 0.5923958333333333 0.3798090277777778 0.01895833333333332 0.02758101851851853
1 0.5392187500000001 0.34688078703703706 0.015208333333333357 0.018020833333333285
1 0.6031770833333333 0.36505208333333333 0.0169791666666665 0.021238425925925952