2 0.8333159722222222 0.5018518518518518 0.27489583333333345 0.3237268518518519
1 0.6266840277777778 0.58828125 0.06788194444444447 0.08831018518518512
1 0.40420138888888885 0.5926215277777778 0.0699305555555556 0.09930555555555554
1 0.6577604166666667 0.48573495370370373 0.05107638888888886 0.06116898148148149
2 0.3392013888888889 0.4405960648148148 0.08836805555555553 0.12806712962962957
1 0.6245138888888888 0.44406828703703705 0.042916666666666714 0.05306712962962958
1 0.5677430555555556 0.38767361111111115 0.02482638888888893 0.03211805555555554
1 0.5338368055555556 0.39594907407407404 0.026388888888888927 0.032175925925925955
1 0.5449479166666666 0.4267361111111111 0.03135416666666657 0.03859953703703702
1 0.59296875 0.36412037037037037 0.02312499999999993 0.02893518518518521
1 0.4484895833333333 0.3858506944444444 0.02163194444444443 0.03043981481481479
1 0.51390625 0.35300925925925924 0.019791666666666784 0.024131944444444463
1 0.4186979166666667 0.3892939814814815 0.019791666666666784 0.024131944444444463
1 0.3682465277777778 0.47149884259259256 0.02836805555555557 0.04160879629629619
1 0.5428472222222223 0.3511574074074074 0.019791666666666607 0.024131944444444463
1 0.4504513888888889 0.3592592592592593 0.019652777777777786 0.021006944444444463
1 0.41727430555555556 0.3511284722222222 0.016458333333333287 0.01932870370370372
1 0.5004687499999999 0.3394675925925926 0.016666666666666784 0.02401620370370372