2 0.30536458333333333 0.5088136574074074 0.11361111111111111 0.15166666666666656
1 0.43065393518518513 0.8624652777777777 0.12932870370370378 0.16439814814814824
1 0.720295138888889 0.5143865740740742 0.06777777777777771 0.08068287037037045
1 0.19874999999999998 0.7776099537037038 0.11337962962962962 0.12041666666666657
1 0.3009895833333333 0.7620312499999999 0.12615740740740744 0.15810185185185172
1 0.36565972222222226 0.5266724537037037 0.04571759259259256 0.055358796296296295
1 0.5634606481481482 0.4377951388888889 0.03311342592592581 0.04111111111111114
1 0.4258796296296296 0.4288946759259259 0.025219907407407406 0.03005787037037031
0 0.5176851851851852 0.37596643518518513 0.04581018518518505 0.06785879629629629
1 0.3939120370370371 0.437962962962963 0.026782407407407404 0.030081018518518476
1 0.49050925925925926 0.3990277777777778 0.025219907407407406 0.03005787037037031
1 0.368119212962963 0.43678240740740737 0.020497685185185154 0.02530092592592581
1 0.41910300925925925 0.4633738425925927 0.03630787037037031 0.05053240740740748
1 0.42725115740740743 0.40309027777777773 0.020486111111111073 0.02373842592592599
1 0.3953298611111111 0.4184085648148148 0.022083333333333323 0.028449074074073977
1 0.465144675925926 0.35017939814814814 0.015763888888889 0.018981481481481488
2 0.4027141203703703 0.36048032407407404 0.025289351851851903 0.03943287037037031