1 0.90390625 0.92734375 0.1359375 0.1453125
1 0.2515625 0.7328125 0.08359375 0.1015625
1 0.4125 0.59765625 0.04453125 0.06796875
1 0.665625 0.51796875 0.0390625 0.05
1 0.58203125 0.57734375 0.04375 0.0625
1 0.2703125 0.571875 0.05234375 0.059375
1 0.353125 0.47578125 0.03046875 0.034375
1 0.553125 0.478125 0.02578125 0.04453125
1 0.4109375 0.45390625 0.02578125 0.0359375
1 0.0109375 0.9203125 0.02109375 0.0765625
1 0.45 0.46796875 0.02578125 0.0390625
1 0.55859375 0.41640625 0.015625 0.021875
1 0.41640625 0.40078125 0.015625 0.0234375
1 0.5921875 0.41640625 0.01640625 0.01953125
1 0.4625 0.4265625 0.01875 0.028125
1 0.55078125 0.390625 0.0140625 0.01953125
1 0.4453125 0.39296875 0.015625 0.021875
2 0.55078125 0.35703125 0.0125 0.028125
1 0.54140625 0.37421875 0.0109375 0.01796875
1 0.48203125 0.37421875 0.0125 0.01796875
1 0.4453125 0.37265625 0.01171875 0.01796875