1 0.2375 0.7453125 0.08984375 0.109375
1 0.2109375 0.64296875 0.06875 0.078125
1 0.4109375 0.56796875 0.0375 0.05546875
2 0.6515625 0.459375 0.078125 0.125
1 0.5890625 0.56796875 0.04296875 0.06953125
1 0.44296875 0.484375 0.0265625 0.0390625
1 0.4 0.46640625 0.025 0.0359375
1 0.59765625 0.48515625 0.028125 0.04296875
1 0.4609375 0.43046875 0.01875 0.028125
1 0.3875 0.43046875 0.01875 0.025
1 0.4375 0.41328125 0.0171875 0.0234375
1 0.415625 0.40546875 0.01484375 0.01953125
1 0.4703125 0.39921875 0.0140625 0.02109375
1 0.52890625 0.39453125 0.0140625 0.01953125
1 0.43125 0.38828125 0.0125 0.01796875
2 0.6 0.421875 0.0234375 0.04296875
1 0.575 0.39296875 0.01484375 0.021875
1 0.453125 0.365625 0.01015625 0.01953125