1 0.35 0.79921875 0.075 0.115625
1 0.146875 0.88828125 0.153125 0.1984375
2 0.77421875 0.57734375 0.1734375 0.2515625
1 0.234375 0.60859375 0.06328125 0.071875
1 0.10546875 0.77421875 0.1046875 0.115625
1 0.4125 0.58203125 0.03984375 0.0609375
2 0.33359375 0.56953125 0.065625 0.1
1 0.325 0.51015625 0.03203125 0.04296875
1 0.35703125 0.546875 0.0328125 0.065625
1 0.44375 0.496875 0.02578125 0.0375
1 0.3984375 0.46953125 0.0265625 0.0390625
1 0.6328125 0.465625 0.02578125 0.0359375
2 0.4296875 0.39921875 0.034375 0.07109375
1 0.61328125 0.44296875 0.0203125 0.03046875
2 0.46875 0.40078125 0.01953125 0.03203125
1 0.45703125 0.43671875 0.0203125 0.0265625
2 0.54453125 0.34140625 0.0140625 0.03046875
2 0.55546875 0.39453125 0.01875 0.0390625
2 0.4765625 0.346875 0.01328125 0.03203125