1 0.8402314814814815 0.82109375 0.11157407407407405 0.1328125
1 0.6755266203703704 0.7484375 0.09109953703703706 0.1296875
1 0.07655671296296297 0.90390625 0.05799768518518518 0.184375
1 0.28836805555555556 0.57421875 0.05472222222222225 0.0609375
1 0.7148842592592592 0.528125 0.04790509259259253 0.05
1 0.5838368055555556 0.53203125 0.04370370370370367 0.059375
1 0.6470486111111111 0.515625 0.04469907407407412 0.0484375
1 0.44256944444444446 0.459375 0.03211805555555554 0.046875
1 0.5512962962962963 0.446875 0.02694444444444457 0.0375
1 0.40812499999999996 0.44296875 0.023657407407407405 0.034375
1 0.618292824074074 0.428125 0.021932870370370415 0.03125
1 0.5612037037037038 0.396875 0.019965277777777856 0.0234375
1 0.4638020833333333 0.38671875 0.016759259259259272 0.021875
1 0.5835821759259259 0.43671875 0.02489583333333343 0.028125
1 0.10128472222222222 0.9890625 0.08550925925925927 0.021875
2 0.5847048611111111 0.36796875 0.03613425925925924 0.0640625
1 0.4688368055555555 0.36328125 0.013472222222222285 0.01875
1 0.5376041666666668 0.39375 0.019965277777777856 0.0234375
2 0.5034375 0.3375 0.013796296296296261 0.025