1 0.1015625 0.78671875 0.11328125 0.12109375
1 0.3828125 0.67421875 0.05703125 0.08203125
1 0.259375 0.57265625 0.03671875 0.05703125
1 0.42890625 0.50234375 0.0296875 0.04296875
1 0.39609375 0.46484375 0.0265625 0.0375
1 0.425 0.42890625 0.02109375 0.028125
1 0.4421875 0.40390625 0.01484375 0.021875
1 0.39765625 0.42890625 0.021875 0.028125
1 0.45625 0.425 0.01875 0.025
2 0.32734375 0.52578125 0.1171875 0.22109375
1 0.56875 0.38828125 0.01328125 0.01796875
1 0.475 0.38203125 0.01328125 0.01953125
1 0.5859375 0.409375 0.01484375 0.025
1 0.5421875 0.37890625 0.01171875 0.01953125
2 0.4375 0.36796875 0.0203125 0.04140625
1 0.484375 0.36640625 0.0125 0.01640625
1 0.40546875 0.41171875 0.0171875 0.0234375
1 0.5359375 0.35703125 0.01015625 0.0140625