1 0.1828125 0.671875 0.07734375 0.0859375
1 0.375 0.68125 0.05703125 0.0875
1 0.4125 0.54921875 0.04140625 0.0625
1 0.309375 0.52421875 0.04609375 0.059375
2 0.66953125 0.46953125 0.0859375 0.15
2 0.37578125 0.421875 0.0390625 0.075
1 0.603125 0.496875 0.02890625 0.04296875
1 0.34140625 0.48046875 0.0296875 0.0359375
1 0.3734375 0.50703125 0.03203125 0.04453125
1 0.41328125 0.446875 0.0203125 0.02890625
1 0.45 0.46328125 0.02265625 0.03203125
1 0.5765625 0.39921875 0.01484375 0.02109375
1 0.43125 0.42109375 0.01796875 0.025
1 0.596875 0.42109375 0.0171875 0.025
1 0.459375 0.42578125 0.01953125 0.0265625
1 0.475 0.390625 0.01328125 0.01953125
1 0.40625 0.41015625 0.01484375 0.0234375
2 0.46328125 0.34765625 0.0140625 0.03203125
2 0.48125 0.34765625 0.01484375 0.02890625