1 0.0609375 0.84140625 0.12109375 0.14140625
1 0.34296875 0.84296875 0.1 0.15
1 0.5953125 0.596875 0.04296875 0.07109375
1 0.70234375 0.65078125 0.059375 0.09609375
1 0.3328125 0.50234375 0.03515625 0.04296875
1 0.61796875 0.50390625 0.0296875 0.046875
1 0.3578125 0.46328125 0.02734375 0.03203125
1 0.3984375 0.4703125 0.028125 0.0375
1 0.4296875 0.51796875 0.03046875 0.04453125
1 0.446875 0.46171875 0.025 0.034375
1 0.38828125 0.43046875 0.01875 0.021875
1 0.4421875 0.40078125 0.01484375 0.02109375
1 0.56171875 0.41171875 0.0171875 0.0234375
1 0.54140625 0.43671875 0.01875 0.0265625
1 0.4671875 0.40546875 0.015625 0.021875
1 0.5296875 0.40546875 0.01640625 0.021875
1 0.45078125 0.43984375 0.0203125 0.02890625
1 0.44375 0.37421875 0.01171875 0.01796875