1 0.5524131944444445 0.7721701388888889 0.1108680555555555 0.14526620370370366
1 0.6807291666666666 0.7778124999999999 0.11798611111111121 0.13010416666666663
2 0.8651562500000001 0.8183101851851852 0.11920138888888872 0.262638888888889
1 0.5536805555555555 0.5858680555555555 0.06440972222222215 0.08173611111111115
1 0.3372395833333333 0.4942824074074075 0.05440972222222218 0.0671180555555555
2 0.6764756944444444 0.4702835648148148 0.12413194444444446 0.16319444444444448
1 0.6202604166666668 0.542962962962963 0.052777777777777854 0.06546296296296301
1 0.42248263888888893 0.3996238425925926 0.029652777777777927 0.03604166666666666
2 0.4142361111111111 0.35725694444444445 0.05687500000000014 0.08752314814814817
1 0.5827604166666667 0.40493055555555557 0.026458333333333427 0.03429398148148142
1 0.5904861111111112 0.45901620370370366 0.036666666666666715 0.05359953703703706
1 0.5494965277777778 0.41703124999999996 0.029652777777777927 0.03604166666666657
1 0.49348958333333337 0.34476851851851853 0.016458333333333287 0.01967592592592595
1 0.4483159722222222 0.3443287037037037 0.014965277777777786 0.021145833333333287
1 0.5432291666666667 0.36519675925925926 0.019791666666666784 0.024548611111111108
1 0.5831076388888888 0.36205439814814816 0.016527777777777787 0.021238425925925952
0 0.6215104166666666 0.4096469907407408 0.043055555555555534 0.05709490740740737
2 0.558767361111111 0.31362847222222223 0.023263888888888928 0.03254629629629626
1 0.5021006944444444 0.32633680555555555 0.013263888888888787 0.017928240740740797