2 0.10406250000000002 0.7274131944444444 0.16243055555555555 0.4267013888888888
1 0.2696006944444444 0.6801909722222221 0.09378472222222226 0.11020833333333328
1 0.4304166666666667 0.5618055555555556 0.048298611111111 0.0692013888888889
1 0.7221180555555555 0.5989409722222222 0.051145833333333356 0.06309027777777772
1 0.37116319444444446 0.7197916666666666 0.09993055555555559 0.1432291666666668
1 0.6365104166666666 0.5499131944444444 0.039861111111111215 0.05479166666666657
1 0.3695659722222222 0.5435069444444445 0.05121527777777777 0.06465277777777771
1 0.4170486111111112 0.4364583333333334 0.02312499999999993 0.029097222222222285
2 0.5892708333333333 0.38173611111111116 0.02055555555555557 0.041458333333333285
2 0.29953124999999997 0.511545138888889 0.09045138888888893 0.10538194444444429
1 0.4729340277777778 0.4833854166666667 0.03135416666666657 0.03881944444444443
1 0.49868055555555557 0.41357638888888887 0.019791666666666784 0.024270833333333287
1 0.4362500000000001 0.4123611111111112 0.018229166666666786 0.024201388888888786
1 0.4697048611111111 0.4107291666666667 0.01993055555555543 0.027395833333333286
1 0.44579861111111113 0.45177083333333334 0.02809027777777793 0.035555555555555604
2 0.48562500000000003 0.43560763888888887 0.02517361111111107 0.04010416666666661