1 0.3676215277777778 0.896105324074074 0.1464930555555556 0.1801388888888887
1 0.27674189814814815 0.7436805555555555 0.10344907407407407 0.11237268518518526
1 0.22793402777777777 0.6452719907407408 0.09186342592592593 0.1012731481481481
2 0.27536458333333336 0.5298263888888889 0.09444444444444447 0.11848379629629627
1 0.4109548611111111 0.5863599537037036 0.06060185185185176 0.07427083333333329
1 0.3417071759259259 0.5694328703703704 0.05701388888888888 0.06641203703703695
1 0.3282349537037037 0.4806481481481482 0.038437500000000034 0.04271990740740748
1 0.4132002314814815 0.49578124999999995 0.03862268518518519 0.04584490740740747
1 0.3749247685185185 0.48307870370370376 0.038437500000000034 0.04271990740740748
1 0.5760011574074074 0.43560763888888887 0.035682870370370344 0.04892361111111114
1 0.35026620370370376 0.4381712962962963 0.028506944444444394 0.033206018518518475
1 0.5379224537037037 0.3932407407407407 0.025289351851851903 0.031597222222222235
1 0.4293171296296296 0.42138888888888887 0.025196759259259238 0.030034722222222143
1 0.570462962962963 0.38417245370370373 0.023541666666666572 0.028449074074074064
1 0.4044155092592593 0.40692708333333333 0.02197916666666657 0.028425925925925986
0 0.8546122685185186 0.5813483796296296 0.23799768518518505 0.301701388888889
1 0.37817708333333333 0.4018518518518519 0.021793981481481504 0.02530092592592581
1 0.43144675925925924 0.38545138888888886 0.021886574074074083 0.02686342592592599
1 0.5089872685185185 0.3546412037037037 0.018483796296296262 0.022129629629629655
1 0.5341261574074074 0.35192708333333333 0.016828703703703596 0.02054398148148149