1 0.11171875 0.93125 0.1640625 0.1375
1 0.3453125 0.84296875 0.0859375 0.13046875
1 0.4015625 0.61796875 0.04765625 0.06640625
1 0.5765625 0.56640625 0.03671875 0.0609375
1 0.296875 0.53203125 0.03671875 0.046875
1 0.64296875 0.5640625 0.0421875 0.0609375
1 0.34375 0.57265625 0.04375 0.05703125
1 0.91875 0.97421875 0.10703125 0.0515625
1 0.39453125 0.46953125 0.0265625 0.0359375
1 0.45 0.46328125 0.02265625 0.03203125
1 0.38125 0.440625 0.02109375 0.028125
1 0.41015625 0.41171875 0.01875 0.02109375
2 0.5625 0.36796875 0.01796875 0.04140625
1 0.43671875 0.41171875 0.0171875 0.0234375
1 0.5328125 0.41171875 0.015625 0.0234375
1 0.46328125 0.41484375 0.01875 0.0265625
1 0.47265625 0.39296875 0.0140625 0.01953125
1 0.55625 0.38671875 0.01328125 0.01796875
1 0.5234375 0.37109375 0.01171875 0.01640625
1 0.44296875 0.37578125 0.0125 0.01796875