1 0.7015625 0.90703125 0.11328125 0.18359375
2 0.359375 0.42890625 0.06171875 0.10546875
1 0.7984375 0.67421875 0.07890625 0.1015625
1 0.3953125 0.62890625 0.0484375 0.071875
1 0.5890625 0.58046875 0.04609375 0.078125
1 0.4234375 0.53984375 0.034375 0.0515625
1 0.61796875 0.50546875 0.0296875 0.053125
1 0.375 0.509375 0.0296875 0.04296875
1 0.425 0.4328125 0.01875 0.0265625
1 0.4015625 0.41796875 0.01640625 0.025
1 0.5328125 0.41171875 0.01640625 0.0265625
1 0.4609375 0.425 0.01796875 0.025
1 0.6046875 0.42890625 0.02109375 0.03359375
1 0.45078125 0.45703125 0.0203125 0.03046875
2 0.3265625 0.55078125 0.078125 0.12890625
1 0.5828125 0.446875 0.02265625 0.0375
1 0.215625 0.50390625 0.0578125 0.06953125
1 0.46953125 0.39921875 0.0140625 0.0234375
1 0.28671875 0.45390625 0.0453125 0.0609375
1 0.53125 0.39140625 0.01328125 0.01953125
1 0.1765625 0.54765625 0.07734375 0.10390625
1 0.5625 0.4140625 0.01484375 0.025
2 0.44296875 0.36484375 0.0203125 0.0375
1 0.425 0.39296875 0.01328125 0.01953125