1 0.1046875 0.7454108796296296 0.13982638888888888 0.16469907407407405
1 0.23935763888888886 0.79859375 0.12093749999999996 0.16060185185185177
2 0.3701041666666667 0.4114988425925926 0.08197916666666671 0.12584490740740736
1 0.042682291666666664 0.6529976851851852 0.08536458333333333 0.11965277777777779
1 0.21222222222222223 0.5105902777777778 0.06916666666666664 0.08309027777777782
1 0.5403472222222222 0.6333159722222221 0.06979166666666678 0.09715277777777764
1 0.37406249999999996 0.5338599537037038 0.047951388888888856 0.06172453703703695
1 0.3116840277777778 0.4397916666666667 0.03951388888888889 0.047256944444444574
1 0.42003472222222216 0.4508912037037037 0.03135416666666657 0.03903935185185183
1 0.4469270833333333 0.3919907407407407 0.019791666666666784 0.024409722222222197
1 0.41309027777777774 0.3957175925925926 0.02156249999999993 0.02917824074074078
1 0.5772916666666666 0.4363368055555556 0.019861111111111107 0.025972222222222285
1 0.5419618055555555 0.4031828703703703 0.01822916666666661 0.024328703703703703
1 0.5416319444444444 0.42822337962962964 0.023263888888888928 0.03238425925925927
1 0.32763888888888887 0.48603587962962963 0.042916666666666714 0.05366898148148138
1 0.5477604166666666 0.3784259259259259 0.016527777777777787 0.02112268518518512
2 0.6778993055555556 0.7978414351851851 0.1557291666666666 0.24190972222222235
1 0.4650520833333333 0.37178819444444444 0.016666666666666607 0.02424768518518512
1 0.4318402777777778 0.3614525462962963 0.016527777777777787 0.02112268518518521