2 0.11015625 0.74921875 0.2203125 0.45703125
1 0.6921875 0.9 0.1046875 0.2
1 0.2734375 0.70546875 0.07265625 0.09453125
1 0.40625 0.590625 0.04296875 0.0609375
1 0.5734375 0.52109375 0.03203125 0.05
1 0.36640625 0.45546875 0.0234375 0.03046875
1 0.43203125 0.509375 0.03125 0.0484375
1 0.39140625 0.484375 0.0265625 0.0359375
1 0.39609375 0.42421875 0.01875 0.0234375
1 0.55546875 0.4078125 0.0140625 0.0234375
1 0.546875 0.446875 0.0203125 0.03203125
2 0.93046875 0.9015625 0.1375 0.196875
1 0.5828125 0.40546875 0.01328125 0.01953125
1 0.453125 0.446875 0.02109375 0.02890625
2 0.44453125 0.38828125 0.0203125 0.040625
1 0.421875 0.43671875 0.021875 0.0375
1 0.46875 0.39765625 0.0140625 0.02109375
1 0.46171875 0.4203125 0.01875 0.0265625