1 0.15375 0.87765625 0.13357638888888887 0.16625000000000015
1 0.11111111111111112 0.7439583333333333 0.10486111111111107 0.11604166666666664
1 0.2782465277777778 0.6328645833333333 0.059513888888888825 0.07718750000000014
2 0.39522569444444444 0.3985416666666667 0.04124999999999997 0.08687500000000004
1 0.25633680555555555 0.5616666666666668 0.047812500000000036 0.059270833333333425
1 0.39038194444444446 0.5604166666666666 0.038090277777777806 0.050833333333333286
2 0.3131597222222222 0.4643750000000001 0.07166666666666668 0.14031249999999992
1 0.42347222222222225 0.48583333333333323 0.030138888888888892 0.04718750000000007
1 0.5781770833333333 0.44286458333333334 0.02149305555555543 0.02791666666666668
1 0.43635416666666665 0.44281249999999994 0.023194444444444427 0.031145833333333428
1 0.5560590277777777 0.41161458333333334 0.013333333333333286 0.019583333333333286
1 0.5114583333333333 0.4102083333333333 0.013333333333333286 0.019583333333333286
2 0.2964409722222222 0.43505208333333334 0.04489583333333336 0.06374999999999993
1 0.38826388888888885 0.46703124999999995 0.026875000000000072 0.04385416666666657
1 0.44411458333333337 0.426875 0.018229166666666786 0.024583333333333356