1 0.190625 0.83046875 0.11328125 0.13359375
1 0.1125 0.75546875 0.0984375 0.10859375
1 0.3796875 0.66171875 0.05703125 0.084375
1 0.61875 0.66796875 0.06796875 0.121875
2 0.66328125 0.46796875 0.0796875 0.14140625
1 0.328125 0.58984375 0.04765625 0.0625
1 0.6765625 0.61796875 0.05390625 0.08046875
1 0.2765625 0.55078125 0.04140625 0.05390625
1 0.4296875 0.50546875 0.03125 0.04453125
1 0.3828125 0.49140625 0.02734375 0.0390625
1 0.4234375 0.43046875 0.02265625 0.028125
1 0.35625 0.46640625 0.025 0.03046875
1 0.471875 0.39296875 0.01328125 0.01953125
1 0.4625 0.4265625 0.01796875 0.025
1 0.58515625 0.46015625 0.021875 0.034375
1 0.5359375 0.41796875 0.01796875 0.028125
1 0.57890625 0.396875 0.0140625 0.01796875
2 0.39921875 0.39453125 0.0328125 0.075
1 0.52421875 0.378125 0.0125 0.01953125
2 0.43125 0.36640625 0.01875 0.0390625
1 0.4453125 0.39296875 0.01484375 0.021875