1 0.4232465277777777 0.8016145833333332 0.11614583333333321 0.16906250000000006
1 0.8905034722222223 0.6784895833333333 0.11388888888888893 0.13774305555555558
1 0.6758159722222222 0.6619097222222223 0.07885416666666671 0.10652777777777764
1 0.36984374999999997 0.6357986111111111 0.06097222222222225 0.07451388888888885
1 0.46241319444444445 0.6227083333333333 0.0546180555555555 0.06954861111111121
1 0.3311284722222222 0.5832465277777777 0.04965277777777777 0.05684027777777771
1 0.5825 0.49744791666666666 0.03687500000000003 0.04378472222222225
1 0.40173611111111107 0.4675173611111111 0.027256944444444466 0.03243055555555561
1 0.40303819444444444 0.5496875 0.044965277777777854 0.056631944444444395
1 0.656875 0.52890625 0.04663194444444443 0.061388888888888896
1 0.4601388888888889 0.51390625 0.03527777777777778 0.04215277777777793
1 0.5544618055555556 0.4571006944444445 0.027326388888888963 0.03555555555555543
2 0.43546875000000007 0.42756944444444445 0.047013888888889 0.07857638888888889
1 0.46652777777777776 0.4727430555555555 0.028854166666666715 0.034062499999999926
1 0.6433854166666666 0.4673090277777778 0.03368055555555553 0.04052083333333343
1 0.57296875 0.4336805555555555 0.024062499999999966 0.029166666666666785
1 0.5798263888888888 0.40661458333333333 0.017708333333333215 0.024201388888888786
1 0.47432291666666665 0.4386805555555555 0.025694444444444464 0.032361111111111104
2 0.08645833333333333 0.9628125000000001 0.04861111111111112 0.07437499999999986
1 0.6044618055555555 0.42413194444444446 0.030555555555555537 0.04038194444444443
2 0.4360763888888889 0.40022569444444445 0.035520833333333356 0.05309027777777775