1 0.3609375 0.73203125 0.07109375 0.10546875
1 0.2953125 0.65546875 0.06171875 0.08046875
1 0.2015625 0.646875 0.0703125 0.08203125
1 0.30625 0.53046875 0.03984375 0.046875
1 0.37109375 0.52109375 0.0359375 0.046875
1 0.4328125 0.49296875 0.02734375 0.0390625
1 0.6421875 0.47421875 0.02578125 0.0375
1 0.36875 0.45546875 0.0234375 0.03046875
1 0.3453125 0.47421875 0.02578125 0.03203125
1 0.4546875 0.44296875 0.02265625 0.03046875
1 0.56640625 0.415625 0.0171875 0.025
2 0.925 0.93046875 0.14453125 0.1390625
0 0.4453125 0.37421875 0.02578125 0.059375
1 0.46875 0.39921875 0.01484375 0.02109375
1 0.46796875 0.41640625 0.0171875 0.021875
1 0.40859375 0.41953125 0.0171875 0.025
1 0.55 0.37578125 0.01171875 0.01796875
1 0.5578125 0.37578125 0.01171875 0.015625