1 0.64578125 0.9097800925925925 0.13052083333333328 0.1804398148148149
2 0.7405208333333333 0.7276909722222222 0.24781250000000005 0.3588541666666666
1 0.306875 0.6374710648148149 0.06114583333333332 0.07760416666666678
1 0.5665625000000001 0.5106770833333334 0.032187499999999855 0.039699074074074046
1 0.319375 0.520630787037037 0.03562500000000002 0.044618055555555536
1 0.39255208333333336 0.4828703703703704 0.027187499999999965 0.034664351851851904
1 0.5996875 0.5673032407407408 0.045937499999999964 0.059375
1 0.5952604166666667 0.49239004629629635 0.03031250000000014 0.034895833333333216
1 0.5697916666666667 0.46223958333333337 0.0234375 0.025057870370370237
1 0.5055729166666667 0.459837962962963 0.022083333333333323 0.028067129629629584
2 0.3747395833333333 0.4320891203703704 0.03375000000000004 0.06313657407407405
1 0.5149479166666666 0.4958622685185185 0.024062499999999966 0.03443287037037042
1 0.48890625 0.42719907407407404 0.0154166666666665 0.021354166666666785
1 0.5271354166666666 0.45436921296296295 0.022083333333333323 0.028067129629629584
2 0.6352604166666668 0.516550925925926 0.05322916666666657 0.07546296296296298
1 0.5516666666666666 0.5927951388888889 0.06135416666666664 0.10405092592592595
1 0.40921874999999996 0.4330729166666667 0.0169791666666665 0.02146990740740744
1 0.43109374999999994 0.4229166666666666 0.0154166666666665 0.021354166666666785
1 0.5557291666666666 0.44942129629629635 0.020416666666666573 0.026388888888888927