1 0.14989583333333334 0.78359375 0.11593749999999999 0.1453125
1 0.9661979166666667 0.8109375 0.06760416666666665 0.1578125
1 0.6793229166666667 0.76796875 0.08458333333333332 0.1203125
1 0.42791666666666667 0.64140625 0.06343750000000004 0.084375
1 0.7063020833333333 0.58671875 0.05666666666666664 0.0765625
1 0.3796875 0.48046875 0.03614583333333332 0.05
1 0.7188541666666667 0.5171875 0.04364583333333325 0.0453125
2 0.5887499999999999 0.35859375 0.030416666666666713 0.0578125
1 0.6355729166666666 0.46328125 0.023958333333333214 0.03125
1 0.6653645833333333 0.5234375 0.04239583333333332 0.05
1 0.671875 0.45703125 0.027291666666666714 0.034375
1 0.5850520833333334 0.44375 0.02385416666666664 0.0296875
1 0.5669791666666667 0.40703125 0.01885416666666657 0.025
1 0.590625 0.3984375 0.01708333333333343 0.021875
2 0.61625 0.525 0.050104166666666575 0.071875
2 0.6441145833333334 0.40390625 0.044062500000000074 0.075
1 0.4646875 0.37265625 0.012083333333333357 0.0171875
1 0.5569270833333333 0.38515625 0.015520833333333428 0.021875
2 0.48213541666666676 0.3296875 0.013958333333333428 0.021875