1 0.1828125 0.65546875 0.08828125 0.096875
1 0.7140625 0.5703125 0.05 0.0625
1 0.3859375 0.634375 0.05390625 0.0765625
1 0.0203125 0.90546875 0.040625 0.096875
1 0.3421875 0.56640625 0.04921875 0.06953125
1 0.33125 0.496875 0.03515625 0.0390625
1 0.6109375 0.509375 0.03203125 0.0484375
1 0.43828125 0.48984375 0.0265625 0.0375
1 0.36875 0.45546875 0.02421875 0.03046875
1 0.41875 0.44453125 0.02109375 0.03046875
1 0.5265625 0.384375 0.01171875 0.01796875
1 0.44140625 0.39921875 0.015625 0.02109375
1 0.4546875 0.44765625 0.0203125 0.03203125
1 0.41796875 0.39921875 0.0140625 0.02109375
1 0.5671875 0.384375 0.0125 0.01796875
1 0.4671875 0.4125 0.01796875 0.025
2 0.44375 0.365625 0.01875 0.0390625
1 0.4734375 0.37890625 0.01171875 0.01953125
1 0.5234375 0.36171875 0.01015625 0.015625