1 0.28786458333333337 0.7855497685185184 0.090625 0.12148148148148152
1 0.22796875 0.6962094907407408 0.07791666666666668 0.0943518518518518
1 0.130625 0.6746990740740741 0.08739583333333334 0.09640046296296294
1 0.25786458333333334 0.5652719907407407 0.04885416666666664 0.055474537037036954
1 0.32859375 0.5626678240740741 0.044166666666666646 0.05523148148148138
1 0.3982291666666667 0.5411921296296296 0.034062499999999926 0.043807870370370414
1 0.6219270833333332 0.5488715277777778 0.034062499999999926 0.043807870370370414
1 0.33557291666666667 0.4932581018518519 0.028854166666666715 0.03575231481481467
1 0.30776041666666665 0.510630787037037 0.03208333333333337 0.03747685185185183
1 0.42822916666666666 0.49100694444444437 0.028854166666666715 0.03575231481481467
1 0.5507291666666667 0.4761921296296297 0.022187500000000072 0.029178240740740692
2 0.8438541666666666 0.9930497685185184 0.12729166666666672 0.013900462962963189
0 0.4284375000000001 0.4173263888888889 0.03718749999999993 0.06732638888888882
1 0.44921875 0.4466261574074074 0.01875 0.024328703703703703
1 0.44640625000000006 0.4652951388888889 0.02197916666666657 0.02605324074074069
1 0.3832291666666666 0.46045138888888887 0.022187500000000072 0.029178240740740692
1 0.53953125 0.432494212962963 0.01541666666666668 0.021041666666666715
1 0.548125 0.4329398148148148 0.015208333333333357 0.017916666666666713