1 0.23521412037037037 0.78125 0.14184027777777777 0.1640625
1 0.6952256944444445 0.78984375 0.10162037037037042 0.1484375
2 0.44797453703703705 0.3734375 0.047511574074074046 0.071875
1 0.4368344907407408 0.65546875 0.06909722222222214 0.0890625
1 0.6618344907407407 0.634375 0.06788194444444447 0.09375
1 0.2984375 0.5484375 0.06603009259259256 0.06875
1 0.49007523148148147 0.4671875 0.03425925925925917 0.040625
1 0.4063657407407407 0.5078125 0.053298611111111074 0.065625
1 0.6156828703703704 0.42265625 0.024305555555555712 0.0328125
1 0.39765625 0.44296875 0.033796296296296366 0.034375
1 0.6651331018518519 0.446875 0.02910879629629619 0.034375
1 0.4757233796296296 0.4 0.022280092592592737 0.0265625
1 0.4447627314814815 0.44609375 0.037962962962962976 0.0484375
1 0.5725405092592593 0.378125 0.017129629629629585 0.0203125
1 0.623900462962963 0.3859375 0.017245370370370418 0.021875
2 0.7788194444444445 0.6421875 0.21880787037037025 0.3171875
1 0.5142361111111111 0.38203125 0.01869212962962976 0.0203125
2 0.6046296296296296 0.3578125 0.016030092592592738 0.0265625
1 0.49030671296296297 0.36484375 0.015682870370370416 0.021875
1 0.5081597222222223 0.384375 0.02204861111111107 0.0234375