1 0.30854166666666666 0.6173784722222223 0.07097222222222221 0.1030555555555555
1 0.41741319444444447 0.5898611111111111 0.05 0.07246527777777771
1 0.3683680555555556 0.7758159722222222 0.10545138888888887 0.17951388888888892
1 0.3446527777777778 0.48282986111111104 0.03371527777777779 0.04208333333333343
1 0.4645486111111111 0.42354166666666665 0.020937500000000143 0.029027777777777784
1 0.42847222222222225 0.4188888888888889 0.021006944444444463 0.03215277777777779
1 0.7110590277777777 0.501736111111111 0.05336805555555557 0.08354166666666671
1 0.6065277777777778 0.40784722222222225 0.020833333333333214 0.024340277777777787
1 0.5363368055555556 0.38125 0.017708333333333215 0.024201388888888876
1 0.473125 0.3871875 0.016111111111111142 0.022569444444444465
1 0.45116319444444447 0.3842534722222222 0.014513888888888892 0.020937499999999963
1 0.42390625000000004 0.38937499999999997 0.016076388888888894 0.021006944444444463
1 0.5524131944444444 0.3656770833333333 0.014513888888888892 0.020937499999999963