2 0.22302083333333336 0.5144097222222223 0.17215277777777782 0.22591435185185188
1 0.3563368055555555 0.6695601851851851 0.07093749999999996 0.09945601851851862
1 0.2844097222222222 0.6005034722222222 0.06930555555555555 0.09630787037037045
1 0.6741840277777778 0.539068287037037 0.04027777777777786 0.05526620370370363
1 0.3618576388888889 0.4914583333333333 0.038576388888888855 0.048993055555555644
0 0.3628125 0.4133217592592592 0.05166666666666666 0.07574074074074062
1 0.6609548611111111 0.9530555555555555 0.11947916666666672 0.093888888888889
1 0.42171875 0.505630787037037 0.03545138888888886 0.04894675925925931
1 0.5433333333333333 0.4488194444444444 0.025763888888888788 0.03474537037037031
1 0.6157118055555555 0.46239583333333334 0.027291666666666714 0.033206018518518475
1 0.46078125 0.40070601851851856 0.019340277777777713 0.026840277777777644
1 0.4473958333333334 0.4403645833333334 0.024201388888888786 0.03472222222222214
1 0.026979166666666665 0.9599305555555556 0.05395833333333333 0.026111111111111286
1 0.47862847222222216 0.37127314814814816 0.014548611111111142 0.022083333333333323
1 0.5670138888888889 0.4030613425925925 0.017916666666666713 0.033067129629629655
1 0.41255208333333326 0.3906134259259259 0.017673611111111143 0.022129629629629655
1 0.4382638888888889 0.3941203703703704 0.017673611111111143 0.022129629629629655
1 0.4483680555555555 0.3614467592592593 0.012916666666666642 0.018935185185185156
1 0.5241145833333333 0.3641319444444444 0.011284722222222144 0.01578703703703699