1 0.8967881944444445 0.85546875 0.14824074074074076 0.18125
1 0.7507465277777777 0.65859375 0.08377314814814803 0.0953125
1 0.8043518518518518 0.60078125 0.0764120370370371 0.0765625
1 0.5828414351851852 0.48828125 0.038437500000000034 0.0421875
1 0.6975462962962963 0.4859375 0.04018518518518519 0.0453125
1 0.66796875 0.52734375 0.04542824074074083 0.0546875
2 0.6476099537037037 0.42109375 0.06373842592592602 0.1
1 0.3733622685185185 0.46015625 0.030347222222222213 0.0375
2 0.5666087962962963 0.359375 0.04341435185185176 0.0734375
1 0.5800520833333334 0.41484375 0.023634259259259237 0.0296875
1 0.5498668981481482 0.4328125 0.02859953703703706 0.034375
1 0.4060590277777778 0.40546875 0.01866898148148142 0.025
1 0.5269618055555555 0.3890625 0.018761574074074083 0.0265625
1 0.458130787037037 0.4140625 0.021793981481481595 0.025
2 0.6094965277777777 0.384375 0.043599537037037096 0.0765625
1 0.674380787037037 0.68828125 0.09611111111111122 0.1453125
1 0.5127951388888888 0.3609375 0.015266203703703596 0.0203125
1 0.4349884259259259 0.353125 0.011863425925925953 0.015625