1 0.04939814814814815 0.656724537037037 0.0987962962962963 0.18219907407407412
1 0.5251851851851852 0.6635185185185185 0.07016203703703709 0.08798611111111114
1 0.6154340277777778 0.6563715277777777 0.07994212962962965 0.09586805555555564
1 0.6658854166666666 0.6028182870370371 0.06927083333333321 0.07079861111111115
1 0.5850810185185186 0.4881134259259259 0.03664351851851855 0.04400462962962948
1 0.52671875 0.46814236111111107 0.03327546296296298 0.039293981481481485
1 0.6252199074074074 0.49778935185185186 0.046666666666666676 0.05657407407407398
1 0.5486516203703704 0.8565104166666666 0.21663194444444453 0.2869791666666668
1 0.37609375 0.40372106481481485 0.028344907407407405 0.03457175925925924
1 0.5923611111111111 0.4381481481481481 0.02489583333333343 0.028298611111111073
1 0.5541782407407407 0.4058217592592593 0.021770833333333427 0.028275462962962905
1 0.531400462962963 0.40799768518518514 0.026782407407407404 0.03456018518518533
1 0.570486111111111 0.43798611111111113 0.02818287037037024 0.03144675925925924
1 0.48550347222222223 0.34357060185185184 0.013391203703703702 0.017280092592592576
1 0.5623437499999999 0.3839988425925926 0.018321759259259274 0.02200231481481483
1 0.5225578703703704 0.3524421296296296 0.016597222222222284 0.018865740740740745