1 0.04375 0.84921875 0.08671875 0.134375
1 0.7578125 0.75546875 0.0953125 0.16953125
1 0.325 0.80546875 0.08515625 0.11953125
1 0.2890625 0.534375 0.0421875 0.0484375
1 0.40859375 0.459375 0.0234375 0.03203125
1 0.3703125 0.44921875 0.025 0.034375
1 0.6640625 0.509375 0.03515625 0.04296875
1 0.4515625 0.46015625 0.02265625 0.03203125
1 0.56875 0.43046875 0.01875 0.03046875
1 0.46328125 0.41796875 0.01875 0.025
1 0.42421875 0.43046875 0.01875 0.028125
1 0.58046875 0.40078125 0.0140625 0.02109375
1 0.47421875 0.384375 0.0140625 0.02109375
1 0.56015625 0.36796875 0.0109375 0.01640625
1 0.54375 0.38828125 0.0125 0.01796875
0 0.3921875 0.4140625 0.02890625 0.046875
1 0.440625 0.41015625 0.01640625 0.0234375
1 0.4828125 0.371875 0.01171875 0.01796875