2 0.6639467592592593 0.5988310185185185 0.17696759259259257 0.265300925925926
1 0.8660011574074075 0.9422164351851852 0.10295138888888893 0.11556712962962976
1 0.7679976851851851 0.7222916666666667 0.09108796296296298 0.09752314814814814
1 0.5626446759259259 0.738744212962963 0.08703703703703702 0.11467592592592588
1 0.3319155092592593 0.5330729166666666 0.05092592592592595 0.06754629629629641
1 0.4301793981481481 0.4329918981481482 0.024652777777777857 0.03298611111111107
1 0.5901909722222222 0.5013831018518519 0.031134259259259167 0.039282407407407405
1 0.5861400462962962 0.4208622685185185 0.018055555555555537 0.02356481481481474
2 0.5505787037037038 0.5159374999999999 0.054745370370370416 0.0863194444444444
1 0.53046875 0.40482060185185187 0.01637731481481488 0.020428240740740657
1 0.6060763888888889 0.45226851851851857 0.02129629629629619 0.026712962962962904
1 0.47748842592592594 0.3794212962962963 0.01637731481481488 0.020428240740740743
1 0.5723090277777778 0.4567071759259259 0.02951388888888893 0.03770833333333332
1 0.4489872685185185 0.389369212962963 0.019618055555555534 0.02357638888888891
1 0.5405960648148149 0.4689756944444444 0.028009259259259168 0.03925925925925924
1 0.4304976851851852 0.38219907407407405 0.018055555555555537 0.023564814814814827
1 0.5190393518518519 0.37582175925925926 0.013136574074074047 0.017280092592592576
1 0.4844039351851852 0.3614988425925926 0.011574074074074047 0.017268518518518496
2 0.5640046296296296 0.38553240740740746 0.02170138888888893 0.037650462962962906