1 0.2496875 0.78046875 0.13092592592592595 0.1671875
2 0.7637152777777778 0.6796875 0.28703703703703703 0.359375
1 0.38101273148148146 0.559375 0.055208333333333394 0.0703125
1 0.2328414351851852 0.5234375 0.06771990740740738 0.071875
1 0.6483680555555555 0.74765625 0.09622685185185187 0.1234375
1 0.42763888888888885 0.4875 0.04572916666666664 0.05625
1 0.3396296296296296 0.45078125 0.04730324074074073 0.0578125
2 0.41120370370370374 0.3859375 0.05525462962962955 0.0765625
1 0.4021701388888889 0.4453125 0.03311342592592581 0.040625
1 0.3741782407407407 0.42734375 0.033078703703703735 0.0359375
1 0.6284085648148148 0.4890625 0.029976851851851904 0.0390625
1 0.4430497685185185 0.4109375 0.025231481481481487 0.03125
1 0.6107349537037037 0.44921875 0.025219907407407406 0.0296875
1 0.46944444444444444 0.43359375 0.025231481481481487 0.03125
1 0.5541435185185184 0.38984375 0.014189814814814738 0.0171875
1 0.48213541666666665 0.4078125 0.02364583333333332 0.028125