1 0.005671296296296294 0.8837442129629629 0.011342592592592588 0.18623842592592582
1 0.7178530092592592 0.7680266203703704 0.10445601851851852 0.12105324074074061
1 0.7813657407407406 0.6778472222222222 0.08449074074074084 0.08810185185185197
1 0.5703993055555555 0.6137673611111112 0.054340277777777855 0.07538194444444457
1 0.6608506944444444 0.5136284722222222 0.04236111111111107 0.04717592592592599
1 0.7081018518518519 0.5671180555555555 0.05231481481481488 0.06287037037037031
1 0.30908564814814815 0.47429398148148144 0.03605324074074075 0.04556712962962965
1 0.537355324074074 0.4931770833333333 0.03773148148148149 0.048703703703703735
1 0.5894386574074074 0.41619791666666667 0.02285879629629619 0.026724537037036988
1 0.5961226851851851 0.4889236111111111 0.03605324074074083 0.04556712962962965
1 0.6092881944444445 0.4499479166666667 0.027662037037037023 0.02988425925925924
1 0.5239293981481481 0.41258680555555555 0.02442129629629619 0.02673611111111107
1 0.509085648148148 0.3702777777777778 0.014756944444444286 0.01885416666666666
1 0.52734375 0.44699652777777776 0.026215277777777858 0.03299768518518516
1 0.39696180555555555 0.3803877314814815 0.016319444444444463 0.018865740740740745
0 0.552488425925926 0.37997685185185187 0.04537037037037024 0.08624999999999998
1 0.4400752314814815 0.3557002314814815 0.01151620370370381 0.015706018518518494