1 0.3078125 0.86796875 0.10390625 0.15
1 0.0765625 0.78515625 0.109375 0.11796875
1 0.8375 0.90078125 0.13046875 0.19609375
2 0.4 0.41328125 0.05 0.12109375
1 0.20390625 0.50234375 0.0796875 0.1015625
1 0.60390625 0.6265625 0.05 0.0890625
1 0.4171875 0.57109375 0.04140625 0.0640625
2 0.23125 0.56796875 0.13515625 0.203125
1 0.70625 0.55859375 0.0421875 0.05
1 0.6390625 0.55234375 0.0375 0.05703125
1 0.353125 0.55078125 0.0390625 0.05390625
1 0.6125 0.44296875 0.0234375 0.03046875
2 0.3390625 0.459375 0.06640625 0.125
1 0.5609375 0.415625 0.0171875 0.0265625
1 0.4390625 0.478125 0.02578125 0.0375
1 0.45 0.45078125 0.0203125 0.03203125
1 0.4671875 0.40546875 0.01484375 0.021875
1 0.321875 0.43515625 0.03125 0.0515625
1 0.26171875 0.44921875 0.0453125 0.05390625
1 0.4484375 0.39453125 0.01328125 0.01953125
1 0.2390625 0.47578125 0.0453125 0.06796875
1 0.32421875 0.49296875 0.0359375 0.05
1 0.47265625 0.39453125 0.0140625 0.01953125
1 0.99453125 0.91640625 0.0109375 0.06953125