1 0.28879050925925925 0.9600578703703704 0.1659375 0.07988425925925924
1 0.4374131944444445 0.9654976851851853 0.14994212962962958 0.06900462962962947
2 0.8656510416666666 0.6168634259259259 0.2686979166666667 0.3200462962962963
1 0.45149884259259265 0.6045254629629631 0.060972222222222074 0.08135416666666657
1 0.3449189814814815 0.582650462962963 0.04689814814814817 0.05442129629629626
1 0.5615162037037037 0.500162037037037 0.03706018518518519 0.04633101851851862
1 0.39023148148148146 0.5839930555555556 0.05195601851851857 0.06081018518518526
1 0.4369502314814815 0.5432638888888889 0.03862268518518519 0.046377314814814954
1 0.3911516203703703 0.48107638888888893 0.025011574074074082 0.027256944444444285
1 0.6264872685185185 0.47791087962962964 0.03512731481481488 0.040034722222222284
1 0.42046875000000006 0.47570601851851857 0.025011574074073905 0.027256944444444466
1 0.5070717592592592 0.42368055555555556 0.020231481481481593 0.025555555555555644
1 0.5298784722222223 0.4532118055555555 0.02694444444444457 0.03355324074074062
1 0.41144675925925933 0.4419039351851852 0.016828703703703596 0.020775462962962975
1 0.45161458333333326 0.44855324074074077 0.023356481481481596 0.025648148148148132
1 0.44529513888888894 0.499837962962963 0.03512731481481488 0.040034722222222284
1 0.5587210648148149 0.4135127314814815 0.018483796296296262 0.02238425925925931
1 0.5324826388888889 0.4181944444444444 0.018483796296296262 0.02238425925925931