1 0.35250000000000004 0.8084722222222223 0.12246527777777771 0.19468749999999985
1 0.26425925925925925 0.7019444444444444 0.09842592592592592 0.12236111111111114
1 0.8296932870370369 0.6957812499999999 0.07862268518518505 0.1016319444444445
1 0.23888310185185188 0.6038368055555555 0.07140046296296294 0.0827430555555555
1 0.40772569444444445 0.5943229166666667 0.056932870370370384 0.0746180555555556
1 0.7215740740740741 0.9200347222222222 0.1418055555555556 0.15993055555555563
2 0.63671875 0.43553819444444447 0.052569444444444356 0.08076388888888886
1 0.43570601851851853 0.5169097222222222 0.03828703703703695 0.046111111111111214
1 0.41461805555555553 0.45635416666666667 0.028425925925925986 0.036527777777777715
1 0.37983796296296296 0.4477777777777778 0.028344907407407405 0.03496527777777771
1 0.4869965277777778 0.39241319444444445 0.016759259259259095 0.022222222222222143
1 0.5446064814814815 0.38979166666666665 0.01667824074074069 0.020659722222222232
1 0.5933275462962964 0.3963368055555555 0.01511574074074069 0.020624999999999984
1 0.4240798611111112 0.3980381944444445 0.021527777777777857 0.023888888888888894
1 0.468587962962963 0.42868055555555556 0.025219907407407406 0.03489583333333339
1 0.5738194444444444 0.36625 0.01511574074074069 0.020624999999999984
1 0.5390798611111111 0.3584548611111111 0.01174768518518512 0.015868055555555573