1 0.6491550925925926 0.8644965277777779 0.13821759259259245 0.17980324074074047
1 0.8686458333333335 0.7548611111111111 0.12284722222222229 0.13043981481481487
1 0.3819039351851852 0.6316261574074075 0.08157407407407416 0.11649305555555571
1 0.7214872685185185 0.6417824074074074 0.08184027777777772 0.09473379629629619
1 0.7352777777777778 0.5434606481481481 0.06813657407407411 0.07349537037037024
1 0.5945891203703704 0.5130787037037037 0.055451388888888786 0.06944444444444446
1 0.407193287037037 0.4492766203703703 0.04561342592592581 0.0609375
1 0.46661458333333333 0.4456597222222222 0.0421180555555555 0.054456018518518515
1 0.6470717592592592 0.405613425925926 0.03356481481481488 0.04137731481481488
1 0.5046759259259259 0.3596643518518518 0.02703703703703706 0.036226851851851906
1 0.6076736111111112 0.37635995370370373 0.025104166666666573 0.02986111111111107
1 0.6267418981481482 0.3671006944444445 0.023356481481481596 0.026620370370370416
1 0.4620775462962962 0.36909722222222224 0.025289351851851903 0.03298611111111107
1 0.5738020833333334 0.37416087962962963 0.02703703703703706 0.036226851851851816
1 0.48688078703703697 0.3374421296296296 0.020231481481481593 0.026388888888888927
1 0.45218749999999996 0.3478587962962963 0.020231481481481593 0.026388888888888927
1 0.5140856481481482 0.3330729166666667 0.018576388888888927 0.024710648148148096
1 0.58328125 0.401707175925926 0.03337962962962955 0.03825231481481488
1 0.5650983796296296 0.33321759259259254 0.01692129629629626 0.02303240740740744
1 0.5178472222222222 0.31710069444444444 0.016736111111111108 0.01990740740740744