1 0.7943576388888889 0.6310474537037037 0.08738425925925916 0.1078125
1 0.23885995370370372 0.5942418981481481 0.06982638888888885 0.0940393518518519
1 0.6819039351851852 0.637818287037037 0.08076388888888886 0.09484953703703702
1 0.5559375 0.548148148148148 0.048680555555555574 0.06440972222222215
1 0.06438368055555556 0.90625 0.12876736111111112 0.13842592592592595
2 0.5908449074074074 0.4223958333333334 0.05254629629629637 0.0896412037037038
1 0.6231076388888889 0.5174479166666666 0.05033564814814824 0.06765046296296298
1 0.6511516203703703 0.465480324074074 0.03874999999999993 0.044965277777777854
1 0.3043287037037037 0.46310763888888895 0.03576388888888893 0.04942129629629619
1 0.549519675925926 0.47534722222222214 0.03576388888888893 0.04942129629629619
1 0.45087962962962963 0.35792824074074076 0.017881944444444464 0.024710648148148096
2 0.5510648148148147 0.3442708333333333 0.037835648148148236 0.06672453703703703
1 0.5248148148148148 0.3883101851851852 0.022754629629629618 0.031307870370370326
1 0.5783333333333334 0.37109375 0.02109953703703695 0.028067129629629584
1 0.5161805555555555 0.36400462962962965 0.02096064814814813 0.023379629629629674
1 0.5591435185185185 0.3873263888888889 0.022754629629629618 0.031307870370370326
1 0.4282754629629629 0.3315393518518518 0.014664351851851975 0.021354166666666608