1 0.922349537037037 0.8857349537037036 0.15530092592592587 0.17421296296296304
1 0.9663831018518518 0.7828009259259259 0.06723379629629633 0.15465277777777792
1 0.25714699074074077 0.698587962962963 0.08134259259259258 0.09332175925925927
1 0.7011805555555556 0.6052430555555556 0.06951388888888879 0.07597222222222229
1 0.821875 0.9606655092592593 0.12446759259259252 0.05180555555555557
1 0.7694560185185185 0.5820543981481482 0.06943287037037038 0.07440972222222228
1 0.5980902777777779 0.55921875 0.04518518518518526 0.05843750000000014
1 0.7019907407407407 0.5154803240740741 0.04321759259259252 0.050601851851851974
1 0.6590856481481481 0.48596064814814816 0.03968750000000014 0.042743055555555645
1 0.6007465277777777 0.4749479166666667 0.03319444444444457 0.037962962962962976
1 0.5856134259259258 0.42398148148148157 0.023333333333333428 0.028449074074073977
1 0.5521759259259259 0.48671875 0.031631944444444574 0.03793981481481481
1 0.6102256944444445 0.4469849537037037 0.02662037037037024 0.03162037037037031
0 0.5475983796296295 0.3984375 0.04443287037037038 0.0740393518518518
1 0.38788194444444446 0.4647685185185185 0.023414351851851832 0.030011574074073975
1 0.5341493055555555 0.45522569444444444 0.025138888888888822 0.033159722222222146
1 0.43170717592592595 0.4217013888888889 0.018321759259259274 0.02212962962962948
1 0.5030671296296296 0.3977777777777778 0.015034722222222286 0.01895833333333332
1 0.36343749999999997 0.5955555555555556 0.07253472222222221 0.10412037037037045
1 0.4225578703703704 0.39580439814814816 0.015034722222222286 0.01895833333333332