2 0.8998726851851853 0.7497395833333333 0.15164351851851876 0.4330439814814815
1 0.3701215277777778 0.787355324074074 0.10063657407407404 0.13975694444444464
1 0.24493055555555557 0.7969039351851852 0.10623842592592592 0.12771990740740743
1 0.15874421296296296 0.734837962962963 0.11248842592592592 0.1281828703703704
1 0.32892939814814814 0.5835358796296296 0.05315972222222225 0.06464120370370381
1 0.406568287037037 0.492824074074074 0.03327546296296298 0.04137731481481488
1 0.29399305555555555 0.5464409722222221 0.046342592592592526 0.05324074074074083
1 0.521238425925926 0.48955439814814816 0.03516203703703695 0.04774305555555554
1 0.4211747685185185 0.453125 0.025057870370370418 0.03298611111111107
1 0.4260821759259259 0.4189814814814815 0.020046296296296263 0.026388888888888927
1 0.38297453703703704 0.4487268518518519 0.02489583333333334 0.02986111111111107
1 0.5874479166666667 0.4528935185185185 0.03516203703703695 0.04774305555555554
1 0.5523032407407408 0.4651909722222222 0.03311342592592581 0.03825231481481488
1 0.5164930555555556 0.414699074074074 0.021770833333333427 0.029629629629629763
1 0.5512037037037038 0.4258969907407407 0.02489583333333343 0.02986111111111107
1 0.36811921296296296 0.4327256944444445 0.01996527777777777 0.02482638888888893
1 0.3989409722222222 0.4130497685185185 0.018321759259259274 0.023148148148148095
2 0.6966377314814814 0.5401909722222222 0.08412037037037035 0.12141203703703703
1 0.3925983796296296 0.3992476851851852 0.016516203703703703 0.01834490740740744