2 0.2984375 0.55859375 0.1484375 0.271875
1 0.6109375 0.60234375 0.04921875 0.09609375
1 0.39375 0.68203125 0.06171875 0.0890625
1 0.1390625 0.71015625 0.0875 0.09296875
1 0.56640625 0.515625 0.0328125 0.05
1 0.4359375 0.50703125 0.028125 0.04453125
1 0.6359375 0.53359375 0.03359375 0.053125
1 0.45 0.446875 0.02109375 0.03203125
1 0.41015625 0.45390625 0.021875 0.028125
1 0.4328125 0.4078125 0.01640625 0.0234375
1 0.39375 0.42734375 0.01953125 0.0234375
1 0.4640625 0.41171875 0.0171875 0.0234375
1 0.61953125 0.44921875 0.0296875 0.04296875
1 0.47578125 0.384375 0.0125 0.01796875
2 0.44453125 0.359375 0.01875 0.0390625
1 0.48125 0.36796875 0.01171875 0.01953125