1 0.10625 0.9155902777777778 0.08125 0.15517361111111114
1 0.35546875 0.890451388888889 0.13125 0.18239583333333337
2 0.3 0.4218229166666667 0.071875 0.1063194444444445
1 0.2328125 0.5834027777777777 0.078125 0.09253472222222214
1 0.37109375 0.6077256944444445 0.08125 0.10829861111111114
2 0.578125 0.33055555555555555 0.0671875 0.11704861111111117
1 0.271875 0.5144791666666666 0.05 0.06003472222222221
1 0.3984375 0.45963541666666663 0.0375 0.050104166666666575
1 0.30859375 0.5534722222222223 0.059375 0.07451388888888885
1 0.3546875 0.4373611111111111 0.0359375 0.04378472222222225
1 0.52265625 0.3595833333333333 0.028125 0.03875000000000002
1 0.33046875 0.40953125 0.025 0.032361111111111104
1 0.33984375 0.38567708333333334 0.0234375 0.0322916666666667
1 0.4109375 0.3457986111111111 0.0203125 0.029027777777777784
1 0.36484375 0.4056597222222222 0.03125 0.03732638888888893
1 0.4046875 0.40467013888888886 0.0328125 0.043645833333333425
1 0.509375 0.3086111111111111 0.015625 0.021006944444444463
2 0.3890625 0.30302083333333335 0.0265625 0.044930555555555605
1 0.4171875 0.3088020833333333 0.015625 0.019444444444444466
1 0.37421875 0.36149305555555555 0.0234375 0.0322916666666667