1 0.3015625 0.60390625 0.06328125 0.09453125
1 0.40625 0.58671875 0.04375 0.065625
1 0.35 0.76015625 0.09140625 0.165625
1 0.34296875 0.478125 0.0296875 0.0375
1 0.4609375 0.43046875 0.01875 0.028125
1 0.4265625 0.42265625 0.01796875 0.02890625
1 0.6921875 0.52421875 0.04609375 0.0765625
1 0.59765625 0.4265625 0.0171875 0.021875
1 0.53125 0.39609375 0.01484375 0.021875
1 0.47109375 0.396875 0.0140625 0.02109375
1 0.45 0.39140625 0.01328125 0.01953125
1 0.4234375 0.39453125 0.0140625 0.01953125
1 0.5484375 0.38203125 0.01328125 0.01953125