1 0.8448090277777778 0.9568749999999999 0.13487268518518505 0.08625000000000008
1 0.046817129629629625 0.72453125 0.09363425925925925 0.16781249999999998
1 0.6769907407407407 0.7552083333333334 0.08424768518518526 0.10239583333333328
1 0.5700520833333333 0.63625 0.05414351851851862 0.07229166666666664
2 0.7276793981481482 0.6592708333333334 0.11001157407407405 0.15562500000000004
1 0.2963020833333333 0.5335416666666667 0.055613425925925955 0.06614583333333321
1 0.38505787037037037 0.6129687500000001 0.07512731481481474 0.11895833333333332
1 0.6730671296296297 0.5977604166666667 0.046076388888888785 0.05458333333333325
1 0.3777951388888889 0.5225520833333334 0.04456018518518512 0.05760416666666668
1 0.3952314814814815 0.4541145833333333 0.0366087962962963 0.04770833333333328
2 0.5753356481481482 0.5435416666666667 0.05593749999999993 0.08802083333333321
1 0.6359432870370371 0.5170833333333332 0.02543981481481481 0.03135416666666657
1 0.6328530092592592 0.6201041666666667 0.05251157407407412 0.06750000000000007
1 0.6106423611111111 0.5357291666666667 0.03185185185185198 0.042708333333333216
1 0.504380787037037 0.42385416666666664 0.017534722222222143 0.024583333333333356
1 0.5593402777777777 0.4619270833333333 0.023831018518518477 0.028125
1 0.6085127314814814 0.4683333333333334 0.02068287037037031 0.02635416666666668
1 0.48520254629629633 0.4515104166666667 0.02543981481481481 0.03135416666666657
1 0.5633680555555556 0.5067708333333334 0.028680555555555643 0.03937500000000007
1 0.47954282407407406 0.41125 0.017511574074073978 0.02302083333333336
2 0.550787037037037 0.4058333333333334 0.020706018518518478 0.02791666666666668
2 0.624074074074074 0.9243229166666665 0.19340277777777787 0.15135416666666685
1 0.5971064814814815 0.44645833333333335 0.019097222222222144 0.024687499999999928