2 0.24765625 0.64296875 0.2109375 0.35859375
1 0.38125 0.72109375 0.06875 0.1
1 0.58828125 0.571875 0.0421875 0.065625
2 0.43125 0.39140625 0.03203125 0.08046875
1 0.3875 0.49296875 0.03203125 0.04140625
1 0.4421875 0.48125 0.0265625 0.0375
1 0.3625 0.54765625 0.02578125 0.05390625
1 0.7078125 0.559375 0.05078125 0.084375
1 0.36875 0.46171875 0.0234375 0.034375
1 0.4125 0.40390625 0.0125 0.021875
1 0.53046875 0.39296875 0.0140625 0.021875
1 0.3453125 0.490625 0.02578125 0.046875
1 0.4765625 0.37578125 0.01171875 0.01796875
1 0.4546875 0.43671875 0.02109375 0.02890625