1 0.26326967592592593 0.5760416666666667 0.0952430555555555 0.10449074074074076
1 0.3786226851851852 0.5915277777777778 0.08591435185185184 0.10591435185185176
1 0.6904050925925926 0.6681944444444444 0.08922453703703699 0.1122106481481481
1 0.5907349537037037 0.6016724537037037 0.0683101851851852 0.09159722222222229
1 0.34130787037037036 0.492818287037037 0.06297453703703706 0.06965277777777779
2 0.3899074074074074 0.39205439814814813 0.061689814814814795 0.07900462962962962
1 0.4560763888888889 0.4621990740740741 0.04527777777777793 0.05221064814814813
1 0.6899305555555555 0.49390625000000005 0.043761574074074085 0.053750000000000145
1 0.42072916666666665 0.4298958333333333 0.04366898148148159 0.05062499999999996
1 0.6214641203703704 0.4253587962962963 0.03075231481481495 0.03637731481481481
1 0.46289930555555553 0.34954861111111113 0.02587962962962962 0.030057870370370398
1 0.6585300925925927 0.43653356481481487 0.029143518518518617 0.034791666666666644
1 0.5077604166666667 0.386400462962963 0.025925925925925953 0.03162037037037031
1 0.5863657407407408 0.3750752314814815 0.021053240740740796 0.025300925925925987
1 0.5241145833333334 0.35802083333333334 0.021053240740740796 0.025300925925925987
2 0.49028935185185185 0.3507060185185185 0.03084490740740744 0.03950231481481481
2 0.5037499999999999 0.3301851851851852 0.03254629629629626 0.044212962962962975