2 0.3328125 0.45390625 0.07734375 0.1359375
1 0.2046875 0.659375 0.0671875 0.08203125
1 0.3828125 0.65390625 0.05390625 0.078125
2 0.84296875 0.65546875 0.2453125 0.3609375
1 0.35 0.56640625 0.04453125 0.0609375
1 0.5875 0.484375 0.02734375 0.040625
1 0.40078125 0.46796875 0.0265625 0.03359375
1 0.54375 0.459375 0.02421875 0.034375
1 0.4203125 0.43671875 0.01953125 0.0265625
1 0.4546875 0.446875 0.021875 0.03203125
1 0.44375 0.39453125 0.01328125 0.01953125
1 0.65625 0.49453125 0.03125 0.04453125
1 0.5625 0.415625 0.01875 0.025
1 0.5328125 0.40234375 0.01484375 0.02109375
1 0.46640625 0.40390625 0.015625 0.021875
2 0.47578125 0.37421875 0.0171875 0.03203125
0 0.43671875 0.37265625 0.0171875 0.03203125
2 0.61953125 0.434375 0.0375 0.0734375
1 0.6046875 0.403125 0.01484375 0.025
1 0.5234375 0.36171875 0.01015625 0.015625
1 0.5671875 0.38515625 0.01328125 0.01796875