1 0.325 0.8875 0.09296875 0.15
1 0.9578125 0.8890625 0.0828125 0.175
1 0.2171875 0.78828125 0.09765625 0.1234375
1 0.31875 0.59921875 0.05078125 0.06796875
1 0.1484375 0.69921875 0.08203125 0.084375
2 0.07421875 0.85859375 0.1484375 0.2828125
1 0.4140625 0.56640625 0.040625 0.05546875
2 0.3828125 0.41171875 0.04140625 0.07890625
1 0.6453125 0.546875 0.0359375 0.05390625
1 0.6515625 0.48828125 0.03125 0.04609375
1 0.39453125 0.48359375 0.025 0.03359375
1 0.41875 0.43515625 0.01953125 0.02890625
1 0.3390625 0.484375 0.02890625 0.0390625
1 0.4578125 0.43046875 0.01953125 0.028125
1 0.4703125 0.40234375 0.01484375 0.02109375
2 0.43125 0.371875 0.03046875 0.05703125
1 0.440625 0.40546875 0.01640625 0.01953125
1 0.48203125 0.37265625 0.0125 0.01796875
1 0.525 0.36015625 0.01015625 0.015625
1 0.5515625 0.36328125 0.01015625 0.015625