1 0.9362673611111111 0.90234375 0.10348379629629641 0.13269675925925917
1 0.8669270833333333 0.6236053240740741 0.0889120370370371 0.09790509259259253
1 0.19506944444444446 0.7607986111111111 0.11278935185185186 0.12828703703703698
1 0.6299016203703703 0.584537037037037 0.05733796296296294 0.07510416666666657
1 0.68953125 0.4635937500000001 0.041319444444444464 0.048078703703703596
1 0.39828125 0.49717013888888884 0.035069444444444466 0.04789351851851862
1 0.6169386574074075 0.404386574074074 0.02707175925925931 0.03516203703703695
1 0.38671875 0.4335185185185185 0.02707175925925931 0.03516203703703695
1 0.582332175925926 0.41899305555555555 0.03019675925925931 0.03525462962962962
1 0.5432581018518519 0.4186168981481481 0.025462962962962975 0.03199074074074062
1 0.4364351851851852 0.4013831018518519 0.02075231481481481 0.030289351851851797
1 0.5257407407407408 0.38761574074074073 0.01912037037037031 0.025555555555555463
2 0.5931481481481481 0.3747627314814815 0.03502314814814813 0.04476851851851853
1 0.5074421296296296 0.3565914351851852 0.01592592592592581 0.020775462962962975
1 0.552337962962963 0.3860590277777778 0.019143518518518476 0.027118055555555555