1 0.9648987268518517 0.8499131944444445 0.07020254629629648 0.14930555555555536
1 0.7067766203703704 0.8686284722222222 0.121736111111111 0.18062499999999987
1 0.8116145833333335 0.7835590277777778 0.10335648148148166 0.12715277777777773
1 0.697662037037037 0.5875 0.06005787037037038 0.07468749999999993
1 0.38919560185185187 0.6282465277777778 0.06703703703703709 0.08888888888888893
1 0.5994907407407407 0.5603472222222222 0.05240740740740755 0.07763888888888885
1 0.28721643518518525 0.52765625 0.050277777777777824 0.06666666666666679
1 0.34422453703703704 0.4532291666666667 0.03688657407407412 0.04920138888888896
1 0.6502835648148148 0.4413020833333333 0.035081018518518546 0.044479166666666715
1 0.14441550925925925 0.6782118055555555 0.11451388888888889 0.16173611111111122
1 0.3156076388888889 0.9210243055555555 0.1349884259259259 0.157951388888889
1 0.5714641203703703 0.48637152777777776 0.03376157407407412 0.049131944444444464
1 0.5859027777777778 0.37354166666666666 0.018321759259259274 0.022256944444444392
1 0.5707523148148148 0.3973958333333333 0.020046296296296263 0.025416666666666643
1 0.5618865740740742 0.37690972222222224 0.020046296296296263 0.025416666666666643
1 0.5381018518518518 0.39979166666666666 0.02020833333333343 0.028541666666666642
1 0.45021412037037034 0.42046875000000006 0.023657407407407405 0.03486111111111114
1 0.4344328703703704 0.3569097222222222 0.015196759259259096 0.02218749999999998
1 0.618894675925926 0.40782986111111114 0.023171296296296263 0.025486111111111143
1 0.5910011574074074 0.42671875000000004 0.027025462962962977 0.03961805555555564
2 0.55234375 0.3283159722222222 0.021018518518518547 0.044166666666666646
1 0.46787615740740734 0.3397048611111111 0.013472222222222285 0.01902777777777782
1 0.5233333333333333 0.3557638888888889 0.015034722222222286 0.019062499999999982
1 0.4597858796296297 0.3793229166666666 0.018645833333333427 0.028506944444444394
1 0.41155671296296303 0.4274131944444445 0.02373842592592581 0.03642361111111114
1 0.4245312500000001 0.3465451388888889 0.013472222222222285 0.01902777777777782
1 0.09137731481481483 0.9339930555555555 0.09118055555555557 0.13201388888888915