1 0.1160474537037037 0.8999710648148149 0.11681712962962965 0.16179398148148144
1 0.3219444444444444 0.5343634259259259 0.04412037037037031 0.05032407407407398
1 0.6660358796296297 0.4724363425925926 0.039444444444444574 0.051851851851851906
1 0.3627662037037037 0.5606249999999999 0.04890046296296298 0.0628587962962964
1 0.43314814814814817 0.5694791666666668 0.047361111111111145 0.06597222222222214
1 0.355787037037037 0.46223379629629624 0.03157407407407407 0.04398148148148149
1 0.39404513888888887 0.45882523148148147 0.026828703703703737 0.03613425925925924
1 0.4400057870370371 0.4405150462962963 0.025231481481481487 0.031435185185185156
1 0.4063483796296296 0.4321701388888889 0.02366898148148149 0.03142361111111107
1 0.4451331018518519 0.39438078703703705 0.020532407407407405 0.029837962962962993
1 0.38516782407407407 0.42060763888888886 0.020497685185185154 0.025150462962962906
1 0.4193634259259259 0.39613425925925927 0.01736111111111107 0.023564814814814827
1 0.49483796296296295 0.35416666666666663 0.015763888888889 0.018865740740740745
2 0.40489583333333334 0.657974537037037 0.10282407407407401 0.1710648148148149
1 0.5284143518518519 0.3515740740740741 0.012627314814814739 0.017280092592592576
1 0.4145196759259259 0.3750752314814815 0.015775462962962904 0.020428240740740743