1 0.09236111111111112 0.7439467592592592 0.12465277777777777 0.13633101851851848
1 0.8632986111111111 0.7106134259259259 0.08774305555555557 0.1133912037037037
1 0.2579513888888889 0.5374131944444445 0.06454861111111114 0.08305555555555558
2 0.4241666666666667 0.415162037037037 0.045590277777777646 0.0778125000000001
1 0.3437326388888889 0.5539988425925926 0.05760416666666668 0.06724537037037041
1 0.45861111111111114 0.4528530092592592 0.03149305555555557 0.04150462962962962
1 0.38805555555555554 0.4804108796296296 0.04149305555555553 0.05584490740740726
1 0.45182291666666663 0.49322337962962964 0.036666666666666715 0.05258101851851862
2 0.05826388888888889 0.8896180555555556 0.04527777777777777 0.17611111111111127
1 0.3645833333333333 0.44382523148148145 0.03128472222222225 0.036817129629629616
1 0.48534722222222226 0.3873263888888889 0.02156249999999993 0.028726851851851885
1 0.5720659722222222 0.42500578703703706 0.02340277777777775 0.03502314814814813
1 0.5828819444444445 0.36993055555555554 0.018229166666666786 0.02394675925925931
2 0.46421875 0.3508101851851852 0.034097222222222355 0.06498842592592595
2 0.5037152777777777 0.3441782407407407 0.018576388888888927 0.031759259259259306
1 0.6039756944444445 0.3705555555555556 0.016458333333333287 0.019212962962962977
1 0.4510416666666666 0.3878703703703704 0.02156249999999993 0.0287268518518518
1 0.4985069444444445 0.3674305555555556 0.018229166666666786 0.02394675925925931
1 0.4376736111111111 0.36796875 0.021354166666666785 0.024039351851851888