2 0.7318576388888889 0.7753240740740741 0.31215277777777783 0.4168981481481481
1 0.5817418981481481 0.6284895833333334 0.06724537037037023 0.08688657407407412
1 0.599537037037037 0.9447916666666668 0.14814814814814808 0.11041666666666643
1 0.37743055555555555 0.5941956018518518 0.06898148148148149 0.09159722222222229
1 0.6398726851851851 0.5785416666666666 0.05393518518518512 0.06482638888888878
1 0.3623263888888889 0.45326967592592593 0.04079861111111107 0.04745370370370381
1 0.6594907407407408 0.4920659722222222 0.03420138888888893 0.037986111111111144
1 0.847193287037037 0.8270601851851852 0.10028935185185191 0.1357870370370371
1 0.5704571759259259 0.5532812500000001 0.04236111111111107 0.04747685185185198
2 0.6155381944444445 0.45467592592592593 0.06099537037037024 0.08679398148148146
1 0.4219618055555555 0.44711805555555556 0.03605324074074083 0.04582175925925931
1 0.509548611111111 0.3827546296296297 0.019560185185185118 0.02215277777777782
2 0.453761574074074 0.3694212962962963 0.04299768518518512 0.06466435185185179
1 0.5664351851851851 0.4297164351851851 0.02442129629629619 0.026909722222222144
1 0.48790509259259257 0.41839120370370375 0.024594907407407263 0.031597222222222145
1 0.4262152777777778 0.4166956018518519 0.029398148148148097 0.034791666666666644
2 0.6460069444444445 0.4340219907407407 0.046238425925925954 0.06783564814814813
1 0.47193287037037035 0.4486400462962963 0.034375 0.04267361111111114
1 0.5697627314814815 0.46650462962962963 0.031134259259259167 0.03950231481481481
1 0.5618923611111111 0.4046354166666667 0.021238425925925952 0.02530092592592581
1 0.5588831018518519 0.3803587962962963 0.01637731481481488 0.02054398148148149