1 0.17890625 0.853125 0.1359375 0.153125
2 0.271875 0.51640625 0.12421875 0.18046875
1 0.11328125 0.765625 0.1046875 0.1125
1 0.3671875 0.765625 0.07109375 0.1125
2 0.70234375 0.51328125 0.1125 0.18203125
1 0.421875 0.54296875 0.0359375 0.05
1 0.4015625 0.46171875 0.025 0.0375
1 0.55 0.45859375 0.02578125 0.04140625
1 0.58125 0.44921875 0.02109375 0.03203125
1 0.434375 0.415625 0.01640625 0.0234375
1 0.475 0.38671875 0.0125 0.01796875
1 0.53515625 0.41171875 0.015625 0.0234375
1 0.3828125 0.49765625 0.02734375 0.040625
1 0.4140625 0.40546875 0.01484375 0.01953125
1 0.45859375 0.44140625 0.01875 0.03046875
1 0.5234375 0.37578125 0.01171875 0.01796875
1 0.48203125 0.36953125 0.0109375 0.01640625
1 0.55625 0.38828125 0.01328125 0.01796875
1 0.4484375 0.38203125 0.01328125 0.01953125
1 0.56875 0.384375 0.01171875 0.01796875