1 0.1875 0.83671875 0.12265625 0.15390625
1 0.1 0.79140625 0.12421875 0.128125
1 0.3015625 0.9453125 0.10546875 0.109375
1 0.23828125 0.609375 0.0578125 0.06796875
1 0.3953125 0.65234375 0.05234375 0.0765625
1 0.575 0.55546875 0.03828125 0.06640625
1 0.4171875 0.54921875 0.03515625 0.05390625
1 0.6421875 0.546875 0.04140625 0.05703125
1 0.6765625 0.52109375 0.0328125 0.046875
1 0.39921875 0.46796875 0.025 0.0359375
1 0.32890625 0.50078125 0.0328125 0.04296875
1 0.44375 0.46796875 0.025 0.0359375
1 0.71171875 0.92421875 0.1078125 0.1515625
1 0.4421875 0.40078125 0.01484375 0.02109375
1 0.42421875 0.42578125 0.01875 0.0265625
2 0.96640625 0.92734375 0.0671875 0.1453125
1 0.4640625 0.41171875 0.01484375 0.0234375
1 0.5296875 0.39765625 0.01328125 0.02109375
1 0.5578125 0.40703125 0.01484375 0.025
1 0.41875 0.39921875 0.0125 0.0234375
1 0.4765625 0.37421875 0.01171875 0.01796875
1 0.5203125 0.371875 0.01171875 0.015625
1 0.446875 0.37421875 0.01171875 0.01796875