1 0.3117013888888889 0.9303125000000001 0.17259259259259263 0.10833333333333357
0 0.5713657407407406 0.346875 0.08359953703703696 0.11177083333333329
1 0.26453703703703707 0.65625 0.09300925925925921 0.11708333333333325
1 0.5514699074074074 0.5028125 0.06312499999999996 0.0885416666666666
1 0.37494791666666666 0.5091145833333334 0.0520833333333333 0.07375000000000007
1 0.3110590277777778 0.48994791666666676 0.048865740740740723 0.06104166666666657
1 0.3428703703703704 0.41208333333333336 0.02995370370370374 0.03791666666666664
1 0.4952141203703704 0.4019270833333334 0.03946759259259256 0.05729166666666661
1 0.2815798611111111 0.4638020833333334 0.03627314814814815 0.04770833333333328
1 0.5816840277777777 0.4297395833333333 0.04575231481481481 0.06239583333333343
1 0.3789872685185185 0.38546874999999997 0.026817129629629656 0.03614583333333332
1 0.32280092592592596 0.380625 0.02364583333333332 0.0296875
1 0.3894502314814815 0.34338541666666667 0.020497685185185154 0.02635416666666668
0 0.5075752314814814 0.31442708333333336 0.04266203703703706 0.06687499999999993
1 0.3588657407407408 0.36104166666666665 0.020486111111111073 0.024791666666666677
1 0.4681597222222223 0.36468749999999994 0.029976851851851904 0.04104166666666664
1 0.5362152777777778 0.3484375 0.025219907407407406 0.03135416666666666
1 0.4442824074074074 0.3202083333333333 0.01894675925925924 0.027812500000000018
2 0.7267303240740741 0.4559895833333334 0.1042592592592591 0.16000000000000014
1 0.3559201388888889 0.33703125 0.01734953703703699 0.02302083333333336