1 0.70625 0.67890625 0.06484375 0.10546875
1 0.2703125 0.70703125 0.07734375 0.10546875
1 0.2609375 0.57890625 0.04765625 0.0609375
1 0.6578125 0.49296875 0.03203125 0.04140625
1 0.35 0.46640625 0.02578125 0.03359375
1 0.42578125 0.51796875 0.0296875 0.04453125
1 0.5765625 0.446875 0.02109375 0.03203125
1 0.4265625 0.428125 0.01875 0.028125
1 0.4625 0.415625 0.01796875 0.025
1 0.475 0.39296875 0.0125 0.01953125
1 0.52734375 0.39140625 0.0125 0.01953125
2 0.41171875 0.396875 0.0203125 0.0375
1 0.3953125 0.421875 0.02109375 0.02890625
1 0.578125 0.38984375 0.01484375 0.02109375
1 0.484375 0.37109375 0.0109375 0.01640625
1 0.44375 0.40546875 0.01484375 0.021875