1 0.38955439814814813 0.901880787037037 0.12309027777777777 0.16545138888888894
1 0.7550636574074074 0.7529918981481482 0.09322916666666678 0.1592245370370371
1 0.9951099537037038 0.8084953703703703 0.009780092592592382 0.22381944444444457
1 0.21085069444444446 0.7052835648148148 0.0958333333333333 0.10321759259259267
1 0.32230902777777776 0.5445196759259259 0.05219907407407405 0.061967592592592526
1 0.4535590277777778 0.5799826388888889 0.05266203703703702 0.07446759259259253
1 0.7228877314814814 0.4548668981481482 0.04415509259259256 0.05531250000000014
1 0.402980324074074 0.524681712962963 0.04890046296296298 0.05711805555555553
1 0.48081597222222217 0.4494155092592592 0.029571759259259166 0.04052083333333343
1 0.6580439814814815 0.3948263888888889 0.027893518518518512 0.03731481481481484
1 0.41498842592592594 0.4684837962962963 0.034490740740740836 0.047013888888889
1 0.442042824074074 0.4169849537037037 0.027893518518518512 0.03731481481481484
2 0.45326967592592593 0.33969328703703705 0.03657407407407405 0.0611574074074074
1 0.4078125 0.4226736111111111 0.026215277777777858 0.03410879629629626
1 0.49074074074074076 0.3792361111111111 0.02129629629629637 0.02761574074074069
1 0.5028645833333334 0.3472974537037037 0.01643518518518512 0.02268518518518512
1 0.6254340277777778 0.3597280092592593 0.018055555555555537 0.024328703703703703
1 0.5783854166666667 0.3363368055555555 0.014756944444444465 0.019479166666666714
1 0.43289930555555556 0.38145254629629627 0.01973379629629619 0.027534722222222287
1 0.552951388888889 0.3047800925925926 0.01151620370370381 0.016192129629629636
1 0.4722511574074074 0.36610532407407403 0.018055555555555537 0.024328703703703703