1 0.2328125 0.77265625 0.08984375 0.1125
1 0.6734375 0.61171875 0.05546875 0.0875
1 0.028125 0.896875 0.05625 0.1375
1 0.72421875 0.57578125 0.0515625 0.0765625
1 0.3875 0.64921875 0.05 0.07890625
2 0.1859375 0.62421875 0.11953125 0.18203125
1 0.3125 0.51328125 0.03828125 0.0484375
1 0.359375 0.54921875 0.04140625 0.0515625
1 0.3546875 0.46171875 0.02734375 0.0375
1 0.44375 0.47890625 0.0234375 0.0359375
1 0.54453125 0.46171875 0.0203125 0.034375
1 0.425 0.434375 0.01953125 0.03203125
1 0.3984375 0.41796875 0.0171875 0.021875
1 0.45703125 0.43046875 0.01875 0.025
0 0.61875 0.43046875 0.03828125 0.06640625
1 0.74375 0.9828125 0.0890625 0.034375
1 0.5515625 0.39453125 0.01328125 0.01953125
1 0.46875 0.40234375 0.0140625 0.02109375
1 0.45 0.39140625 0.0125 0.01953125
1 0.296875 0.99140625 0.09296875 0.01640625
1 0.565625 0.38671875 0.01171875 0.01796875