1 0.3890625 0.703125 0.06015625 0.0890625
1 0.29921875 0.63515625 0.0578125 0.0734375
1 0.36875 0.53984375 0.03671875 0.0515625
1 0.75625 0.740625 0.08828125 0.14453125
1 0.3859375 0.503125 0.0328125 0.05
1 0.21171875 0.63515625 0.0828125 0.109375
1 0.33828125 0.48828125 0.0296875 0.040625
1 0.5375 0.41171875 0.01875 0.03203125
1 0.58515625 0.45078125 0.021875 0.034375
1 0.58984375 0.41796875 0.01875 0.028125
1 0.41171875 0.40390625 0.0140625 0.01953125
1 0.4234375 0.428125 0.01796875 0.03046875
1 0.44375 0.46796875 0.0296875 0.05
1 0.48046875 0.37578125 0.0125 0.01796875
1 0.5625 0.37421875 0.01171875 0.015625
1 0.446875 0.36796875 0.0109375 0.01640625