1 0.9109375 0.79140625 0.1109375 0.14140625
1 0.33671875 0.8078125 0.0859375 0.1234375
1 0.234375 0.76171875 0.08984375 0.109375
1 0.64375 0.75390625 0.07578125 0.16953125
1 0.68515625 0.53046875 0.0390625 0.05
1 0.61953125 0.51171875 0.03125 0.0484375
2 0.4 0.45703125 0.03046875 0.04453125
1 0.4234375 0.53046875 0.03359375 0.046875
2 0.46796875 0.40234375 0.01875 0.0375
2 0.41640625 0.40546875 0.0390625 0.05546875
1 0.55 0.45546875 0.0203125 0.03359375
1 0.53515625 0.41796875 0.01875 0.028125
1 0.37890625 0.43671875 0.021875 0.03203125
1 0.525 0.39296875 0.01328125 0.01953125
1 0.55390625 0.39921875 0.015625 0.02109375
1 0.4515625 0.44921875 0.0234375 0.034375
1 0.575 0.39296875 0.01328125 0.01953125
2 0.2453125 0.57421875 0.08203125 0.1125
1 0.45 0.38828125 0.01484375 0.0234375