1 0.3015625 0.94765625 0.109375 0.10390625
2 0.3640625 0.496875 0.078125 0.1359375
1 0.4125 0.57421875 0.04296875 0.06796875
1 0.315625 0.50390625 0.0265625 0.04140625
2 0.65546875 0.45703125 0.0671875 0.1140625
1 0.603125 0.49140625 0.03125 0.05546875
1 0.5609375 0.43046875 0.02109375 0.03046875
1 0.85625 0.92734375 0.1375 0.1453125
1 0.60078125 0.42734375 0.01875 0.0265625
1 0.5296875 0.39765625 0.01484375 0.02109375
1 0.46328125 0.415625 0.0171875 0.0234375
1 0.4265625 0.428125 0.01796875 0.025
1 0.4 0.421875 0.01796875 0.0234375
1 0.58125 0.40546875 0.01796875 0.021875
1 0.46875 0.39453125 0.0140625 0.01953125
1 0.45 0.39296875 0.01328125 0.01953125
1 0.546875 0.38515625 0.0125 0.01796875
1 0.4109375 0.45703125 0.02265625 0.0359375
2 0.4453125 0.465625 0.0296875 0.05546875
1 0.553125 0.36328125 0.01015625 0.01796875
2 0.37109375 0.4265625 0.028125 0.028125