1 0.65 0.77265625 0.08046875 0.1484375
1 0.35546875 0.77578125 0.0796875 0.11796875
1 0.29375 0.66171875 0.06171875 0.08203125
1 0.2328125 0.609375 0.059375 0.065625
1 0.6625 0.58671875 0.04453125 0.07109375
1 0.43828125 0.49765625 0.0265625 0.040625
1 0.375 0.50546875 0.03203125 0.046875
1 0.3609375 0.46328125 0.02578125 0.03203125
1 0.42734375 0.42734375 0.01875 0.0265625
1 0.58984375 0.465625 0.025 0.0375
1 0.39375 0.428125 0.01875 0.025
1 0.409375 0.40546875 0.01484375 0.021875
2 0.55625 0.36015625 0.0140625 0.03203125
1 0.4578125 0.43515625 0.0203125 0.03203125
1 0.525 0.38671875 0.0125 0.01796875
1 0.4671875 0.403125 0.01484375 0.025
1 0.54375 0.44921875 0.01953125 0.034375
1 0.44375 0.39140625 0.0125 0.01953125
1 0.440625 0.37421875 0.01171875 0.01796875