1 0.89296875 0.79296875 0.1109375 0.14140625
1 0.184375 0.665625 0.0796875 0.0859375
1 0.61171875 0.61640625 0.0515625 0.08046875
1 0.35625 0.54609375 0.0375 0.053125
1 0.4234375 0.56171875 0.03828125 0.059375
1 0.54375 0.44921875 0.0203125 0.0375
1 0.38046875 0.44296875 0.0203125 0.03046875
1 0.61328125 0.44296875 0.0203125 0.028125
1 0.5765625 0.39296875 0.01484375 0.021875
1 0.58125 0.44453125 0.01875 0.03046875
1 0.4484375 0.38984375 0.01328125 0.02109375
1 0.41796875 0.44296875 0.0203125 0.03046875
1 0.47578125 0.37890625 0.0125 0.01953125
1 0.453125 0.44921875 0.02109375 0.0375
1 0.4234375 0.39296875 0.015625 0.021875
1 0.45703125 0.41640625 0.01875 0.025
1 0.4484375 0.36796875 0.01171875 0.01640625