1 0.39609375 0.640625 0.0484375 0.06953125
1 0.26640625 0.68515625 0.084375 0.1125
1 0.2078125 0.64609375 0.06640625 0.075
2 0.03125 0.83671875 0.0625 0.2515625
1 0.28515625 0.54921875 0.046875 0.05703125
1 0.70234375 0.54921875 0.040625 0.05703125
1 0.43125 0.52421875 0.03125 0.04296875
1 0.3515625 0.47890625 0.0296875 0.0359375
1 0.6546875 0.49140625 0.03203125 0.04453125
1 0.275 0.96953125 0.13203125 0.05859375
1 0.4109375 0.44921875 0.021875 0.03203125
2 0.3640625 0.51953125 0.05078125 0.078125
2 0.4734375 0.390625 0.01640625 0.03046875
1 0.4515625 0.465625 0.02421875 0.03046875
2 0.54921875 0.34609375 0.0140625 0.0359375
2 0.95 0.79921875 0.1 0.36796875
2 0.43359375 0.3890625 0.028125 0.0609375
1 0.46328125 0.41796875 0.0171875 0.021875
1 0.575 0.39296875 0.0125 0.01953125
1 0.38125 0.50078125 0.025 0.0484375
1 0.525 0.37421875 0.0125 0.015625