1 0.36875 0.72265625 0.0640625 0.0984375
1 0.15 0.70390625 0.09140625 0.09453125
1 0.25546875 0.70546875 0.075 0.09453125
1 0.62265625 0.69296875 0.0609375 0.10546875
1 0.3390625 0.56171875 0.04140625 0.05390625
1 0.39140625 0.47421875 0.028125 0.040625
1 0.31328125 0.52421875 0.0359375 0.04609375
1 0.45 0.46171875 0.025 0.0375
1 0.4609375 0.421875 0.01796875 0.0265625
1 0.434375 0.41796875 0.01796875 0.025
2 0.575 0.37421875 0.025 0.05703125
2 0.39921875 0.41328125 0.0265625 0.04296875
1 0.99296875 0.946875 0.0140625 0.09375
1 0.475 0.38515625 0.0125 0.01796875
1 0.4046875 0.44296875 0.02109375 0.03046875
1 0.53125 0.41015625 0.01484375 0.0234375
1 0.525 0.37890625 0.01171875 0.01640625
1 0.559375 0.40703125 0.01640625 0.025
2 0.621875 0.50234375 0.04296875 0.07890625
1 0.434375 0.37890625 0.01328125 0.01640625