2 0.1714525462962963 0.7869502314814815 0.3094097222222222 0.426099537037037
1 0.7899479166666666 0.8868344907407408 0.14527777777777776 0.21157407407407405
1 0.32510416666666664 0.7641782407407407 0.09299768518518521 0.1127893518518519
1 0.4381018518518518 0.6246527777777777 0.055208333333333214 0.07233796296296298
1 0.5935821759259259 0.5265335648148148 0.04417824074074091 0.05943287037037024
1 0.36917245370370366 0.4924479166666667 0.03151620370370374 0.03709490740740744
1 0.44682291666666674 0.53671875 0.041030092592592736 0.056192129629629585
1 0.40060763888888895 0.518605324074074 0.03468750000000007 0.043460648148148096
1 0.39311342592592596 0.45584490740740746 0.02364583333333332 0.028993055555555536
1 0.5513483796296297 0.41328125 0.02052083333333332 0.02887731481481488
1 0.5508738425925925 0.45465856481481487 0.028391203703703738 0.036979166666666785
2 0.9721701388888888 0.8507523148148148 0.055659722222222284 0.2069444444444443
1 0.5786400462962963 0.4072627314814815 0.017349537037037167 0.02251157407407405
1 0.45569444444444446 0.4690972222222222 0.028379629629629654 0.03541666666666661
2 0.43495949074074075 0.41131365740740744 0.030011574074073975 0.04484953703703702
1 0.42207754629629635 0.4647280092592593 0.030000000000000072 0.04328703703703703
1 0.461556712962963 0.4169849537037037 0.018935185185185333 0.025694444444444464
1 0.45861111111111114 0.441087962962963 0.02366898148148149 0.03211805555555554