1 0.0453125 0.86640625 0.090625 0.15546875
1 0.28046875 0.659375 0.0640625 0.08203125
1 0.3921875 0.68671875 0.06171875 0.09296875
1 0.2953125 0.5453125 0.04296875 0.0515625
1 0.684375 0.53515625 0.04140625 0.05703125
1 0.5859375 0.553125 0.040625 0.0609375
1 0.61171875 0.43828125 0.0234375 0.03203125
1 0.384375 0.44140625 0.021875 0.03046875
1 0.56953125 0.4265625 0.0171875 0.028125
1 0.4015625 0.41796875 0.0203125 0.028125
2 0.47265625 0.384375 0.01875 0.03203125
1 0.4296875 0.42265625 0.01796875 0.0234375
1 0.5375 0.41796875 0.01875 0.025
1 0.4390625 0.503125 0.03046875 0.04140625
1 0.446875 0.44453125 0.021875 0.03046875
1 0.58046875 0.40234375 0.0171875 0.02109375
1 0.44375 0.38203125 0.0125 0.01953125
1 0.54375 0.44296875 0.01953125 0.03046875
1 0.25546875 0.91015625 0.1921875 0.17890625
1 0.521875 0.36640625 0.01015625 0.01640625
1 0.55625 0.36796875 0.01171875 0.01953125
1 0.44453125 0.37265625 0.0109375 0.01796875