2 0.23295717592592596 0.6489641203703703 0.15478009259259268 0.22570601851851854
1 0.4362673611111111 0.7764351851851853 0.09155092592592595 0.1263425925925926
2 0.9433506944444445 0.6907407407407409 0.11329861111111086 0.36111111111111105
1 0.19479166666666664 0.9815972222222221 0.1814814814814815 0.03393518518518519
1 0.43571180555555555 0.5959548611111111 0.059953703703703634 0.07900462962962962
1 0.35094907407407405 0.6503414351851852 0.06938657407407404 0.08695601851851845
1 0.6839988425925926 0.46648148148148144 0.044166666666666646 0.05689814814814813
1 0.33757523148148144 0.5325578703703704 0.044166666666666646 0.05689814814814813
1 0.38516782407407407 0.5232581018518518 0.04412037037037031 0.05064814814814813
1 0.41976273148148147 0.44695601851851857 0.02364583333333332 0.028472222222222142
1 0.5991435185185185 0.4028877314814815 0.028402777777777645 0.03791666666666664
1 0.44684606481481487 0.516875 0.03784722222222214 0.04743055555555564
1 0.45354745370370375 0.4722395833333334 0.0315393518518519 0.03952546296296298
1 0.5585243055555555 0.40427083333333336 0.02524305555555557 0.03318287037037031
1 0.38538194444444446 0.4466840277777777 0.023657407407407405 0.030034722222222143
1 0.5145833333333334 0.3791377314814815 0.015775462962962904 0.02054398148148149
1 0.5763425925925926 0.3836921296296296 0.02524305555555557 0.03318287037037031
1 0.5504166666666667 0.36454282407407407 0.015775462962962904 0.02054398148148149
1 0.4569560185185185 0.40499421296296295 0.020497685185185334 0.025300925925925987
1 0.4062152777777778 0.41121527777777783 0.020497685185185154 0.02530092592592581
1 0.42813657407407407 0.41714120370370367 0.022083333333333323 0.028449074074073977