1 0.9630729166666667 0.8467939814814816 0.07385416666666664 0.17666666666666658
1 0.2617418981481482 0.8173148148148147 0.1268518518518519 0.15800925925925924
2 0.37613425925925925 0.4489814814814815 0.06940972222222222 0.10407407407407412
1 0.44000578703703697 0.6419675925925926 0.05701388888888879 0.07578703703703696
1 0.6656018518518518 0.5664641203703704 0.04707175925925924 0.06471064814814831
1 0.29271990740740744 0.586701388888889 0.056365740740740744 0.06328703703703695
1 0.4204803240740741 0.4761805555555556 0.028587962962962975 0.039456018518518474
2 0.590625 0.4303009259259259 0.05585648148148152 0.08357638888888878
1 0.45107638888888885 0.41886574074074073 0.018564814814814666 0.026817129629629656
1 0.46799768518518514 0.44409722222222214 0.023576388888889 0.03313657407407398
1 0.47907986111111106 0.4169386574074074 0.016759259259259095 0.022106481481481487
1 0.5566435185185185 0.4524363425925927 0.025462962962962975 0.039409722222222145
1 0.5270138888888889 0.37783564814814813 0.010104166666666714 0.014201388888888911
1 0.5527835648148148 0.39304976851851847 0.014953703703703702 0.017395833333333322