1 0.1421875 0.93125 0.13671875 0.1375
2 0.2453125 0.53046875 0.15703125 0.228125
1 0.34921875 0.56015625 0.04375 0.059375
1 0.434375 0.51328125 0.0328125 0.04296875
1 0.390625 0.48828125 0.03046875 0.0375
2 0.625 0.43046875 0.05 0.096875
1 0.4296875 0.41953125 0.01796875 0.025
2 0.46875 0.38828125 0.01875 0.03203125
1 0.45625 0.43046875 0.01953125 0.028125
1 0.5296875 0.38984375 0.01484375 0.02109375
1 0.5734375 0.396875 0.015625 0.02109375
1 0.4390625 0.38046875 0.01171875 0.01953125
2 0.41875 0.38671875 0.01875 0.034375
1 0.52421875 0.37109375 0.0109375 0.01640625