1 0.9823437500000001 0.9080902777777778 0.03531249999999986 0.12270833333333328
1 0.94625 0.6858680555555555 0.10749999999999993 0.1380208333333332
1 0.7323437500000001 0.7382638888888888 0.09364583333333343 0.11944444444444446
1 0.7735937500000001 0.6326041666666666 0.07437499999999986 0.0874305555555555
1 0.4922395833333333 0.6185416666666667 0.057916666666666575 0.07423611111111121
1 0.64953125 0.5710069444444444 0.04791666666666661 0.06444444444444457
1 0.7134375000000001 0.4897222222222222 0.045520833333333496 0.051875000000000074
2 0.8121354166666667 0.5447395833333333 0.11947916666666672 0.15642361111111108
1 0.6690625000000001 0.45503472222222224 0.034062499999999926 0.04357638888888893
1 0.6725520833333334 0.5190625 0.047499999999999966 0.058194444444444396
1 0.6019270833333333 0.4411458333333334 0.02531250000000007 0.029166666666666785
1 0.6234375 0.42496527777777776 0.025208333333333322 0.027604166666666784
1 0.46447916666666667 0.4591840277777777 0.025208333333333322 0.027604166666666784
1 0.5715625 0.4413541666666667 0.02531250000000007 0.029166666666666785
1 0.58703125 0.47475694444444444 0.027291666666666714 0.03548611111111111
1 0.45119791666666664 0.4352256944444444 0.01708333333333343 0.022569444444444465
1 0.5974999999999999 0.40979166666666667 0.01708333333333343 0.022569444444444465
1 0.5554166666666667 0.4211631944444445 0.0203125 0.024270833333333287
1 0.4815625 0.43501736111111117 0.0203125 0.024270833333333287
0 0.375625 0.5518229166666667 0.09864583333333332 0.12434027777777779
2 0.5481770833333334 0.3709895833333333 0.027499999999999858 0.03861111111111111
1 0.4625 0.4061284722222222 0.016874999999999928 0.019444444444444466