1 0.696875 0.86171875 0.1171875 0.25703125
1 0.890625 0.79921875 0.10390625 0.14296875
1 0.20703125 0.80234375 0.0984375 0.1265625
1 0.3515625 0.621875 0.046875 0.07109375
1 0.30859375 0.9578125 0.1046875 0.084375
1 0.6171875 0.503125 0.03203125 0.0515625
1 0.3 0.53046875 0.03671875 0.046875
1 0.353125 0.553125 0.04921875 0.065625
1 0.434375 0.49609375 0.03515625 0.0640625
1 0.409375 0.44921875 0.02578125 0.040625
1 0.47578125 0.38515625 0.0125 0.01796875
1 0.40390625 0.41796875 0.0203125 0.028125
1 0.53046875 0.38671875 0.0140625 0.02109375
1 0.08515625 0.78828125 0.14375 0.18203125
1 0.559375 0.41015625 0.01640625 0.02890625
1 0.45078125 0.38203125 0.0125 0.01953125
1 0.57421875 0.39296875 0.0140625 0.01953125
1 0.44375 0.37265625 0.01171875 0.01796875
1 0.484375 0.36796875 0.01171875 0.01953125