2 0.1875 0.58671875 0.20625 0.2875
1 0.25 0.74140625 0.09375 0.10546875
2 0.3515625 0.44765625 0.04375 0.09296875
1 0.3046875 0.93515625 0.1140625 0.12890625
1 0.596875 0.62578125 0.0484375 0.084375
1 0.32421875 0.60546875 0.0484375 0.06640625
1 0.409375 0.58046875 0.04375 0.0640625
1 0.3609375 0.53203125 0.03828125 0.05546875
1 0.6359375 0.46796875 0.0296875 0.04453125
1 0.3984375 0.46953125 0.025 0.0359375
1 0.44375 0.48046875 0.025 0.0390625
1 0.39375 0.428125 0.01875 0.025
1 0.60390625 0.4328125 0.01875 0.0265625
1 0.41953125 0.43046875 0.0203125 0.028125
1 0.4734375 0.39765625 0.0125 0.01796875
1 0.453125 0.44296875 0.01953125 0.03046875
1 0.44921875 0.39453125 0.0140625 0.01953125
1 0.4671875 0.41640625 0.01640625 0.021875
1 0.7765625 0.628125 0.0765625 0.11953125
1 0.5578125 0.409375 0.01484375 0.025