1 0.2029513888888889 0.8397569444444445 0.152025462962963 0.22876157407407405
1 0.548900462962963 0.7465856481481481 0.09826388888888893 0.12534722222222214
1 0.7558449074074074 0.7201967592592593 0.10399305555555553 0.11151620370370363
1 0.3180266203703704 0.51328125 0.058854166666666693 0.0723958333333334
1 0.6538194444444445 0.5258101851851851 0.0471643518518519 0.05167824074074083
1 0.594212962962963 0.4921296296296296 0.0375 0.04351851851851869
1 0.5446469907407407 0.5033275462962963 0.045775462962962976 0.05630787037037042
1 0.3832465277777778 0.4164641203703704 0.031076388888888928 0.03859953703703702
1 0.44406828703703705 0.43839699074074073 0.0359375 0.043460648148148096
1 0.5680555555555555 0.39791666666666664 0.022916666666666786 0.02893518518518521
1 0.586863425925926 0.4588541666666666 0.02951388888888893 0.038541666666666786
1 0.4664641203703703 0.4024594907407407 0.027893518518518512 0.03692129629629637
1 0.5978009259259259 0.41631944444444446 0.024594907407407263 0.03211805555555554
1 0.5369212962962963 0.3748842592592593 0.018055555555555537 0.024074074074074046
1 0.4359085648148149 0.3638020833333333 0.01637731481481488 0.02089120370370363
1 0.543142361111111 0.43862847222222223 0.02951388888888893 0.038541666666666606
2 0.4739872685185185 0.3257233796296296 0.01990740740740744 0.03194444444444446