1 0.075 0.8078125 0.14296875 0.134375
1 0.375 0.71640625 0.06796875 0.103125
1 0.2875 0.64921875 0.0671875 0.09609375
2 0.6109375 0.41171875 0.0515625 0.0984375
1 0.56640625 0.540625 0.0375 0.05859375
1 0.296875 0.53515625 0.04453125 0.04609375
1 0.640625 0.55703125 0.04296875 0.06640625
1 0.3640625 0.53046875 0.0375 0.05
1 0.4265625 0.528125 0.03203125 0.04453125
1 0.39296875 0.471875 0.0265625 0.0359375
1 0.3703125 0.45546875 0.02265625 0.028125
1 0.4203125 0.42890625 0.0203125 0.028125
1 0.53828125 0.42421875 0.01875 0.0265625
1 0.6046875 0.484375 0.0265625 0.0359375
1 0.4625 0.41796875 0.01875 0.025
1 0.471875 0.39296875 0.01328125 0.01953125
1 0.5796875 0.4453125 0.02109375 0.034375
2 0.484375 0.35546875 0.015625 0.03046875
1 0.55078125 0.38828125 0.0140625 0.01796875
1 0.5234375 0.37578125 0.01171875 0.01796875
1 0.45 0.390625 0.0140625 0.0234375
2 0.41875 0.390625 0.02109375 0.0375
1 0.44453125 0.36796875 0.0109375 0.01640625