1 0.084375 0.784375 0.11953125 0.1234375
1 0.3984375 0.65078125 0.05390625 0.07890625
1 0.2109375 0.63515625 0.06484375 0.07109375
1 0.309375 0.6328125 0.0625 0.0765625
2 0.4171875 0.41171875 0.0421875 0.090625
1 0.3125 0.51640625 0.04296875 0.05546875
1 0.4390625 0.49609375 0.02890625 0.04140625
1 0.36953125 0.453125 0.025 0.03046875
1 0.3953125 0.47890625 0.02734375 0.03359375
1 0.63125 0.46171875 0.02421875 0.03203125
1 0.5875 0.46640625 0.025 0.04140625
1 0.4609375 0.43671875 0.01796875 0.0265625
1 0.47109375 0.390625 0.0140625 0.01953125
1 0.44375 0.403125 0.01328125 0.021875
1 0.56796875 0.41953125 0.0171875 0.025
2 0.45859375 0.35546875 0.0171875 0.04453125
1 0.565625 0.38359375 0.01015625 0.01640625
2 0.54296875 0.34140625 0.0109375 0.03046875