1 0.19260995370370368 0.6633854166666666 0.09967592592592593 0.10625
1 0.7164699074074073 0.82359375 0.11615740740740747 0.1742708333333333
1 0.3017939814814815 0.6543229166666666 0.07715277777777771 0.09385416666666657
1 0.40508101851851847 0.6114062499999999 0.0674074074074074 0.08697916666666679
1 0.2962152777777778 0.5076562499999999 0.050115740740740745 0.0578125
1 0.661261574074074 0.4697395833333333 0.04717592592592599 0.06072916666666668
1 0.3460416666666667 0.5343229166666666 0.05057870370370372 0.065625
1 0.3699710648148148 0.39973958333333337 0.023449074074074084 0.02802083333333334
1 0.4170659722222222 0.4853645833333333 0.043773148148148165 0.05583333333333336
2 0.4347569444444444 0.3768229166666667 0.022256944444444572 0.03416666666666668
1 0.3846469907407407 0.4372916666666667 0.028784722222222215 0.039270833333333324
2 0.5369560185185185 0.36807291666666664 0.034398148148148164 0.055208333333333394
1 0.49324652777777783 0.35270833333333335 0.015266203703703596 0.021250000000000036
1 0.4098958333333333 0.3775 0.020324074074074085 0.027812500000000018
2 0.5095891203703704 0.31333333333333335 0.020694444444444394 0.034062500000000016
2 0.3871875 0.3619791666666667 0.028969907407407368 0.04239583333333332
2 0.44811342592592596 0.33958333333333335 0.020694444444444394 0.034062500000000016