2 0.8927314814814814 0.6946469907407408 0.21453703703703725 0.34103009259259254
1 0.7578414351851852 0.7151909722222223 0.08107638888888893 0.09670138888888893
1 0.29388310185185185 0.5996238425925926 0.05890046296296294 0.07557870370370381
1 0.6424942129629629 0.7296585648148148 0.07188657407407409 0.10885416666666678
1 0.5900289351851852 0.561400462962963 0.04143518518518512 0.056192129629629585
1 0.7060532407407407 0.5399305555555556 0.04295138888888879 0.053125
1 0.6611921296296297 0.5687210648148149 0.04773148148148145 0.05954861111111107
1 0.6393865740740741 0.4671875 0.02704861111111114 0.033796296296296366
1 0.5566898148148148 0.4719328703703704 0.02401620370370363 0.03993055555555571
1 0.6077662037037037 0.44103009259259257 0.020706018518518478 0.027314814814814882
1 0.3763715277777778 0.47540509259259256 0.023969907407407474 0.036805555555555716
1 0.5774016203703705 0.44693287037037044 0.020706018518518478 0.027314814814814882
1 0.45409143518518513 0.45095486111111105 0.023923611111111142 0.03368055555555571
1 0.4728125 0.39699074074074076 0.014340277777777643 0.019270833333333393
1 0.5355439814814815 0.4149305555555555 0.017534722222222143 0.024074074074074046
1 0.5902546296296297 0.4185185185185185 0.017534722222222143 0.024074074074074046
1 0.5669328703703703 0.425462962962963 0.019143518518518476 0.027256944444444466
1 0.4364988425925926 0.422974537037037 0.020798611111111143 0.03356481481481488
1 0.42300925925925925 0.40842013888888895 0.014340277777777822 0.019270833333333216
1 0.4734548611111111 0.38764467592592594 0.012777777777777822 0.019212962962962977