1 0.878125 0.75703125 0.1109375 0.15546875
1 0.4015625 0.65 0.04921875 0.075
1 0.31796875 0.62265625 0.05625 0.08203125
1 0.284375 0.56171875 0.05078125 0.05703125
1 0.3921875 0.47265625 0.02578125 0.0375
1 0.4515625 0.46796875 0.02265625 0.03359375
1 0.3515625 0.47265625 0.03203125 0.0484375
1 0.32421875 0.83828125 0.1359375 0.27890625
1 0.6109375 0.44140625 0.01953125 0.03046875
1 0.3984375 0.42421875 0.0171875 0.0234375
1 0.44296875 0.403125 0.0140625 0.0234375
1 0.46328125 0.41015625 0.0171875 0.02890625
1 0.41875 0.42890625 0.01953125 0.028125
1 0.5234375 0.36015625 0.01015625 0.015625
1 0.440625 0.38046875 0.0125 0.01953125
1 0.4875 0.36015625 0.01171875 0.015625