1 0.08125 0.84609375 0.10546875 0.1359375
1 0.3921875 0.659375 0.05546875 0.084375
1 0.20078125 0.64609375 0.0765625 0.078125
2 0.4078125 0.41953125 0.04921875 0.10546875
1 0.81875 0.69296875 0.08046875 0.10546875
1 0.30625 0.61796875 0.05625 0.06953125
1 0.3640625 0.459375 0.02578125 0.03203125
1 0.4296875 0.53828125 0.03515625 0.0484375
1 0.3234375 0.51328125 0.0390625 0.04296875
1 0.6421875 0.48046875 0.03125 0.0390625
1 0.44375 0.47421875 0.025 0.03203125
1 0.58671875 0.4765625 0.0265625 0.0390625
1 0.4625 0.41328125 0.01796875 0.0234375
1 0.44765625 0.39609375 0.015625 0.021875
1 0.475 0.38515625 0.01171875 0.01796875
1 0.5875 0.41171875 0.0140625 0.02109375
1 0.48828125 0.35859375 0.0109375 0.01640625