1 0.7718055555555556 0.846875 0.10604166666666667 0.13125
1 0.5992534722222222 0.7015625 0.06295138888888889 0.090625
2 0.8046527777777778 0.66953125 0.12604166666666677 0.1875
1 0.2855729166666666 0.57890625 0.04659722222222218 0.0578125
1 0.6664583333333333 0.63046875 0.059513888888889 0.0765625
1 0.6180555555555556 0.5234375 0.030625000000000034 0.0421875
1 0.7057118055555556 0.58671875 0.051284722222222176 0.0578125
1 0.5581250000000001 0.51328125 0.02756944444444436 0.0453125
1 0.639826388888889 0.49296875 0.024236111111111215 0.0359375
1 0.4256076388888889 0.46484375 0.024166666666666715 0.0328125
1 0.37194444444444447 0.4890625 0.025798611111111126 0.0359375
1 0.5469618055555555 0.453125 0.020902777777777715 0.0265625
1 0.4540972222222222 0.48359375 0.029201388888888857 0.0484375
1 0.5412152777777777 0.43046875 0.017708333333333215 0.0234375
1 0.5972743055555556 0.4390625 0.017708333333333215 0.0234375
1 0.4805729166666667 0.4171875 0.01763888888888889 0.0203125
1 0.41217013888888887 0.43671875 0.021041666666666715 0.0328125
1 0.5835763888888889 0.42265625 0.016111111111111142 0.021875
2 0.5805902777777778 0.55703125 0.053888888888888785 0.1046875
2 0.5248958333333333 0.39140625 0.016249999999999966 0.028125