1 0.74609375 0.8552083333333332 0.115625 0.17177083333333343
1 0.446875 0.5735416666666666 0.053125 0.07854166666666665
1 0.75546875 0.5214583333333334 0.0515625 0.06125000000000007
1 0.65 0.5667708333333333 0.0515625 0.07375000000000007
1 0.35625 0.5050000000000001 0.0421875 0.05593749999999993
1 0.7 0.45916666666666667 0.0375 0.04937500000000004
1 0.66328125 0.48640624999999993 0.0390625 0.052604166666666785
1 0.63203125 0.39682291666666664 0.0234375 0.03125
1 0.47421875 0.44645833333333335 0.025 0.04385416666666657
1 0.56796875 0.4019270833333334 0.021875 0.031145833333333428
1 0.496875 0.36359375 0.0171875 0.021458333333333357
1 0.5546875 0.3596354166666667 0.0140625 0.021250000000000036
1 0.46171875 0.3675 0.0171875 0.024583333333333356
2 0.5859375 0.4125 0.0328125 0.061562499999999964
1 0.54140625 0.33921875 0.0125 0.021145833333333287
1 0.58515625 0.3733854166666667 0.0171875 0.024583333333333356