1 0.8125 0.69765625 0.08203125 0.10703125
1 0.6015625 0.63203125 0.05390625 0.09453125
1 0.3734375 0.77578125 0.078125 0.11796875
1 0.15703125 0.69609375 0.0890625 0.0859375
1 0.3296875 0.59609375 0.05078125 0.0640625
1 0.3234375 0.51171875 0.03984375 0.04609375
1 0.4328125 0.52421875 0.03203125 0.04609375
1 0.5828125 0.46015625 0.0234375 0.03203125
1 0.375 0.44921875 0.025 0.03203125
1 0.4234375 0.43203125 0.01953125 0.028125
1 0.6203125 0.45546875 0.02109375 0.03046875
1 0.559375 0.409375 0.01640625 0.025
1 0.525 0.37578125 0.0125 0.01796875
2 0.55625 0.36171875 0.01796875 0.03203125
1 0.4578125 0.44140625 0.0203125 0.028125
1 0.425 0.39296875 0.01484375 0.021875
1 0.4671875 0.40859375 0.01796875 0.025