1 0.3421875 0.840625 0.09765625 0.1515625
1 0.2296875 0.77890625 0.09921875 0.121875
1 0.7453125 0.72734375 0.0796875 0.1265625
2 0.0828125 0.77265625 0.16484375 0.36796875
2 0.37421875 0.41015625 0.0546875 0.09609375
1 0.4171875 0.55703125 0.0375 0.05546875
1 0.63203125 0.53046875 0.0421875 0.06640625
1 0.246875 0.49453125 0.05859375 0.08046875
1 0.5484375 0.46796875 0.025 0.0390625
1 0.64375 0.47578125 0.03046875 0.0484375
1 0.4359375 0.49921875 0.02890625 0.04296875
1 0.39765625 0.47890625 0.021875 0.0359375
1 0.603125 0.428125 0.01796875 0.0234375
1 0.434375 0.41796875 0.01796875 0.025
1 0.5375 0.41796875 0.01875 0.028125
1 0.1015625 0.5515625 0.11015625 0.096875
1 0.584375 0.45390625 0.02265625 0.03046875
1 0.565625 0.4203125 0.015625 0.0234375
1 0.2703125 0.465625 0.04453125 0.0625
1 0.5734375 0.39296875 0.01484375 0.01953125
1 0.31328125 0.42578125 0.0390625 0.0375
2 0.36640625 0.49765625 0.0609375 0.10703125
1 0.43125 0.38671875 0.0125 0.02109375
1 0.4578125 0.43671875 0.02109375 0.02890625
1 0.40703125 0.4125 0.0140625 0.025
1 0.46953125 0.39921875 0.0140625 0.02109375
2 0.0484375 0.63203125 0.096875 0.1515625