1 0.1703125 0.890625 0.1234375 0.15
1 0.82578125 0.70703125 0.0796875 0.10859375
1 0.5625 0.503125 0.03046875 0.046875
1 0.6578125 0.50234375 0.03203125 0.04296875
1 0.603125 0.43515625 0.02578125 0.0484375
1 0.38046875 0.44765625 0.0234375 0.034375
1 0.4078125 0.44921875 0.02265625 0.034375
2 0.23984375 0.571875 0.0875 0.1375
1 0.459375 0.42734375 0.01796875 0.0265625
1 0.40625 0.41015625 0.01796875 0.02109375
1 0.4484375 0.39140625 0.0140625 0.01953125
1 0.4375 0.49296875 0.03046875 0.05546875
2 0.54921875 0.34765625 0.0140625 0.03203125
1 0.4671875 0.40390625 0.015625 0.01953125
2 0.784375 0.91953125 0.1984375 0.15859375
1 0.425 0.38828125 0.01484375 0.02109375
2 0.4109375 0.559375 0.04765625 0.10703125
1 0.53828125 0.371875 0.0109375 0.015625