1 0.2 0.83515625 0.11328125 0.14296875
1 0.15859375 0.71171875 0.090625 0.0984375
1 0.3140625 0.603125 0.05078125 0.06640625
2 0.421875 0.38046875 0.0328125 0.078125
1 0.2921875 0.53671875 0.04140625 0.0515625
1 0.41875 0.53203125 0.0328125 0.04453125
2 0.3453125 0.4453125 0.05703125 0.1265625
1 0.4484375 0.46171875 0.025 0.040625
1 0.59296875 0.41640625 0.0171875 0.025
1 0.46015625 0.42109375 0.01875 0.028125
1 0.57265625 0.38828125 0.0125 0.01796875
1 0.53046875 0.38828125 0.0109375 0.01796875
2 0.3296875 0.41796875 0.0375 0.05546875
1 0.415625 0.4453125 0.021875 0.0375
1 0.46796875 0.40546875 0.0140625 0.021875