2 0.7702604166666667 0.6453125 0.26385416666666667 0.3015625
1 0.2489583333333333 0.80078125 0.11541666666666668 0.1609375
1 0.7103125 0.86484375 0.12781249999999994 0.1359375
1 0.5611458333333333 0.7703125 0.084375 0.1171875
1 0.6238541666666666 0.61484375 0.06114583333333332 0.0734375
1 0.38942708333333337 0.53359375 0.04468750000000003 0.0609375
1 0.5392187500000001 0.53671875 0.039270833333333324 0.05
1 0.5316666666666666 0.4859375 0.03249999999999993 0.0421875
1 0.40411458333333333 0.4421875 0.025624999999999964 0.0328125
1 0.36963541666666666 0.43203125 0.02385416666666664 0.0296875
1 0.5729166666666667 0.4765625 0.027187499999999965 0.0328125
1 0.5553645833333334 0.43515625 0.025416666666666643 0.0296875
1 0.5979166666666667 0.453125 0.02364583333333332 0.0265625
1 0.5785416666666666 0.42734375 0.020416666666666573 0.025
1 0.5221354166666667 0.44140625 0.02385416666666664 0.0296875
1 0.4447395833333333 0.38359375 0.015312499999999929 0.01875
1 0.5191666666666667 0.415625 0.020416666666666573 0.025
2 0.5418229166666666 0.3921875 0.027604166666666784 0.0390625