1 0.80390625 0.809375 0.1078125 0.1484375
1 0.6328125 0.7625 0.07421875 0.15
1 0.23125 0.628125 0.06953125 0.078125
1 0.37421875 0.70703125 0.0609375 0.09453125
1 0.85625 0.7390625 0.0921875 0.125
1 0.31796875 0.609375 0.0609375 0.075
1 0.296875 0.54140625 0.04296875 0.053125
1 0.42265625 0.55859375 0.0359375 0.05
1 0.35625 0.46953125 0.025 0.03046875
1 0.4328125 0.496875 0.028125 0.040625
1 0.4171875 0.4390625 0.01953125 0.028125
1 0.5640625 0.409375 0.01484375 0.025
1 0.53828125 0.421875 0.0171875 0.025
1 0.57734375 0.440625 0.01875 0.028125
1 0.46875 0.39921875 0.0125 0.02109375
1 0.45234375 0.43984375 0.0203125 0.02890625
1 0.525 0.38203125 0.01171875 0.01640625
1 0.434375 0.409375 0.01640625 0.0234375
2 0.48046875 0.34296875 0.0140625 0.03046875