1 0.8974537037037038 0.5564525462962963 0.10787037037037024 0.11365740740740744
1 0.6938946759259259 0.6186631944444445 0.08599537037037024 0.11203703703703702
1 0.6182002314814815 0.48758680555555556 0.06180555555555554 0.07916666666666679
1 0.7217592592592592 0.4327835648148148 0.06637731481481488 0.07795138888888893
2 0.3223958333333333 0.47100694444444446 0.13362268518518522 0.18859953703703702
2 0.623119212962963 0.3418981481481481 0.06440972222222215 0.09334490740740745
1 0.40023148148148147 0.4825231481481482 0.042881944444444466 0.054456018518518515
1 0.6757233796296297 0.3945601851851852 0.04241898148148149 0.04820601851851851
1 0.6485821759259259 0.43113425925925924 0.046238425925925954 0.0578125
1 0.5896122685185186 0.3773726851851852 0.02910879629629619 0.03634259259259256
1 0.5547453703703704 0.40509259259259256 0.03402777777777786 0.03981481481481488
1 0.4021701388888889 0.3708333333333333 0.020601851851851906 0.026388888888888927
1 0.564380787037037 0.3548900462962963 0.02575231481481488 0.03298611111111107
1 0.3870659722222222 0.40023148148148147 0.02575231481481479 0.03298611111111107
1 0.5347222222222222 0.36808449074074073 0.02887731481481488 0.03321759259259256
1 0.5094618055555555 0.3346064814814815 0.020601851851851906 0.026388888888888927
1 0.5881655092592593 0.33663194444444444 0.02228009259259256 0.028067129629629584
2 0.5097800925925926 0.28587962962962965 0.024537037037037024 0.037557870370370325
2 0.49048032407407405 0.2904513888888889 0.022743055555555537 0.03431712962962967