1 0.2015625 0.80859375 0.10234375 0.1390625
2 0.36171875 0.49921875 0.0890625 0.15703125
1 0.3546875 0.82265625 0.084375 0.13203125
1 0.64921875 0.48515625 0.0328125 0.0515625
1 0.42421875 0.43203125 0.0203125 0.028125
1 0.4359375 0.4890625 0.02890625 0.0359375
1 0.5359375 0.42421875 0.02109375 0.03203125
2 0.4328125 0.53984375 0.04140625 0.0734375
1 0.575 0.43671875 0.02109375 0.0375
2 0.565625 0.3703125 0.01875 0.040625
1 0.58515625 0.409375 0.015625 0.0234375
1 0.4671875 0.40390625 0.015625 0.01953125
1 0.415625 0.40234375 0.01640625 0.02109375
2 0.4453125 0.384375 0.02109375 0.0390625
1 0.528125 0.37265625 0.01328125 0.01796875
1 0.52421875 0.37109375 0.0109375 0.01640625