1 0.3203125 0.89140625 0.1046875 0.18046875
1 0.8015625 0.671875 0.08046875 0.1
1 0.6703125 0.59921875 0.05390625 0.08203125
1 0.3953125 0.653125 0.05078125 0.08046875
1 0.2953125 0.53671875 0.0515625 0.065625
1 0.6296875 0.68203125 0.06171875 0.103125
1 0.375 0.5140625 0.04140625 0.053125
1 0.44375 0.48359375 0.0265625 0.0390625
1 0.39765625 0.46796875 0.025 0.03359375
1 0.3515625 0.47265625 0.02421875 0.034375
1 0.6296875 0.45703125 0.0296875 0.04453125
1 0.5953125 0.46328125 0.028125 0.0484375
1 0.4671875 0.40703125 0.01484375 0.01953125
1 0.4359375 0.4078125 0.01484375 0.0234375
1 0.4125 0.40234375 0.0140625 0.02109375
1 0.390625 0.43046875 0.01953125 0.025
1 0.41796875 0.43515625 0.0203125 0.0265625
1 0.08125 0.9890625 0.10703125 0.021875
1 0.5265625 0.38671875 0.0125 0.01796875
1 0.5875 0.415625 0.01796875 0.028125
1 0.453125 0.43828125 0.02109375 0.03203125
1 0.5453125 0.39296875 0.01171875 0.01953125
1 0.54296875 0.44375 0.0203125 0.0375
2 0.4359375 0.36484375 0.02109375 0.0484375