1 0.5667361111111111 0.8684027777777779 0.11795138888888897 0.17584490740740719
1 0.18123263888888888 0.6702025462962963 0.10746527777777777 0.12577546296296305
1 0.31677083333333333 0.6540162037037037 0.07881944444444447 0.10212962962962954
1 0.7205729166666666 0.696857638888889 0.08184027777777772 0.09746527777777772
1 0.17206597222222222 0.5904340277777778 0.08656250000000001 0.09906249999999997
1 0.5301041666666666 0.5477662037037037 0.042048611111111 0.06436342592592599
1 0.29328125 0.5507002314814814 0.05458333333333334 0.06601851851851848
1 0.6241145833333334 0.5367418981481482 0.04190972222222218 0.05811342592592581
1 0.3833333333333333 0.5419907407407407 0.04510416666666668 0.061261574074073975
1 0.33781249999999996 0.4455439814814815 0.030520833333333285 0.0377199074074074
1 0.37258680555555557 0.4629918981481481 0.027430555555555534 0.03925925925925924
1 0.37828125 0.41771412037037037 0.022499999999999964 0.028287037037037166
1 0.4014236111111111 0.43116898148148153 0.027326388888888963 0.03457175925925924
1 0.42684027777777783 0.4477662037037037 0.027326388888888786 0.03457175925925924
1 0.5167708333333334 0.4093634259259259 0.016145833333333214 0.023553240740740833
2 0.5531423611111111 0.3900983796296297 0.025868055555555537 0.039247685185185156
2 0.4309722222222222 0.3673148148148148 0.024270833333333287 0.037673611111111074
1 0.44324652777777784 0.41272569444444446 0.024131944444444286 0.03142361111111107
1 0.42828125000000006 0.3829224537037037 0.016145833333333214 0.023553240740740743