2 0.34668981481481487 0.5656828703703705 0.13545138888888886 0.20619212962962977
1 0.6548784722222223 0.5692997685185185 0.048553240740740834 0.06417824074074083
1 0.7697569444444444 0.634375 0.061539351851851797 0.07401620370370363
1 0.4105787037037037 0.6850115740740741 0.0741782407407408 0.10723379629629619
1 0.42104745370370367 0.4959201388888889 0.03500000000000014 0.04340277777777786
2 0.6486805555555556 0.4497685185185185 0.04944444444444436 0.08136574074074084
1 0.41985532407407405 0.44285300925925924 0.025057870370370418 0.03211805555555554
1 0.17766782407407408 0.8549479166666666 0.1841087962962963 0.24230324074074083
2 0.467170138888889 0.5132233796296297 0.046076388888888785 0.0765625
1 0.44644675925925925 0.4594328703703704 0.025219907407407406 0.035243055555555715
2 0.38398726851851855 0.4578993055555555 0.04370370370370367 0.06087962962962976
1 0.5996238425925926 0.4510706018518519 0.02530092592592581 0.036805555555555716
1 0.47769097222222223 0.41536458333333337 0.017002314814814845 0.02714120370370381
1 0.4405960648148148 0.4217881944444445 0.023252314814814844 0.027372685185185118
1 0.5117939814814815 0.3963541666666667 0.01511574074074069 0.020833333333333304
1 0.49041087962962965 0.45014467592592594 0.021932870370370415 0.03200231481481488
1 0.4800983796296297 0.3866030092592593 0.013472222222222285 0.019212962962962977
1 0.5665104166666667 0.4139756944444445 0.01511574074074069 0.020833333333333214