2 0.29296875 0.578125 0.1609375 0.3
1 0.103125 0.76328125 0.10078125 0.10703125
1 0.34140625 0.82421875 0.090625 0.14609375
1 0.4125 0.571875 0.0375 0.05703125
1 0.396875 0.471875 0.02578125 0.0375
1 0.4515625 0.45078125 0.02265625 0.03203125
1 0.43125 0.41953125 0.0171875 0.021875
1 0.3984375 0.42265625 0.01640625 0.0234375
1 0.44765625 0.39453125 0.0140625 0.021875
1 0.5328125 0.39765625 0.01484375 0.02109375
1 0.47265625 0.39296875 0.0140625 0.01953125
1 0.58046875 0.40078125 0.0140625 0.02109375
1 0.5515625 0.38828125 0.0140625 0.02109375
2 0.41796875 0.38203125 0.0265625 0.05546875
2 0.45 0.359375 0.01953125 0.040625
1 0.48203125 0.37421875 0.0109375 0.01796875
1 0.5515625 0.36796875 0.01171875 0.01953125