1 0.325 0.91328125 0.09453125 0.15703125
1 0.68125 0.8703125 0.09921875 0.1875
1 0.15390625 0.68984375 0.090625 0.084375
1 0.93359375 0.81796875 0.13125 0.19453125
1 0.7375 0.72265625 0.075 0.11796875
1 0.4203125 0.56015625 0.03984375 0.059375
1 0.575 0.53046875 0.03671875 0.0609375
1 0.0875 0.97578125 0.13359375 0.04609375
1 0.38125 0.50390625 0.03828125 0.05546875
1 0.34296875 0.490625 0.03125 0.0375
1 0.3984375 0.415625 0.01796875 0.0234375
1 0.546875 0.44921875 0.02109375 0.03203125
1 0.5296875 0.40546875 0.0140625 0.01953125
1 0.46875 0.41015625 0.01484375 0.0234375
1 0.57265625 0.43046875 0.021875 0.03359375
1 0.4546875 0.44296875 0.01953125 0.03046875
1 0.4765625 0.38046875 0.0125 0.01953125
1 0.43671875 0.41171875 0.0171875 0.02109375
0 0.5734375 0.37890625 0.01953125 0.0390625
1 0.5671875 0.39453125 0.01328125 0.01953125
2 0.4828125 0.34296875 0.0140625 0.03046875