1 0.8875 0.91953125 0.14453125 0.15859375
1 0.1234375 0.93046875 0.14921875 0.1359375
1 0.31015625 0.9375 0.1140625 0.125
1 0.30078125 0.64140625 0.0609375 0.08046875
2 0.0328125 0.83046875 0.065625 0.296875
1 0.25 0.58515625 0.05546875 0.07109375
1 0.4 0.621875 0.04765625 0.07109375
1 0.4359375 0.4890625 0.02734375 0.0390625
1 0.3421875 0.48125 0.02890625 0.0375
1 0.40546875 0.46015625 0.0203125 0.03203125
1 0.625 0.46640625 0.02578125 0.03359375
1 0.38125 0.44296875 0.02109375 0.03046875
1 0.5296875 0.39765625 0.01484375 0.02109375
1 0.425 0.42421875 0.01875 0.0265625
1 0.45625 0.41796875 0.01796875 0.025
1 0.5953125 0.42109375 0.01640625 0.025
1 0.4703125 0.39453125 0.01484375 0.01953125
1 0.40390625 0.41328125 0.01875 0.0234375
1 0.55 0.38828125 0.0140625 0.0265625
1 0.44375 0.396875 0.01328125 0.02109375
1 0.52265625 0.37265625 0.0109375 0.015625
1 0.4203125 0.39609375 0.01484375 0.021875