1 0.20640624999999999 0.8723090277777776 0.14968750000000003 0.1750694444444445
1 0.4653819444444444 0.6467881944444445 0.05972222222222214 0.08062500000000003
1 0.2977430555555555 0.5941145833333333 0.0671875 0.07315972222222236
1 0.7142881944444445 0.6157465277777778 0.049861111111111175 0.06927083333333339
1 0.7572569444444445 0.5825694444444445 0.04631944444444454 0.05975694444444457
1 0.5003645833333333 0.5040972222222222 0.031631944444444574 0.045069444444444426
1 0.41953125 0.5449479166666666 0.04604166666666672 0.05350694444444457
1 0.4030034722222222 0.4888541666666667 0.03284722222222225 0.03732638888888893
1 0.65546875 0.48526041666666664 0.02517361111111107 0.04010416666666661
1 0.4448090277777778 0.44704861111111105 0.02475694444444443 0.030729166666666786
1 0.5215972222222222 0.43798611111111113 0.023194444444444427 0.030659722222222286
1 0.48701388888888886 0.4317708333333333 0.02163194444444443 0.030590277777777786
1 0.6306770833333333 0.45375 0.023333333333333428 0.033784722222222285
1 0.5941666666666666 0.42171875 0.01836805555555543 0.027326388888888786
1 0.5324131944444443 0.4181944444444444 0.019791666666666784 0.024270833333333287
2 0.6304861111111111 0.3968229166666667 0.023611111111111072 0.040034722222222194
1 0.4893229166666666 0.3960069444444444 0.01836805555555543 0.027326388888888876
1 0.5914930555555555 0.39664930555555555 0.014756944444444465 0.016249999999999966