1 0.23125 0.76015625 0.0875 0.115625
1 0.3984375 0.63671875 0.0515625 0.07890625
2 0.21328125 0.59765625 0.1015625 0.165625
1 0.6921875 0.540625 0.03828125 0.0515625
1 0.3421875 0.56953125 0.05 0.06640625
1 0.39375 0.47421875 0.02578125 0.0375
1 0.309375 0.528125 0.04296875 0.05
1 0.4484375 0.46796875 0.0234375 0.0390625
1 0.37578125 0.446875 0.0203125 0.03203125
1 0.571875 0.43046875 0.01953125 0.028125
1 0.6203125 0.45546875 0.02109375 0.03046875
1 0.4625 0.41484375 0.0171875 0.0234375
1 0.5453125 0.446875 0.02265625 0.04296875
1 0.4703125 0.39453125 0.01328125 0.01953125
1 0.41796875 0.39921875 0.0140625 0.02109375
1 0.5265625 0.38515625 0.01328125 0.01796875
1 0.5859375 0.40546875 0.01796875 0.028125
1 0.43125 0.38515625 0.0125 0.02109375
2 0.425 0.50703125 0.04375 0.09453125
2 0.48671875 0.359375 0.0125 0.025