1 0.04375 0.85703125 0.08671875 0.13359375
2 0.3859375 0.459375 0.06953125 0.134375
1 0.22421875 0.60703125 0.06875 0.078125
1 0.67734375 0.68828125 0.075 0.11796875
1 0.4046875 0.62109375 0.04453125 0.071875
1 0.3453125 0.56171875 0.04296875 0.05703125
1 0.3328125 0.49921875 0.03828125 0.0484375
1 0.44375 0.49375 0.02578125 0.0375
1 0.43125 0.4265625 0.01953125 0.028125
1 0.5515625 0.46640625 0.02578125 0.04140625
1 0.4625 0.4140625 0.01875 0.025
2 0.4546875 0.36328125 0.02265625 0.05390625
1 0.4734375 0.39140625 0.01328125 0.021875
1 0.575 0.39296875 0.01171875 0.01953125
1 0.61875 0.5 0.0375 0.075
1 0.546875 0.39296875 0.01171875 0.01953125
1 0.4484375 0.38515625 0.0140625 0.02109375
1 0.4828125 0.37265625 0.01171875 0.01796875