1 0.59921875 0.819068287037037 0.1078125 0.1664930555555557
1 0.30703125 0.7551215277777777 0.103125 0.13663194444444446
1 0.26875 0.6287037037037038 0.0765625 0.09502314814814809
1 0.21796875 0.5635416666666666 0.0703125 0.07760416666666678
1 0.64609375 0.6395543981481481 0.05625 0.08020833333333321
1 0.4421875 0.5023148148148149 0.034375 0.0465856481481481
1 0.378125 0.49447337962962956 0.0390625 0.053009259259259166
1 0.371875 0.4497106481481481 0.03125 0.037094907407407264
1 0.44453125 0.4289641203703704 0.0234375 0.030555555555555714
1 0.5984375 0.5049768518518519 0.03125 0.04334490740740726
1 0.41171875 0.4222800925925926 0.0234375 0.028993055555555713
1 0.43203125 0.40506365740740746 0.01875 0.025694444444444464
2 0.584375 0.3942997685185185 0.0203125 0.03356481481481488
1 0.4734375 0.4448784722222222 0.0265625 0.03535879629629637
1 0.5484375 0.4125 0.015625 0.02089120370370363
1 0.4890625 0.41498842592592594 0.0203125 0.02887731481481488
1 0.55546875 0.4776041666666667 0.025 0.038425925925925954
1 0.46796875 0.39858217592592593 0.015625 0.02089120370370363
1 0.46875 0.3806423611111111 0.015625 0.02089120370370372