1 0.22008680555555554 0.9512094907407407 0.1518402777777778 0.0853587962962962
1 0.8458159722222222 0.8248321759259258 0.134513888888889 0.15134259259259258
1 0.681875 0.5729224537037038 0.07760416666666678 0.09810185185185176
1 0.7808159722222221 0.560792824074074 0.08215277777777778 0.09525462962962976
1 0.4733680555555556 0.6048611111111111 0.07590277777777779 0.0948842592592591
1 0.4108680555555555 0.5733159722222222 0.056111111111111 0.07033564814814816
1 0.6011284722222221 0.4656944444444445 0.04454861111111121 0.055624999999999855
1 0.7097048611111111 0.441244212962963 0.04604166666666672 0.054155092592592526
1 0.6453645833333332 0.43879050925925933 0.042708333333333216 0.049282407407407545
1 0.5603819444444444 0.41249421296296296 0.02972222222222225 0.03760416666666675
1 0.6227604166666667 0.38843171296296297 0.026388888888888927 0.03273148148148142
1 0.5880208333333334 0.3998900462962963 0.02802083333333343 0.03438657407407408
1 0.5635416666666667 0.3778414351851852 0.02142361111111111 0.026203703703703684
1 0.47840277777777784 0.4361516203703705 0.029722222222222074 0.03760416666666657
1 0.5378645833333333 0.381712962962963 0.02142361111111111 0.026203703703703774
2 0.5801215277777778 0.34552662037037035 0.0499305555555555 0.07152777777777777
1 0.47979166666666667 0.3969039351851852 0.018298611111111106 0.02601851851851844
1 0.43953124999999993 0.3898900462962963 0.018159722222222285 0.02289351851851853
1 0.45414930555555555 0.40155671296296297 0.019722222222222287 0.022986111111111106