1 0.7127777777777778 0.8541666666666666 0.11187499999999986 0.13395833333333335
1 0.8329050925925927 0.8871874999999999 0.13225694444444436 0.14468749999999986
1 0.07432291666666667 0.6240104166666667 0.12135416666666668 0.1486458333333333
1 0.5667708333333333 0.6216666666666667 0.06149305555555564 0.07906250000000004
1 0.30281828703703706 0.48369791666666667 0.05673611111111114 0.06937499999999996
1 0.40173611111111107 0.5309375000000001 0.05364583333333321 0.07385416666666664
1 0.6372685185185185 0.6013541666666666 0.06151620370370363 0.08218750000000004
0 0.6406539351851851 0.4608854166666667 0.058379629629629545 0.08041666666666672
1 0.6144733796296297 0.5130729166666667 0.036261574074073974 0.04614583333333329
1 0.5637152777777779 0.5065625 0.03784722222222214 0.04937500000000004
1 0.42836805555555557 0.4178125 0.029976851851851904 0.04104166666666664
1 0.558130787037037 0.41630208333333335 0.020486111111111073 0.024791666666666677
1 0.5640856481481482 0.4565625000000001 0.02836805555555557 0.03468750000000007
1 0.5021296296296296 0.37895833333333334 0.01734953703703699 0.02302083333333336
1 0.47076388888888887 0.3925 0.01892361111111107 0.02468750000000002
1 0.43638310185185186 0.39098958333333333 0.022094907407407403 0.031145833333333338
1 0.6049884259259259 0.4217708333333333 0.020509259259259238 0.02791666666666668
0 0.7071469907407407 0.5591145833333333 0.13568287037037036 0.18552083333333336
1 0.5474074074074073 0.38666666666666666 0.01736111111111107 0.024583333333333356