1 0.11803819444444444 0.8467824074074073 0.13533564814814816 0.19158564814814838
1 0.5909953703703704 0.5441030092592593 0.04215277777777775 0.05186342592592581
1 0.6195775462962964 0.5333796296296296 0.03410879629629626 0.04399305555555557
1 0.2821006944444444 0.5316608796296297 0.04224537037037042 0.05498842592592581
1 0.5493981481481481 0.6164351851851853 0.06408564814814817 0.10670138888888889
1 0.5711458333333332 0.45413194444444444 0.019537037037036954 0.026701388888888823
1 0.5405613425925926 0.45 0.02109953703703695 0.026712962962962904
2 0.8486342592592593 0.8037673611111111 0.19637731481481496 0.24827546296296282
1 0.43010995370370375 0.4655844907407408 0.024409722222222284 0.03298611111111107
1 0.35494791666666664 0.45956018518518515 0.02758101851851853 0.03457175925925924
1 0.5906597222222223 0.4800520833333334 0.02261574074074062 0.025162037037037167
1 0.5202141203703704 0.501400462962963 0.029328703703703597 0.0408333333333335
1 0.5183217592592593 0.46389467592592587 0.025925925925925953 0.03143518518518533
2 0.3662326388888889 0.5768055555555556 0.0822916666666667 0.1412037037037038
1 0.5091898148148148 0.41930555555555554 0.019444444444444466 0.02357638888888882
2 0.579849537037037 0.7478819444444446 0.11502314814814803 0.19143518518518512
1 0.38756944444444447 0.42699652777777775 0.022754629629629618 0.029849537037036987
2 0.5433564814814815 0.4125289351851852 0.01962962962962962 0.029826388888888822