2 0.7460995370370369 0.47784143518518524 0.11366898148148152 0.15776620370370367
2 0.18561921296296297 0.74609375 0.3129050925925926 0.5078125
1 0.7951736111111111 0.6753761574074074 0.08524305555555553 0.09847222222222207
1 0.8581192129629629 0.6471875 0.08000000000000007 0.08881944444444442
1 0.45498263888888885 0.5968287037037037 0.06649305555555554 0.09736111111111115
1 0.6638599537037037 0.6271122685185185 0.05453703703703709 0.079525462962963
1 0.6180324074074074 0.49749999999999994 0.032187499999999855 0.04394675925925924
1 0.4211342592592592 0.5379918981481481 0.04248842592592581 0.06012731481481488
1 0.4927893518518518 0.4597164351851852 0.02887731481481488 0.04063657407407408
1 0.6536342592592592 0.46769097222222217 0.031909722222222214 0.03925925925925924
1 0.6339988425925925 0.4385011574074074 0.025289351851851903 0.032638888888888926
1 0.5096238425925926 0.3890914351851852 0.018576388888888927 0.02445601851851853
1 0.5833969907407408 0.4253819444444444 0.021886574074074083 0.027766203703703595
1 0.6007581018518519 0.4030555555555555 0.018761574074074083 0.02758101851851862
1 0.5750694444444445 0.40309027777777773 0.017106481481481594 0.025925925925925953
1 0.4639525462962963 0.40662615740740743 0.02197916666666657 0.029328703703703597
1 0.45636574074074077 0.39683449074074073 0.018576388888888927 0.02445601851851853
1 0.6225347222222222 0.3895543981481481 0.01692129629629626 0.022800925925925954
1 0.5150347222222222 0.36216435185185186 0.015173611111111106 0.019583333333333286
1 0.5584664351851851 0.37252314814814813 0.015358796296296263 0.022708333333333285