1 0.8875 0.9 0.15 0.2
1 0.03046875 0.91796875 0.0609375 0.153125
1 0.296875 0.64765625 0.06015625 0.0765625
1 0.4 0.59375 0.04375 0.0625
1 0.23828125 0.61328125 0.0578125 0.06796875
1 0.9296875 0.82578125 0.12421875 0.159375
1 0.61484375 0.50390625 0.028125 0.04453125
1 0.3109375 0.52265625 0.03828125 0.0515625
1 0.4421875 0.478125 0.025 0.0390625
1 0.4625 0.41640625 0.01796875 0.025
1 0.4328125 0.41328125 0.01953125 0.0265625
2 0.36875 0.428125 0.05 0.08046875
1 0.534375 0.40546875 0.0140625 0.021875
1 0.596875 0.41796875 0.01640625 0.025
1 0.56875 0.38671875 0.0125 0.01796875
1 0.4046875 0.415625 0.01484375 0.0265625
1 0.47109375 0.39296875 0.0140625 0.01953125
1 0.4484375 0.3890625 0.01328125 0.021875
1 0.4453125 0.37265625 0.0109375 0.01796875