1 0.840625 0.9634317129629629 0.21145833333333322 0.07313657407407419
1 0.6020833333333334 0.8673148148148148 0.13583333333333342 0.16342592592592595
1 0.5794270833333333 0.6094618055555555 0.07437500000000004 0.08488425925925931
1 0.3978125 0.5089467592592593 0.059791666666666646 0.07696759259259256
1 0.7101041666666668 0.5432754629629629 0.055624999999999855 0.06131944444444457
1 0.3246354166666666 0.4888831018518519 0.06614583333333339 0.07857638888888889
1 0.6513541666666667 0.5756365740740741 0.06572916666666657 0.0723263888888889
1 0.6141666666666666 0.45120370370370366 0.040625 0.04715277777777782
1 0.5541666666666666 0.4296759259259259 0.035416666666666784 0.03930555555555557
1 0.6333854166666667 0.42323495370370373 0.03208333333333328 0.0361574074074074
1 0.6073958333333334 0.38478009259259255 0.02843750000000007 0.028321759259259238
2 0.44781250000000006 0.2984837962962963 0.03302083333333332 0.05021990740740741
1 0.5780208333333333 0.3775347222222222 0.026979166666666644 0.029872685185185155
1 0.4725 0.3525462962962963 0.025416666666666643 0.02986111111111107
1 0.548125 0.3741898148148148 0.030416666666666713 0.03458333333333332
1 0.5424479166666666 0.34759837962962964 0.02197916666666657 0.025150462962962992
1 0.4516145833333334 0.32037615740740744 0.021875 0.023587962962962995
1 0.49005208333333333 0.3112905092592593 0.016979166666666677 0.020428240740740743
1 0.57765625 0.3369270833333333 0.0203125 0.02357638888888882