2 0.20422453703703702 0.6704050925925926 0.2799768518518519 0.34408564814814807
1 0.3021759259259259 0.8116493055555555 0.12064814814814814 0.13164351851851847
2 0.3349884259259259 0.4960763888888889 0.06715277777777776 0.1050694444444444
1 0.3999768518518519 0.9558738425925926 0.14208333333333334 0.08825231481481488
1 0.619994212962963 0.6201967592592592 0.07174768518518526 0.0989583333333334
1 0.3442881944444444 0.6597048611111112 0.06678240740740744 0.08006944444444439
1 0.4230960648148148 0.615925925925926 0.05892361111111111 0.0767129629629629
1 0.3634722222222222 0.5782060185185185 0.05251157407407412 0.06559027777777775
1 0.6224479166666667 0.45457175925925924 0.04138888888888879 0.05276620370370377
1 0.386400462962963 0.5077604166666667 0.03343749999999997 0.04315972222222229
1 0.43406828703703704 0.5083912037037036 0.0350462962962963 0.04633101851851862
1 0.3721585648148148 0.4666956018518519 0.025416666666666643 0.02886574074074062
1 0.5822280092592592 0.4260243055555556 0.025462962962962975 0.03199074074074062
1 0.3987673611111111 0.46435763888888887 0.028611111111111143 0.033645833333333285
1 0.4439814814814815 0.4195833333333333 0.017511574074073978 0.02238425925925931
1 0.4346585648148148 0.46854745370370365 0.027094907407407477 0.03672453703703695
1 0.41971643518518514 0.42199074074074067 0.019074074074073976 0.02243055555555564
1 0.4421180555555555 0.43984953703703705 0.02068287037037031 0.0256018518518518
1 0.7987442129629629 0.5832870370370371 0.10672453703703724 0.14060185185185184
1 0.5308275462962964 0.4135590277777778 0.022291666666666644 0.02877314814814813