1 0.04258101851851852 0.9087442129629629 0.08516203703703704 0.1825115740740742
2 0.8623668981481482 0.7294965277777778 0.2470254629629629 0.4831365740740742
1 0.2257465277777778 0.7958796296296297 0.10747685185185185 0.14840277777777774
1 0.5798784722222222 0.6088541666666666 0.06049768518518519 0.09148148148148146
1 0.6681828703703704 0.609380787037037 0.06472222222222221 0.07592592592592595
1 0.5506249999999999 0.5146296296296297 0.03571759259259259 0.04582175925925931
1 0.6006944444444444 0.5130266203703704 0.03907407407407408 0.05368055555555564
2 0.4096412037037037 0.36638310185185186 0.019999999999999928 0.042465277777777824
1 0.5423263888888888 0.42540509259259257 0.021331018518518617 0.03467592592592581
1 0.5721296296296297 0.4219386574074074 0.022754629629629618 0.030011574074073975
2 0.6677025462962962 0.49369791666666674 0.06656249999999986 0.08532407407407412
1 0.5203993055555556 0.45321759259259264 0.026018518518518618 0.03474537037037031
1 0.5264988425925926 0.405630787037037 0.02119212962962962 0.02998842592592581
1 0.5585300925925927 0.40610532407407407 0.01471064814814831 0.022083333333333323
1 0.4964236111111111 0.39189814814814816 0.014664351851851798 0.02052083333333332
2 0.5090104166666667 0.41553240740740743 0.02445601851851862 0.03472222222222214