1 0.6712847222222222 0.9359375 0.14319444444444435 0.128125
1 0.36085069444444445 0.68359375 0.08993055555555554 0.125
1 0.67453125 0.6046875 0.06270833333333332 0.075
1 0.4579513888888889 0.4953125 0.043333333333333356 0.0609375
1 0.594375 0.5765625 0.05121527777777786 0.0625
1 0.7103645833333333 0.5671875 0.05107638888888886 0.059375
1 0.35704861111111114 0.5453125 0.06114583333333332 0.075
1 0.6333680555555555 0.5046875 0.03951388888888889 0.0453125
1 0.6647743055555555 0.490625 0.036250000000000074 0.0421875
1 0.4337152777777778 0.4421875 0.033055555555555574 0.040625
1 0.35619791666666667 0.4734375 0.037812499999999985 0.0421875
1 0.4881770833333333 0.41953125 0.02482638888888893 0.03125
2 0.9668229166666666 0.89609375 0.06635416666666671 0.2078125
1 0.5705208333333334 0.46171875 0.02993055555555557 0.040625
1 0.5658854166666666 0.41015625 0.02156249999999993 0.028125
1 0.5940798611111111 0.41171875 0.02156249999999993 0.028125
1 0.4303125 0.40078125 0.019791666666666784 0.0234375
1 0.6104861111111111 0.41171875 0.02142361111111111 0.025
1 0.5563888888888888 0.38984375 0.016666666666666784 0.0234375
1 0.5016319444444445 0.38828125 0.01836805555555543 0.0265625
1 0.47855902777777776 0.37890625 0.018090277777777785 0.0203125
1 0.4596354166666667 0.375 0.018090277777777785 0.0203125