1 0.2808969907407407 0.8934374999999999 0.13553240740740743 0.16023148148148145
1 0.43065972222222226 0.5404861111111111 0.05207175925925931 0.07027777777777774
2 0.2473900462962963 0.5896759259259259 0.27177083333333335 0.4157754629629629
1 0.4027546296296297 0.4655150462962963 0.03630787037037031 0.05106481481481477
1 0.5223090277777778 0.3596064814814815 0.01892361111111107 0.023993055555555552
1 0.48261574074074076 0.38109953703703703 0.026805555555555572 0.03359953703703704
1 0.4179166666666667 0.4025520833333333 0.02998842592592581 0.04150462962962962
1 0.4883796296296296 0.42078125 0.029942129629629655 0.03525462962962962
1 0.4567476851851852 0.3701446759259259 0.02524305555555557 0.03355324074074071
0 0.48302083333333334 0.3302951388888889 0.03474537037037031 0.05101851851851853
1 0.6310011574074074 0.3696701388888889 0.01892361111111107 0.023993055555555642
1 0.4460821759259259 0.40718750000000004 0.029988425925925988 0.04150462962962962
1 0.6018981481481481 0.3439641203703704 0.014201388888888822 0.019166666666666644
1 0.6183854166666667 0.35441550925925924 0.015798611111111072 0.023900462962962978