1 0.23362847222222224 0.9049479166666667 0.13781250000000006 0.17366898148148166
2 0.12336805555555555 0.6313657407407407 0.2467361111111111 0.4096064814814815
1 0.15652199074074075 0.7620949074074075 0.12811342592592592 0.16238425925925917
1 0.6480729166666667 0.9463831018518519 0.14290509259259246 0.10723379629629619
1 0.7003935185185185 0.6461516203703704 0.06012731481481488 0.08026620370370381
1 0.5521932870370371 0.60625 0.05061342592592588 0.07523148148148148
1 0.3157581018518519 0.5615162037037037 0.05658564814814815 0.06608796296296297
1 0.3910763888888889 0.5799479166666666 0.05189814814814806 0.0659143518518519
1 0.82203125 0.9847222222222222 0.14707175925925925 0.030555555555555714
1 0.4350983796296296 0.4932002314814815 0.030891203703703594 0.041724537037037025
1 0.40197916666666667 0.42314814814814816 0.019537037037036954 0.027256944444444466
1 0.4577662037037037 0.4408564814814815 0.02109953703703695 0.027314814814814882
1 0.42610532407407414 0.42717013888888894 0.02109953703703695 0.027314814814814882
1 0.6164641203703705 0.4960069444444445 0.027673611111111284 0.03848379629629619
1 0.4454340277777778 0.4083333333333334 0.017928240740740797 0.025636574074074048
1 0.4759722222222223 0.4071180555555555 0.014664351851851975 0.02083333333333339
1 0.5872453703703704 0.4526909722222222 0.019537037037036954 0.027256944444444466
0 0.3353587962962963 0.45431134259259254 0.07015046296296301 0.10248842592592596
1 0.5329976851851852 0.43582175925925926 0.01949074074074062 0.025694444444444464
1 0.5586458333333333 0.4148726851851851 0.016319444444444286 0.02401620370370381
1 0.4875578703703704 0.38564814814814813 0.013009259259259309 0.017650462962962975
1 0.4540335648148148 0.3820601851851852 0.013009259259259309 0.017650462962962975
1 0.4260879629629629 0.4013599537037037 0.017881944444444464 0.024074074074074046