1 0.8085474537037036 0.8949999999999999 0.18260416666666685 0.11041666666666643
2 0.09264467592592593 0.6160416666666666 0.18528935185185186 0.3710416666666667
1 0.23918402777777778 0.7957291666666666 0.11400462962962958 0.16354166666666678
1 0.06770543981481482 0.8041145833333333 0.13541087962962964 0.16979166666666679
2 0.6483854166666667 0.5111458333333333 0.13864583333333336 0.2057291666666668
1 0.35789351851851847 0.55234375 0.05350694444444439 0.06906250000000007
2 0.3193229166666667 0.4067708333333334 0.08623842592592598 0.12114583333333329
1 0.28184027777777776 0.5402604166666667 0.05814814814814815 0.06781249999999997
1 0.38635416666666667 0.48651041666666667 0.04215277777777775 0.05427083333333336
1 0.3433912037037037 0.46286458333333336 0.03557870370370377 0.042916666666666714
1 0.5742997685185186 0.43265624999999996 0.025833333333333285 0.02979166666666657
1 0.40737847222222223 0.3821875 0.02109953703703695 0.02791666666666668
1 0.5098900462962963 0.4486458333333333 0.032453703703703596 0.042708333333333216
1 0.43184606481481486 0.3984895833333334 0.02436342592592595 0.0328125
1 0.5022974537037037 0.3891145833333334 0.02109953703703695 0.02791666666666668
1 0.5393981481481481 0.42640625 0.02109953703703695 0.0279166666666665
2 0.37624421296296295 0.38036458333333334 0.03746527777777775 0.05395833333333329
2 0.367181712962963 0.42307291666666663 0.047395833333333304 0.07333333333333343
2 0.4598726851851852 0.32098958333333333 0.019722222222222287 0.034062500000000016