1 0.20953125 0.7253298611111111 0.11802083333333338 0.13211805555555553
2 0.33546875 0.5136284722222222 0.09708333333333333 0.1456944444444444
1 0.35281250000000003 0.6681597222222223 0.08354166666666671 0.106388888888889
1 0.22177083333333333 0.568576388888889 0.07218749999999999 0.0764930555555555
1 0.2563020833333333 0.9339756944444446 0.12166666666666667 0.06979166666666643
2 0.42432291666666666 0.37942708333333336 0.05437499999999993 0.09013888888888895
1 0.5917708333333334 0.5908680555555555 0.06166666666666672 0.08249999999999993
1 0.6702083333333333 0.4881944444444445 0.045937499999999964 0.05718750000000004
1 0.44437499999999996 0.4572222222222223 0.0359375 0.04760416666666671
1 0.3770833333333333 0.480625 0.03458333333333332 0.050694444444444285
1 0.3980208333333334 0.44260416666666663 0.03729166666666668 0.044513888888888783
1 0.3703645833333334 0.42678819444444444 0.030625000000000034 0.038124999999999964
1 0.5908854166666666 0.43675347222222227 0.027395833333333286 0.03649305555555564
2 0.47619791666666667 0.3712326388888889 0.029062500000000036 0.038090277777777716
1 0.5766666666666667 0.41125 0.02385416666666664 0.030173611111111144
1 0.46296874999999993 0.40751736111111114 0.027083333333333216 0.03180555555555564
1 0.5984375 0.3974652777777778 0.018645833333333427 0.022256944444444392
1 0.39135416666666667 0.40128472222222217 0.027395833333333376 0.03649305555555564
1 0.5347916666666667 0.34645833333333337 0.012083333333333357 0.01743055555555557
1 0.49468750000000006 0.3434375 0.01708333333333343 0.022222222222222143