1 0.9026504629629631 0.8288599537037037 0.11488425925925938 0.204548611111111
1 0.2842824074074074 0.9588831018518519 0.14020833333333335 0.0822337962962962
1 0.10287615740740741 0.7908738425925926 0.10804398148148149 0.1153935185185185
1 0.3700925925925926 0.6342303240740741 0.05600694444444443 0.0780555555555555
1 0.22958912037037038 0.7693749999999999 0.10952546296296291 0.1403935185185187
1 0.24184027777777778 0.6023263888888889 0.055358796296296295 0.0671180555555555
2 0.5926099537037037 0.4380902777777777 0.06751157407407397 0.11454861111111114
1 0.40039351851851857 0.4933391203703704 0.03209490740740737 0.04238425925925924
1 0.39697337962962964 0.43198495370370366 0.018576388888888927 0.02445601851851862
1 0.3536458333333333 0.5148726851851851 0.03540509259259261 0.04569444444444457
1 0.4195717592592592 0.4607638888888889 0.023726851851851905 0.03254629629629626
1 0.5232812499999999 0.3908622685185185 0.015266203703703596 0.021145833333333287
1 0.42891203703703706 0.4354456018518519 0.018761574074074083 0.02758101851851862
2 0.3521527777777778 0.4606886574074075 0.039456018518518474 0.06150462962962955
1 0.4406481481481482 0.3961574074074074 0.015266203703703596 0.021145833333333374