1 0.71875 0.90859375 0.125 0.1828125
1 0.36484375 0.72890625 0.0703125 0.103125
1 0.83046875 0.72265625 0.0953125 0.115625
1 0.32265625 0.59921875 0.0484375 0.0625
1 0.0828125 0.78046875 0.06015625 0.121875
2 0.346875 0.44296875 0.06640625 0.10859375
1 0.2453125 0.59140625 0.05703125 0.0640625
1 0.61328125 0.49453125 0.0296875 0.04453125
1 0.434375 0.51640625 0.03203125 0.04453125
1 0.3875 0.48828125 0.03125 0.0484375
1 0.6 0.43515625 0.0203125 0.02890625
2 0.184375 0.76015625 0.16484375 0.27109375
1 0.53125 0.39921875 0.01328125 0.02109375
1 0.5640625 0.42265625 0.01640625 0.0265625
1 0.475 0.38671875 0.01328125 0.01796875
1 0.4140625 0.440625 0.02421875 0.03046875
1 0.55390625 0.39765625 0.0140625 0.02109375
1 0.4609375 0.41328125 0.01796875 0.0234375
0 0.40546875 0.39921875 0.0265625 0.05703125
1 0.575 0.39296875 0.01328125 0.01953125
1 0.43515625 0.38046875 0.0140625 0.01953125
1 0.45390625 0.44765625 0.021875 0.03203125
1 0.5609375 0.378125 0.0109375 0.01953125
1 0.4875 0.36640625 0.01171875 0.01953125