1 0.7109375 0.871875 0.1046875 0.19296875
1 0.4046875 0.63828125 0.04921875 0.07890625
1 0.2890625 0.64921875 0.06640625 0.09609375
1 0.7703125 0.62578125 0.0578125 0.07890625
1 0.56640625 0.53515625 0.034375 0.05703125
1 0.28671875 0.54921875 0.0453125 0.0515625
1 0.4421875 0.49296875 0.03203125 0.05
1 0.3984375 0.471875 0.02734375 0.0359375
1 0.35 0.47890625 0.03203125 0.0390625
1 0.61953125 0.50546875 0.03125 0.04453125
1 0.378125 0.434375 0.01796875 0.025
1 0.5421875 0.434375 0.01875 0.03203125
1 0.5703125 0.42578125 0.0171875 0.0265625
1 0.55390625 0.39921875 0.0140625 0.01796875
1 0.4265625 0.41796875 0.0171875 0.025
1 0.525 0.38046875 0.01171875 0.01640625
1 0.41875 0.396875 0.01328125 0.01796875
1 0.45625 0.43203125 0.01875 0.03046875
2 0.546875 0.346875 0.0140625 0.03203125
1 0.4734375 0.38046875 0.01171875 0.01953125