1 0.721394675925926 0.916652199074074 0.13968750000000013 0.1666956018518519
1 0.5455960648148148 0.8478009259259259 0.10365740740740748 0.17065972222222214
1 0.13914930555555555 0.651099537037037 0.08818287037037038 0.09369212962962958
1 0.27945601851851853 0.7541666666666667 0.08129629629629634 0.10902777777777786
1 0.7880150462962963 0.8528645833333334 0.11936342592592589 0.1462962962962962
1 0.23515625 0.6429108796296296 0.07696759259259256 0.08859953703703702
1 0.22397569444444443 0.567332175925926 0.055081018518518474 0.06128472222222214
1 0.3550289351851852 0.6019386574074075 0.04552083333333332 0.0578125
1 0.2985011574074074 0.49884259259259256 0.03172453703703706 0.03547453703703703
1 0.37527777777777777 0.5377025462962963 0.03715277777777777 0.04814814814814809
1 0.3673090277777778 0.4739872685185185 0.026851851851851904 0.032175925925925955
1 0.5284837962962963 0.46273148148148147 0.01885416666666657 0.028761574074074047
1 0.4989293981481481 0.4725983796296296 0.02197916666666657 0.02887731481481488
1 0.5382118055555555 0.49675925925925923 0.025289351851851903 0.03211805555555554
1 0.4289525462962963 0.4379050925925926 0.015451388888888928 0.023958333333333214
1 0.4053587962962963 0.47931134259259256 0.026944444444444392 0.03373842592592595
1 0.49063078703703705 0.42766203703703703 0.015266203703703773 0.020833333333333214
1 0.39098958333333333 0.44432870370370364 0.021886574074074083 0.027314814814814882
2 0.4496122685185185 0.3799479166666667 0.020787037037036882 0.035069444444444466