1 0.028778935185185185 0.7575810185185186 0.05755787037037037 0.18171296296296297
1 0.7768113425925927 0.8043576388888889 0.10865740740740737 0.11486111111111122
1 0.32961226851851855 0.6404918981481481 0.07731481481481488 0.10212962962962954
1 0.6242013888888889 0.6304976851851852 0.053622685185185225 0.06758101851851847
1 0.5476446759259259 0.6302835648148148 0.05679398148148138 0.07385416666666664
1 0.4495601851851852 0.4778935185185185 0.03158564814814824 0.04554398148148149
1 0.6266319444444445 0.5132986111111111 0.029976851851851904 0.039282407407407405
1 0.3763136574074074 0.45265625 0.028391203703703738 0.03614583333333332
1 0.4297627314814815 0.4085127314814815 0.022083333333333323 0.02828703703703699
1 0.4098321759259259 0.46256365740740735 0.029976851851851904 0.039282407407407405
1 0.568599537037037 0.4379513888888889 0.020509259259259238 0.026712962962962904
1 0.5860821759259259 0.503443287037037 0.029976851851851904 0.039282407407407405
1 0.5413946759259259 0.41940393518518526 0.018935185185185156 0.025138888888889
1 0.546255787037037 0.5013946759259259 0.03314814814814824 0.04555555555555557
1 0.5942997685185185 0.4486979166666666 0.02364583333333332 0.028298611111111073
1 0.5519907407407407 0.4654166666666667 0.02836805555555557 0.03302083333333332
1 0.5742361111111112 0.41525462962962967 0.01734953703703699 0.02200231481481474