2 0.10234375 0.709375 0.2046875 0.3265625
1 0.91328125 0.80078125 0.1109375 0.14609375
1 0.215625 0.78671875 0.0953125 0.11796875
1 0.3640625 0.74921875 0.08359375 0.14296875
1 0.75 0.61171875 0.0625 0.0765625
1 0.32578125 0.58984375 0.0578125 0.07890625
2 0.44375 0.38046875 0.025 0.05859375
1 0.26875 0.57265625 0.0484375 0.05703125
1 0.4203125 0.55859375 0.03515625 0.05
1 0.31875 0.50703125 0.03828125 0.04453125
1 0.4421875 0.48515625 0.02734375 0.0375
1 0.371875 0.45546875 0.025 0.03046875
1 0.4203125 0.4328125 0.01953125 0.0265625
2 0.475 0.38203125 0.01484375 0.03046875
1 0.5265625 0.39296875 0.0125 0.01953125
2 0.5546875 0.35546875 0.01328125 0.03046875
1 0.5921875 0.415625 0.01640625 0.025
1 0.45625 0.44296875 0.01953125 0.028125
2 0.6296875 0.51796875 0.0484375 0.103125
1 0.546875 0.39296875 0.01328125 0.01953125
1 0.3828125 0.48828125 0.03671875 0.05703125