2 0.7907407407407407 0.7223379629629629 0.39074074074074067 0.5368055555555553
1 0.5877835648148148 0.9041724537037037 0.12857638888888873 0.17526620370370374
1 0.3039988425925926 0.6249074074074075 0.0672569444444445 0.10876157407407412
1 0.5265567129629629 0.5458622685185185 0.04574074074074073 0.06783564814814813
1 0.5129282407407407 0.4523553240740741 0.035810185185185264 0.04894675925925931
1 0.5689467592592592 0.4593344907407408 0.03571759259259259 0.04582175925925931
1 0.3791319444444444 0.4348148148148148 0.03287037037037042 0.05515046296296298
1 0.4852835648148148 0.35749421296296297 0.017928240740740797 0.025254629629629655
1 0.4966956018518519 0.39402777777777775 0.02431712962962962 0.030034722222222233
1 0.5350462962962963 0.39111689814814815 0.02431712962962962 0.030034722222222233
1 0.5101678240740741 0.36103009259259256 0.017928240740740797 0.025254629629629655
1 0.5835706018518518 0.4138252314814815 0.027627314814814775 0.03633101851851848
1 0.4019097222222222 0.40402199074074074 0.02459490740740744 0.039409722222222145
2 0.5254340277777778 0.3201967592592593 0.03121527777777775 0.05200231481481481
1 0.35377893518518516 0.3680324074074074 0.022847222222222286 0.03313657407407407
1 0.5421527777777777 0.36211805555555554 0.01792824074074062 0.025254629629629655
1 0.3556770833333333 0.4093923611111111 0.026064814814814773 0.03630787037037031