1 0.79765625 0.79765625 0.1046875 0.15703125
2 0.1 0.8390625 0.2 0.321875
2 0.40703125 0.42109375 0.04375 0.1109375
1 0.33125 0.5953125 0.05078125 0.0625
1 0.2484375 0.74296875 0.08046875 0.10546875
1 0.409375 0.58046875 0.04453125 0.0609375
1 0.3234375 0.51015625 0.03125 0.04296875
1 0.60625 0.49921875 0.02734375 0.04296875
1 0.4390625 0.48828125 0.02734375 0.040625
1 0.5984375 0.42421875 0.02109375 0.034375
1 0.4734375 0.39296875 0.01328125 0.01953125
1 0.5375 0.41796875 0.01796875 0.028125
1 0.45625 0.44140625 0.01953125 0.03046875
1 0.4375 0.4078125 0.01328125 0.0265625
1 0.521875 0.365625 0.01015625 0.01640625
1 0.4828125 0.371875 0.01171875 0.01796875
2 0.44453125 0.365625 0.0140625 0.0359375
1 0.2640625 0.56796875 0.06015625 0.08359375