1 0.27041666666666664 0.6645138888888888 0.07354166666666666 0.0968055555555555
1 0.45515624999999993 0.6424131944444444 0.06635416666666671 0.10600694444444443
2 0.91484375 0.8200520833333332 0.1703125 0.3250347222222224
2 0.47062499999999996 0.3815277777777778 0.02677083333333332 0.050520833333333307
1 0.74921875 0.6171006944444445 0.059791666666666646 0.07777777777777786
1 0.6205729166666666 0.5065104166666666 0.03083333333333336 0.04125000000000014
1 0.6489583333333333 0.5802083333333333 0.04281249999999996 0.05711805555555553
2 0.7706770833333334 0.5282118055555556 0.07041666666666657 0.096736111111111
1 0.46708333333333335 0.4809722222222222 0.029062500000000036 0.038090277777777716
1 0.6867708333333333 0.5253819444444444 0.040625 0.04770833333333328
1 0.44109375 0.44321180555555556 0.022083333333333323 0.027013888888888893
1 0.71015625 0.4888715277777778 0.03375000000000004 0.03819444444444446
1 0.5843229166666667 0.4087326388888889 0.01708333333333343 0.022222222222222143
1 0.6316666666666666 0.43819444444444444 0.02062500000000007 0.028541666666666642
1 0.6079166666666667 0.4575 0.024062499999999966 0.03329861111111114
1 0.6855208333333334 0.6709375 0.08052083333333329 0.1546875
1 0.49932291666666667 0.41296874999999994 0.0171875 0.023784722222222145
1 0.6584375 0.42899305555555556 0.0203125 0.02385416666666664
1 0.6125 0.40888888888888886 0.015520833333333428 0.022187500000000072
1 0.6835416666666667 0.4534722222222222 0.024062500000000143 0.03329861111111114
1 0.5177604166666667 0.38439236111111114 0.013749999999999929 0.01902777777777782
1 0.6676041666666667 0.4491319444444445 0.022395833333333216 0.03170138888888889