1 0.3125 0.86484375 0.09453125 0.14609375
1 0.14765625 0.71796875 0.0953125 0.096875
1 0.3078125 0.628125 0.05859375 0.0734375
1 0.26875 0.56484375 0.05234375 0.0625
1 0.45234375 0.47421875 0.0234375 0.0375
1 0.4015625 0.415625 0.01953125 0.028125
1 0.3765625 0.45078125 0.02578125 0.03203125
1 0.4671875 0.40390625 0.015625 0.01953125
1 0.43125 0.415625 0.01796875 0.0234375
1 0.4296875 0.49453125 0.0390625 0.08046875
1 0.534375 0.409375 0.015625 0.0234375
1 0.58125 0.40234375 0.0140625 0.02109375
1 0.4796875 0.378125 0.01328125 0.01953125
1 0.4140625 0.453125 0.021875 0.03046875
1 0.4453125 0.39921875 0.01484375 0.02109375
1 0.5328125 0.39140625 0.01328125 0.01953125
1 0.521875 0.36171875 0.01015625 0.015625
1 0.55078125 0.36171875 0.0109375 0.015625