1 0.702193287037037 0.896412037037037 0.12853009259259257 0.17278935185185204
1 0.33663194444444444 0.7640451388888889 0.10744212962962969 0.1991898148148147
1 0.7698495370370371 0.7282002314814815 0.0891319444444445 0.10844907407407404
1 0.8105902777777777 0.6269618055555556 0.06793981481481488 0.07861111111111115
1 0.33872685185185186 0.5711342592592592 0.05856481481481479 0.07854166666666665
1 0.6037731481481481 0.5535706018518518 0.04877314814814824 0.06440972222222215
2 0.6340219907407407 0.38820601851851855 0.05282407407407419 0.09568287037037031
1 0.4480555555555556 0.4649363425925926 0.037650462962962906 0.058078703703703737
2 0.3833564814814815 0.39025462962962965 0.05608796296296301 0.10039351851851856
1 0.6638541666666666 0.5251157407407407 0.045462962962962906 0.05813657407407415
1 0.6924074074074074 0.48705439814814816 0.03888888888888893 0.04715277777777782
1 0.40092592592592596 0.45599537037037036 0.03254629629629626 0.04398148148148149
1 0.5884837962962963 0.40661458333333333 0.022754629629629618 0.029849537037036987
1 0.5470949074074074 0.3805324074074074 0.02109953703703695 0.026712962962962994
1 0.4456944444444444 0.38524884259259257 0.019537037037036954 0.026701388888888823
1 0.4809837962962963 0.3636400462962963 0.017881944444444464 0.02356481481481474
1 0.5578125 0.4259143518518519 0.024409722222222284 0.03298611111111107
1 0.6016782407407407 0.4301446759259259 0.027627314814814775 0.03613425925925924
2 0.5938252314814815 0.34963541666666664 0.024687499999999928 0.04236111111111107
1 0.44474537037037043 0.35321759259259256 0.014618055555555643 0.01885416666666666
1 0.5799537037037037 0.38233796296296296 0.02109953703703695 0.026712962962962904
1 0.5345659722222222 0.35310185185185183 0.01627314814814813 0.021990740740740745
1 0.4857349537037036 0.33946180555555555 0.014618055555555643 0.01885416666666666