1 0.7782407407407408 0.913888888888889 0.1294560185185185 0.16996527777777787
1 0.9719907407407409 0.820949074074074 0.056018518518518336 0.13530092592592596
1 0.21984953703703702 0.9233217592592592 0.15844907407407405 0.15335648148148168
2 0.6194444444444445 0.4319733796296297 0.06909722222222214 0.13344907407407405
1 0.838136574074074 0.5234375 0.09895833333333356 0.11585648148148149
1 0.433130787037037 0.6619212962962964 0.06498842592592595 0.09901620370370381
1 0.6217881944444444 0.6003472222222223 0.05208333333333322 0.07204861111111108
2 0.8192418981481481 0.5944155092592592 0.17123842592592595 0.2291666666666666
1 0.31571180555555556 0.5913483796296296 0.05092592592592595 0.05642361111111107
1 0.38527199074074076 0.5837962962962963 0.048263888888888926 0.06255787037037042
1 0.6878472222222223 0.5770833333333334 0.04814814814814809 0.06099537037037024
1 0.39924768518518516 0.46744791666666663 0.02910879629629628 0.035358796296296194
2 0.6900462962962963 0.4805555555555555 0.08663194444444447 0.1387731481481481
1 0.45 0.4373842592592593 0.02251157407407405 0.03043981481481488
1 0.5864872685185185 0.5024305555555555 0.0328125 0.04328703703703703
1 0.5717881944444445 0.47228009259259257 0.026099537037037025 0.036805555555555716
1 0.5480613425925925 0.4254340277777778 0.019039351851851904 0.025636574074074048
1 0.7052662037037037 0.45462962962962966 0.04010416666666661 0.05758101851851851
1 0.7701967592592592 0.4687210648148149 0.056076388888888926 0.06284722222222214
1 0.5658275462962963 0.41284722222222225 0.017129629629629585 0.02089120370370363
1 0.7978877314814815 0.495457175925926 0.05711805555555571 0.07690972222222214
1 0.7105613425925925 0.5155960648148149 0.04467592592592595 0.05619212962962976
1 0.540162037037037 0.41345486111111107 0.018807870370370416 0.02251157407407405