1 0.2501215277777778 0.618292824074074 0.08357638888888888 0.10373842592592589
2 0.38655671296296296 0.44663773148148145 0.09165509259259261 0.1397337962962963
1 0.3703935185185185 0.6246527777777777 0.06626157407407404 0.08642361111111115
1 0.7270833333333334 0.6733912037037036 0.08048611111111122 0.10840277777777771
1 0.5540625 0.5103819444444444 0.04894675925925931 0.06910879629629622
2 0.4425289351851852 0.4845543981481482 0.04266203703703706 0.06437500000000007
1 0.61390625 0.5530150462962963 0.04427083333333322 0.07063657407407416
2 0.5986342592592593 0.3997685185185185 0.036400462962962975 0.06276620370370374
1 0.6153125 0.4686458333333333 0.026828703703703737 0.03613425925925924
1 0.44697337962962963 0.41192708333333333 0.022083333333333323 0.02828703703703699
1 0.5462905092592593 0.39938078703703705 0.01736111111111107 0.023564814814814827
1 0.4884895833333333 0.3973900462962963 0.018935185185185156 0.025138888888888912
2 0.47303240740740743 0.37461805555555555 0.026840277777777644 0.037696759259259235
2 0.510619212962963 0.3631770833333333 0.020567129629629654 0.034525462962962994
1 0.5704803240740741 0.4034664351851852 0.0205208333333335 0.028275462962962905
1 0.45570601851851855 0.3932407407407407 0.018935185185185156 0.025138888888888912