2 0.8750868055555555 0.7310532407407407 0.24982638888888892 0.516736111111111
1 0.6676504629629629 0.6298726851851851 0.06932870370370381 0.09311342592592595
1 0.6852141203703704 0.4974363425925926 0.04803240740740726 0.05846064814814813
1 0.626244212962963 0.41931712962962964 0.03425925925925917 0.04108796296296298
1 0.7425636574074075 0.49032986111111115 0.04444444444444447 0.052164351851851976
1 0.5878472222222222 0.43943865740740745 0.03258101851851851 0.03950231481481481
1 0.663888888888889 0.41015625 0.037962962962962976 0.04894675925925931
1 0.6145833333333334 0.3569212962962963 0.02251157407407405 0.029988425925925898
1 0.5916377314814815 0.3744675925925926 0.02418981481481488 0.03157407407407416
1 0.6374710648148147 0.38082754629629634 0.024305555555555535 0.03313657407407415
0 0.5895254629629629 0.31427662037037035 0.038541666666666606 0.05675925925925931
1 0.5455729166666666 0.3438657407407407 0.020486111111111073 0.02371527777777782
1 0.44103009259259257 0.3156944444444444 0.013773148148148095 0.017372685185185154
1 0.5259548611111111 0.3113078703703704 0.01400462962962976 0.020497685185185154