1 0.0609375 0.81171875 0.121875 0.14609375
1 0.2140625 0.80546875 0.09921875 0.128125
1 0.6609375 0.82421875 0.08984375 0.1765625
1 0.7546875 0.61953125 0.06640625 0.096875
1 0.321875 0.58046875 0.0578125 0.078125
1 0.4109375 0.56171875 0.04140625 0.0625
1 0.29765625 0.53828125 0.0453125 0.05703125
1 0.440625 0.48671875 0.0265625 0.04296875
1 0.375 0.50546875 0.0328125 0.04140625
1 0.41875 0.43671875 0.01875 0.0265625
1 0.5375 0.41796875 0.01875 0.025
1 0.55625 0.39921875 0.0140625 0.02109375
1 0.3875 0.428125 0.01953125 0.028125
1 0.415625 0.40390625 0.01640625 0.021875
1 0.4578125 0.41796875 0.0171875 0.028125
1 0.4375 0.4140625 0.01484375 0.025
2 0.5671875 0.37265625 0.01875 0.0375
1 0.46875 0.390625 0.01328125 0.021875
2 0.4890625 0.35078125 0.01171875 0.0234375
2 0.45390625 0.35546875 0.0140625 0.028125