1 0.95 0.86796875 0.09765625 0.175
2 0.1140625 0.73671875 0.228125 0.4515625
1 0.7515625 0.765625 0.0921875 0.1359375
1 0.4 0.60234375 0.05 0.084375
1 0.3140625 0.60703125 0.05625 0.06953125
1 0.425 0.509375 0.03125 0.04296875
1 0.3765625 0.509375 0.034375 0.05
2 0.55625 0.3578125 0.01484375 0.040625
1 0.4296875 0.421875 0.01875 0.03203125
1 0.4015625 0.4203125 0.01953125 0.0265625
2 0.3109375 0.49453125 0.05703125 0.078125
1 0.4515625 0.44765625 0.02265625 0.03203125
1 0.44453125 0.40234375 0.0171875 0.0265625
1 0.4125 0.40390625 0.01328125 0.01953125
1 0.4734375 0.38671875 0.01328125 0.01796875
2 0.46171875 0.41015625 0.0203125 0.03203125