1 0.7383159722222222 0.8831944444444444 0.13093749999999993 0.1751504629629629
1 0.8089756944444444 0.7380787037037037 0.10690972222222221 0.1255787037037038
2 0.6647222222222222 0.4424363425925925 0.09815972222222218 0.13915509259259268
1 0.8105902777777777 0.6136574074074075 0.07548611111111114 0.08497685185185197
1 0.29947916666666663 0.7672569444444445 0.10142361111111109 0.1424421296296295
1 0.048454861111111115 0.9678645833333335 0.0732986111111111 0.06427083333333314
1 0.33001736111111113 0.5558506944444445 0.04930555555555553 0.05711805555555553
1 0.5772048611111111 0.5263831018518518 0.039861111111111215 0.055069444444444574
1 0.390625 0.5488136574074074 0.04802083333333336 0.06328703703703695
2 0.6008680555555556 0.3991898148148148 0.038854166666666676 0.067488425925926
1 0.43284722222222227 0.44450810185185186 0.02312499999999993 0.029259259259259273
1 0.45810763888888884 0.4575636574074074 0.02666666666666657 0.03879629629629626
1 0.6115277777777777 0.4764814814814815 0.03142361111111107 0.04060185185185183
1 0.46708333333333335 0.4141782407407407 0.019930555555555608 0.027534722222222287
1 0.5538020833333334 0.45391203703703703 0.02972222222222225 0.03739583333333325
1 0.4378993055555556 0.4189293981481481 0.018229166666666786 0.024328703703703703
1 0.6353125000000001 0.5051215277777777 0.044756944444444356 0.05999999999999996
1 0.5343055555555555 0.41688078703703707 0.01993055555555543 0.027534722222222287
2 0.41631944444444446 0.39353587962962966 0.0374305555555555 0.0705324074074074
1 0.5643055555555556 0.4113888888888889 0.021354166666666785 0.02449074074074069