1 0.93046875 0.82421875 0.13125 0.17890625
1 0.29296875 0.93984375 0.1203125 0.1203125
1 0.1296875 0.73671875 0.0890625 0.09609375
1 0.3984375 0.60078125 0.04296875 0.06796875
1 0.2546875 0.72265625 0.08515625 0.12109375
1 0.2765625 0.56171875 0.04375 0.05703125
2 0.6265625 0.42421875 0.046875 0.10390625
1 0.4375 0.465625 0.02421875 0.0375
1 0.43671875 0.40703125 0.0140625 0.021875
1 0.38984375 0.484375 0.0265625 0.040625
1 0.4578125 0.43515625 0.01875 0.02890625
1 0.5625 0.37421875 0.01171875 0.01796875
1 0.46796875 0.41171875 0.0140625 0.0234375
2 0.3921875 0.43203125 0.02890625 0.05546875
1 0.48125 0.37421875 0.01171875 0.01796875