1 0.3125 0.91953125 0.11328125 0.15859375
2 0.1296875 0.671875 0.259375 0.37109375
1 0.21484375 0.790625 0.1046875 0.14453125
1 0.72890625 0.925 0.121875 0.15
1 0.73125 0.590625 0.05 0.071875
1 0.5796875 0.57421875 0.03984375 0.06796875
1 0.340625 0.56796875 0.0484375 0.05859375
1 0.4171875 0.57421875 0.04296875 0.059375
1 0.90703125 0.95 0.1328125 0.1
1 0.44765625 0.48125 0.025 0.0375
1 0.4046875 0.41796875 0.015625 0.025
1 0.46171875 0.4265625 0.0171875 0.025
1 0.4296875 0.41796875 0.0171875 0.025
1 0.6265625 0.45546875 0.02109375 0.03359375
1 0.44453125 0.396875 0.0140625 0.0234375
1 0.475 0.390625 0.0125 0.01953125
1 0.590625 0.41796875 0.01640625 0.025
0 0.34375 0.459375 0.05625 0.09296875
1 0.53515625 0.41015625 0.015625 0.0234375
1 0.5578125 0.38515625 0.0125 0.02109375
1 0.4828125 0.36796875 0.0109375 0.01640625
1 0.44921875 0.36953125 0.0109375 0.01640625
1 0.42578125 0.39296875 0.0140625 0.021875