1 0.3421875 0.784375 0.08203125 0.13203125
1 0.26328125 0.69921875 0.0765625 0.10390625
1 0.42734375 0.54609375 0.0359375 0.05
1 0.36171875 0.46484375 0.0265625 0.0375
1 0.4109375 0.46171875 0.02421875 0.034375
1 0.38828125 0.42734375 0.01875 0.0265625
1 0.59453125 0.41796875 0.0171875 0.025
1 0.5546875 0.40390625 0.01484375 0.021875
1 0.42421875 0.4265625 0.01875 0.025
1 0.47265625 0.39296875 0.0140625 0.01953125
1 0.459375 0.41796875 0.01796875 0.028125
2 0.18125 0.63515625 0.14453125 0.15390625
0 0.40625 0.38046875 0.02578125 0.053125
2 0.54453125 0.34140625 0.0140625 0.025
1 0.3875 0.49296875 0.03125 0.046875
2 0.44375 0.459375 0.03125 0.05