1 0.0008101851851851832 0.8859375 0.0016203703703703664 0.0875
1 0.7278935185185185 0.95546875 0.17673611111111107 0.0890625
1 0.10688657407407406 0.7 0.11892361111111112 0.13125
1 0.28718171296296297 0.64140625 0.07204861111111108 0.0890625
1 0.33729745370370373 0.5328125 0.05063657407407405 0.059375
1 0.48576388888888894 0.46875 0.03611111111111107 0.046875
1 0.25321180555555556 0.46171875 0.04241898148148149 0.0484375
1 0.38807870370370373 0.38515625 0.019733796296296367 0.0265625
1 0.2861400462962963 0.50078125 0.04265046296296297 0.0546875
1 0.3935474537037037 0.42734375 0.02795138888888893 0.0375
2 0.5320023148148147 0.38046875 0.036805555555555536 0.065625
1 0.4804108796296296 0.38125 0.01799768518518512 0.021875
1 0.41203703703703703 0.3921875 0.022916666666666606 0.028125
1 0.34210069444444446 0.42421875 0.02951388888888893 0.0375
1 0.3321469907407407 0.39765625 0.02615740740740744 0.03125
1 0.525144675925926 0.41796875 0.024537037037037024 0.0296875
1 0.36435185185185187 0.371875 0.01973379629629628 0.0265625
1 0.3900173611111111 0.35390625 0.017997685185185207 0.021875
1 0.429369212962963 0.3671875 0.018055555555555537 0.0234375