1 0.215625 0.79296875 0.10234375 0.125
1 0.3 0.92890625 0.11796875 0.14140625
2 0.36015625 0.428125 0.059375 0.1125
1 0.68125 0.65234375 0.06640625 0.0875
1 0.5828125 0.5953125 0.0453125 0.0734375
1 0.759375 0.621875 0.059375 0.08203125
1 0.41953125 0.540625 0.0328125 0.0515625
1 0.2765625 0.571875 0.04609375 0.05703125
1 0.3828125 0.50546875 0.0328125 0.04453125
1 0.4625 0.421875 0.01796875 0.025
1 0.54375 0.43671875 0.01953125 0.02890625
1 0.4328125 0.41796875 0.01796875 0.025
1 0.5875 0.4515625 0.02109375 0.0359375
1 0.46875 0.39296875 0.01328125 0.01953125
1 0.553125 0.39765625 0.0140625 0.01796875
1 0.58203125 0.40390625 0.0171875 0.01953125
2 0.4765625 0.36796875 0.01484375 0.03046875
1 0.4484375 0.38515625 0.01328125 0.01796875
1 0.5265625 0.36953125 0.0109375 0.01640625
1 0.41875 0.43671875 0.025 0.03203125
2 0.6671875 0.484375 0.0640625 0.109375