1 0.64375 0.796875 0.08125 0.1484375
1 0.4 0.65390625 0.05390625 0.08046875
1 0.278125 0.67265625 0.0625 0.08203125
1 0.796875 0.659375 0.07109375 0.0890625
1 0.35390625 0.54453125 0.0421875 0.0609375
1 0.2640625 0.56640625 0.04765625 0.05546875
1 0.43203125 0.50078125 0.03125 0.0515625
1 0.6703125 0.525 0.0359375 0.05
1 0.2515625 0.96796875 0.11953125 0.0640625
1 0.55625 0.484375 0.02578125 0.04296875
1 0.3828125 0.43046875 0.02109375 0.03046875
2 0.4296875 0.4078125 0.03046875 0.065625
1 0.53984375 0.42421875 0.0171875 0.0265625
2 0.4375 0.365625 0.01953125 0.0390625
1 0.4640625 0.41484375 0.01796875 0.0265625
1 0.52734375 0.403125 0.0140625 0.021875
1 0.5796875 0.44296875 0.0203125 0.03046875
1 0.45 0.45390625 0.02265625 0.03359375
1 0.5953125 0.41953125 0.01484375 0.021875
1 0.57578125 0.39296875 0.0140625 0.021875
2 0.45625 0.36171875 0.01875 0.04296875