1 0.40086805555555555 0.8260011574074074 0.1151851851851852 0.15325231481481474
1 0.7741030092592592 0.6368981481481482 0.10101851851851844 0.1389814814814816
2 0.1222337962962963 0.7934143518518519 0.21155092592592592 0.2968518518518518
1 0.6500810185185185 0.612175925925926 0.07896990740740736 0.11521990740740744
1 0.31442129629629634 0.6851099537037036 0.08827546296296296 0.10598379629629626
1 0.2672974537037037 0.6139409722222222 0.07403935185185188 0.08233796296296295
1 0.43997685185185187 0.502800925925926 0.041018518518518475 0.053726851851851797
1 0.7873032407407408 0.5421817129629629 0.08201388888888879 0.10432870370370377
1 0.35034722222222225 0.47522569444444446 0.03155092592592599 0.04108796296296298
1 0.8291550925925927 0.9032407407407408 0.1256134259259259 0.08466435185185191
1 0.632013888888889 0.41480902777777773 0.03312500000000007 0.04267361111111114
1 0.3703587962962963 0.5155497685185185 0.0425578703703704 0.05062500000000014
1 0.39306134259259257 0.4035069444444444 0.022060185185185155 0.025324074074073978
1 0.42836226851851855 0.3834548611111111 0.018935185185185156 0.025277777777777823
2 0.4614525462962963 0.34546875000000005 0.020532407407407405 0.029988425925925988
1 0.4486284722222222 0.3894039351851852 0.02207175925925924 0.026886574074073976
1 0.5838831018518518 0.3741203703703704 0.02052083333333332 0.028425925925925986
1 0.519056712962963 0.3727372685185185 0.020532407407407405 0.029988425925925988
1 0.44762152777777775 0.41988425925925926 0.026817129629629656 0.034768518518518476
2 0.4151851851851852 0.5805034722222222 0.08539351851851844 0.13874999999999993
1 0.555949074074074 0.348755787037037 0.01736111111111107 0.023692129629629653