1 0.1125 0.94609375 0.1625 0.1078125
1 0.1796875 0.66796875 0.07109375 0.08046875
1 0.8296875 0.715625 0.0890625 0.10546875
1 0.396875 0.603125 0.04453125 0.0640625
1 0.325 0.496875 0.0328125 0.040625
1 0.603125 0.49296875 0.0265625 0.04140625
1 0.3859375 0.43203125 0.02109375 0.03046875
1 0.60625 0.43203125 0.02109375 0.03046875
1 0.4203125 0.44140625 0.02265625 0.03046875
1 0.45625 0.43671875 0.01953125 0.0265625
1 0.5546875 0.4078125 0.01484375 0.0265625
1 0.46875 0.40546875 0.0140625 0.021875
2 0.403125 0.4015625 0.02578125 0.0390625
1 0.48125 0.37421875 0.01171875 0.01796875
1 0.44375 0.4078125 0.01484375 0.0234375