1 0.6652546296296296 0.9431944444444443 0.11312499999999996 0.11361111111111129
1 0.2795138888888889 0.89625 0.1215046296296296 0.20100694444444436
1 0.8536747685185185 0.7489583333333333 0.10438657407407419 0.09756944444444446
1 0.05495949074074073 0.8272395833333335 0.06723379629629629 0.21385416666666685
1 0.22327546296296297 0.7372916666666667 0.0914351851851852 0.13475694444444458
1 0.5701851851851851 0.5880729166666667 0.048865740740740723 0.0682291666666666
1 0.4033564814814815 0.543767361111111 0.04574074074074073 0.06815972222222229
1 0.6129803240740741 0.53046875 0.04555555555555557 0.06190972222222228
1 0.6547974537037037 0.51890625 0.03718749999999993 0.04298611111111121
1 0.5960474537037037 0.43328125 0.02109953703703695 0.027013888888888893
1 0.43516203703703704 0.4578125 0.024502314814814775 0.03645833333333339
1 0.45489004629629626 0.41218750000000004 0.017881944444444464 0.023819444444444393
1 0.5215509259259259 0.4222569444444444 0.017974537037036952 0.02694444444444457
1 0.4087557870370371 0.43614583333333334 0.026111111111111106 0.03805555555555564
1 0.5358969907407408 0.45848958333333334 0.02445601851851862 0.03489583333333339
1 0.5135474537037037 0.38928819444444446 0.01471064814814813 0.022187500000000072
1 0.5560416666666667 0.42692708333333335 0.021006944444444463 0.023888888888888894
0 0.4086516203703704 0.37993055555555555 0.02473379629629626 0.0442708333333333
1 0.41541087962962964 0.3972569444444444 0.01627314814814813 0.022222222222222233
2 0.5076562499999999 0.3485590277777778 0.018159722222222285 0.033194444444444395