1 0.14375 0.71796875 0.08828125 0.09453125
1 0.30703125 0.61953125 0.0625 0.0859375
1 0.31796875 0.50859375 0.0375 0.046875
2 0.41875 0.38046875 0.03203125 0.05859375
1 0.41953125 0.56015625 0.0375 0.05703125
1 0.66328125 0.50703125 0.0328125 0.046875
1 0.3890625 0.48046875 0.02890625 0.0390625
1 0.59375 0.47890625 0.0296875 0.04140625
2 0.97265625 0.93046875 0.0546875 0.1359375
1 0.44296875 0.40234375 0.0140625 0.02109375
1 0.38046875 0.43671875 0.0203125 0.02890625
1 0.53125 0.4078125 0.0171875 0.0234375
1 0.5890625 0.4140625 0.0171875 0.025
2 0.5609375 0.37421875 0.01484375 0.02890625
1 0.4171875 0.43828125 0.02421875 0.034375
1 0.45390625 0.44921875 0.0234375 0.034375
1 0.475 0.38515625 0.0125 0.01796875
1 0.525 0.384375 0.0125 0.01796875
2 0.4859375 0.34296875 0.01484375 0.028125