1 0.16273148148148148 0.61328125 0.10327546296296294 0.1234375
1 0.6258159722222223 0.571875 0.05644675925925924 0.0640625
1 0.20506944444444444 0.48984375 0.06927083333333331 0.0703125
1 0.2554282407407408 0.528125 0.07288194444444444 0.0796875
1 0.2891840277777778 0.41953125 0.03993055555555554 0.046875
1 0.3898553240740741 0.43671875 0.037962962962962976 0.0390625
1 0.5091261574074075 0.471875 0.03672453703703695 0.0453125
1 0.5768287037037038 0.446875 0.03171296296296298 0.0390625
1 0.40374999999999994 0.3796875 0.026458333333333427 0.028125
1 0.32197916666666665 0.45 0.03993055555555554 0.046875
1 0.4253935185185185 0.39921875 0.02662037037037024 0.03125
2 0.41275462962962967 0.3265625 0.04871527777777764 0.065625
2 0.31449074074074074 0.54921875 0.08848379629629637 0.109375
1 0.44395833333333334 0.37265625 0.02160879629629626 0.025
2 0.3411747685185185 0.3359375 0.0450231481481481 0.0546875
1 0.5437037037037037 0.3625 0.01667824074074069 0.0203125
2 0.3284259259259259 0.3859375 0.04494212962962969 0.053125