1 0.3734375 0.709375 0.0625 0.1
1 0.28125 0.96875 0.11015625 0.0625
1 0.73125 0.5890625 0.05078125 0.0609375
1 0.575 0.55234375 0.03828125 0.059375
1 0.6515625 0.56796875 0.04765625 0.0640625
1 0.425 0.53203125 0.0359375 0.05546875
2 0.325 0.5578125 0.11015625 0.190625
1 0.64375 0.48671875 0.03203125 0.04609375
1 0.2421875 0.590625 0.06015625 0.0734375
1 0.390625 0.4890625 0.02578125 0.0390625
2 0.6 0.40703125 0.0359375 0.071875
1 0.55546875 0.47421875 0.0265625 0.040625
1 0.44375 0.49140625 0.02578125 0.03359375
1 0.53671875 0.409375 0.0171875 0.025
2 0.40390625 0.39453125 0.028125 0.05859375
2 0.4296875 0.41015625 0.03203125 0.065625
1 0.3828125 0.43359375 0.01953125 0.028125
1 0.45859375 0.43046875 0.01875 0.028125
1 0.525 0.38671875 0.0125 0.01796875
1 0.46875 0.40546875 0.01484375 0.021875
1 0.575 0.39296875 0.0125 0.01953125