1 0.2390625 0.74296875 0.090625 0.10859375
1 0.21875 0.62421875 0.08046875 0.08203125
1 0.4015625 0.61171875 0.0453125 0.07109375
1 0.3015625 0.52265625 0.046875 0.059375
1 0.43671875 0.48671875 0.0296875 0.034375
1 0.396875 0.48046875 0.02734375 0.0390625
1 0.3953125 0.42265625 0.0171875 0.0234375
1 0.37421875 0.44921875 0.0234375 0.02890625
1 0.6015625 0.4265625 0.02109375 0.028125
1 0.5671875 0.42421875 0.01953125 0.02890625
1 0.3515625 0.61796875 0.02890625 0.071875
1 0.5265625 0.38828125 0.01328125 0.02109375
1 0.546875 0.44765625 0.0203125 0.03203125
1 0.4734375 0.38671875 0.0140625 0.02109375
1 0.4390625 0.409375 0.015625 0.0234375
1 0.4578125 0.42734375 0.0203125 0.0234375
0 0.57421875 0.38046875 0.0203125 0.04453125