2 0.23046875 0.55234375 0.1609375 0.215625
1 0.4140625 0.56796875 0.03984375 0.0609375
1 0.5796875 0.44296875 0.02109375 0.03046875
1 0.4140625 0.453125 0.021875 0.03046875
1 0.4515625 0.45703125 0.02265625 0.03359375
1 0.3734375 0.515625 0.03359375 0.05
1 0.3328125 0.49296875 0.03203125 0.0390625
1 0.55703125 0.39921875 0.0140625 0.0234375
1 0.41015625 0.40546875 0.015625 0.021875
1 0.4359375 0.40546875 0.01484375 0.025
1 0.45859375 0.41796875 0.01875 0.025
1 0.5765625 0.39296875 0.01328125 0.01953125
1 0.465625 0.403125 0.01484375 0.021875
1 0.54375 0.37421875 0.01015625 0.015625