2 0.13203125 0.6578125 0.2640625 0.3234375
1 0.371875 0.70078125 0.06484375 0.09296875
1 0.440625 0.49453125 0.028125 0.04140625
1 0.3984375 0.48046875 0.02890625 0.0390625
1 0.34140625 0.56796875 0.0484375 0.06640625
1 0.3015625 0.52890625 0.03984375 0.046875
1 0.39765625 0.41796875 0.0171875 0.028125
1 0.42890625 0.41953125 0.01875 0.028125
1 0.4546875 0.434375 0.021875 0.03203125
1 0.4453125 0.39765625 0.01640625 0.02109375
1 0.4609375 0.41796875 0.01953125 0.025
1 0.56015625 0.40703125 0.015625 0.028125
1 0.478125 0.37265625 0.01171875 0.01796875
1 0.4234375 0.39453125 0.01484375 0.01953125