1 0.0578125 0.834375 0.115625 0.1359375
1 0.32734375 0.8578125 0.1046875 0.165625
1 0.2265625 0.77734375 0.08984375 0.115625
1 0.32265625 0.59765625 0.053125 0.06796875
1 0.6109375 0.64140625 0.05703125 0.08046875
1 0.4125 0.57421875 0.04453125 0.07109375
1 0.7 0.55078125 0.04296875 0.059375
1 0.64375 0.48046875 0.03125 0.04453125
1 0.359375 0.46328125 0.03046875 0.040625
1 0.83984375 0.69296875 0.0984375 0.146875
1 0.69296875 0.92109375 0.1171875 0.1578125
1 0.434375 0.50703125 0.02890625 0.04453125
1 0.415625 0.40234375 0.015625 0.02109375
1 0.43125 0.42421875 0.01796875 0.0234375
1 0.43828125 0.40546875 0.0171875 0.021875
1 0.46171875 0.42734375 0.0171875 0.0265625
1 0.54375 0.44765625 0.02109375 0.03203125
1 0.55625 0.38984375 0.01328125 0.02109375
1 0.3875 0.4328125 0.01953125 0.0234375
1 0.4140625 0.4515625 0.02421875 0.0359375
2 0.4453125 0.36015625 0.01796875 0.040625
1 0.5234375 0.37265625 0.0109375 0.01796875
1 0.4734375 0.38671875 0.01328125 0.01796875
1 0.5328125 0.409375 0.015625 0.025
1 0.5796875 0.45546875 0.02109375 0.03359375
1 0.5640625 0.38046875 0.01171875 0.01640625
1 0.93125 0.93515625 0.13671875 0.12890625