1 0.046875 0.84921875 0.0921875 0.159375
2 0.75625 0.56484375 0.1578125 0.240625
1 0.684375 0.64140625 0.05859375 0.0859375
1 0.284375 0.559375 0.04453125 0.05390625
1 0.31328125 0.615625 0.0546875 0.071875
1 0.08984375 0.97421875 0.128125 0.0515625
1 0.42890625 0.50703125 0.028125 0.04140625
1 0.5359375 0.42109375 0.01796875 0.025
1 0.28203125 0.98359375 0.1046875 0.0328125
1 0.59375 0.41484375 0.01796875 0.02890625
1 0.46640625 0.4140625 0.0171875 0.021875
1 0.4140625 0.44296875 0.02109375 0.03046875
1 0.5625 0.415625 0.01796875 0.0234375
1 0.4015625 0.41796875 0.01796875 0.021875
1 0.44296875 0.40078125 0.0140625 0.02109375
1 0.4546875 0.45390625 0.02265625 0.03359375
1 0.475 0.38828125 0.0125 0.01796875
1 0.5734375 0.39453125 0.01328125 0.01953125
1 0.425 0.390625 0.01328125 0.01953125