1 0.22109375 0.78671875 0.096875 0.12109375
1 0.85 0.74296875 0.08671875 0.11953125
1 0.1875 0.653125 0.07734375 0.0859375
1 0.01796875 0.91484375 0.0359375 0.07890625
1 0.35625 0.47421875 0.03046875 0.0375
1 0.390625 0.48828125 0.02734375 0.04296875
1 0.4453125 0.5140625 0.02421875 0.0390625
1 0.3890625 0.43046875 0.02265625 0.03046875
1 0.4203125 0.43203125 0.0203125 0.03046875
1 0.475 0.38515625 0.0140625 0.02109375
1 0.4609375 0.421875 0.01875 0.0265625
1 0.52890625 0.38203125 0.0125 0.01953125
1 0.5671875 0.384375 0.01171875 0.01796875
1 0.4125 0.54921875 0.05 0.10390625
1 0.4421875 0.403125 0.01640625 0.025
1 0.44765625 0.36796875 0.0109375 0.01640625
1 0.42265625 0.39453125 0.015625 0.021875