1 0.27945601851851853 0.6468460648148149 0.09241898148148149 0.11574074074074084
1 0.6492303240740741 0.9952835648148148 0.13255787037037034 0.00943287037037024
1 0.25906250000000003 0.5652199074074075 0.07659722222222225 0.08501157407407404
1 0.7045833333333333 0.7592303240740741 0.08193287037037038 0.09629629629629619
1 0.5820775462962964 0.5689236111111111 0.04533564814814817 0.05625
1 0.7404050925925926 0.7074363425925926 0.07016203703703709 0.08142361111111107
1 0.6502893518518519 0.6043113425925926 0.04846064814814817 0.05648148148148131
1 0.4571990740740741 0.522337962962963 0.043587962962962835 0.053009259259259166
1 0.6065914351851852 0.5100694444444445 0.028692129629629547 0.03790509259259256
1 0.5777314814814816 0.5087094907407408 0.028692129629629547 0.03790509259259256
2 0.6472627314814815 0.5138599537037037 0.0423958333333335 0.05914351851851851
1 0.5676909722222222 0.45740740740740743 0.02160879629629626 0.02337962962962976
1 0.6351041666666667 0.5580729166666667 0.03521990740740755 0.043055555555555534
2 0.47699652777777785 0.3970196759259259 0.03761574074074083 0.05723379629629628
1 0.5141435185185185 0.43321759259259257 0.018576388888888927 0.024710648148148096
2 0.5984722222222223 0.43868634259259254 0.03228009259259253 0.045949074074074045
2 0.5632638888888889 0.4220775462962963 0.023912037037037058 0.035995370370370414
1 0.5193749999999999 0.41649305555555555 0.016828703703703596 0.02146990740740744
1 0.48973958333333334 0.42829861111111106 0.021793981481481418 0.02650462962962976
1 0.4965046296296297 0.45057870370370373 0.03043981481481488 0.041145833333333395