1 0.08346643518518518 0.9014322916666668 0.15587962962962962 0.19713541666666642
1 0.9438252314814815 0.9393229166666668 0.06234953703703709 0.12135416666666643
1 0.684693287037037 0.674508101851852 0.06164351851851855 0.07876157407407405
1 0.5831655092592593 0.6167824074074074 0.04560185185185191 0.06412037037037024
1 0.7450868055555555 0.642332175925926 0.05984953703703706 0.0708912037037038
1 0.05377893518518519 0.829832175925926 0.10755787037037037 0.16556712962962977
1 0.36944444444444446 0.5181423611111111 0.02942129629629626 0.044791666666666785
1 0.675138888888889 0.5482349537037037 0.03902777777777775 0.05295138888888893
1 0.5436689814814815 0.49800347222222224 0.02615740740740744 0.039988425925925955
1 0.525943287037037 0.43634259259259256 0.01949074074074062 0.025694444444444287
1 0.5549652777777778 0.4335069444444445 0.019537037037036954 0.027256944444444466
2 0.619369212962963 0.45075231481481487 0.05240740740740755 0.0831018518518519
1 0.4536342592592593 0.4219328703703704 0.01471064814814831 0.022395833333333216
1 0.38995949074074077 0.4328703703703704 0.01636574074074071 0.02557870370370381
1 0.4190335648148148 0.401880787037037 0.013055555555555643 0.019212962962962977
1 0.5837789351851852 0.43770254629629635 0.016412037037036954 0.02714120370370381
1 0.5172858796296296 0.41177662037037044 0.014618055555555643 0.019270833333333216
1 0.5408391203703704 0.40873842592592596 0.013148148148148131 0.022337962962962976
1 0.5436689814814815 0.39241898148148147 0.011493055555555642 0.01915509259259256