1 0.13828125 0.73046875 0.0890625 0.096875
1 0.8765625 0.76015625 0.10546875 0.14296875
1 0.6 0.590625 0.04453125 0.06953125
1 0.39375 0.65234375 0.05703125 0.0765625
1 0.3390625 0.49140625 0.0328125 0.04453125
1 0.42265625 0.515625 0.03125 0.04453125
1 0.4046875 0.46484375 0.025 0.034375
1 0.3703125 0.453125 0.02578125 0.03359375
1 0.41875 0.40234375 0.01484375 0.0234375
1 0.58046875 0.409375 0.0171875 0.0265625
1 0.5359375 0.403125 0.01640625 0.0234375
1 0.45859375 0.41796875 0.021875 0.03359375
1 0.525 0.38046875 0.0125 0.01953125
1 0.57109375 0.39296875 0.0140625 0.021875
1 0.4703125 0.40234375 0.0140625 0.0234375
1 0.48203125 0.37421875 0.0125 0.01796875
1 0.44140625 0.38203125 0.0140625 0.021875