1 0.3140625 0.89140625 0.0953125 0.14453125
1 0.9 0.92421875 0.14375 0.1484375
1 0.6625 0.60234375 0.04921875 0.0765625
1 0.4078125 0.60703125 0.04609375 0.06953125
1 0.44453125 0.48671875 0.0265625 0.034375
1 0.3484375 0.55234375 0.04296875 0.05703125
1 0.5609375 0.48984375 0.03046875 0.0515625
1 0.3453125 0.478125 0.02890625 0.0359375
1 0.4140625 0.453125 0.02265625 0.03046875
1 0.446875 0.39453125 0.01328125 0.01953125
1 0.415625 0.40546875 0.015625 0.01953125
2 0.5859375 0.39296875 0.034375 0.05859375
1 0.39375 0.43046875 0.01796875 0.028125
1 0.46015625 0.428125 0.0171875 0.025
1 0.534375 0.409375 0.01640625 0.025
1 0.4734375 0.39296875 0.01328125 0.01953125
1 0.44375 0.37109375 0.0125 0.01640625
1 0.48125 0.37265625 0.01171875 0.01796875
1 0.55625 0.396875 0.01328125 0.01796875
1 0.521875 0.36796875 0.01171875 0.01640625