2 0.8196006944444445 0.6794270833333333 0.33927083333333313 0.5234375
1 0.6621180555555556 0.7453125 0.096736111111111 0.140625
1 0.38774305555555555 0.4546875 0.032222222222222194 0.04583333333333339
1 0.3422395833333333 0.46630208333333334 0.03531250000000004 0.044479166666666715
1 0.6573263888888888 0.434375 0.03545138888888886 0.050729166666666714
1 0.6040451388888888 0.44494791666666667 0.035381944444444355 0.04760416666666671
1 0.5115972222222223 0.35750000000000004 0.017708333333333392 0.024583333333333356
1 0.41229166666666667 0.36802083333333335 0.014583333333333393 0.024375000000000036
1 0.5828125 0.4175 0.025798611111111036 0.03760416666666675
1 0.6005902777777777 0.38979166666666665 0.021076388888888787 0.03572916666666668
1 0.5322048611111111 0.4130729166666667 0.025868055555555713 0.04072916666666657
2 0.5572222222222223 0.37552083333333336 0.03402777777777786 0.05687500000000005
2 0.5316319444444444 0.3335416666666667 0.029270833333333357 0.053437499999999985
1 0.458125 0.34156250000000005 0.012881944444444394 0.018020833333333285
2 0.4302256944444444 0.33328125000000003 0.019687500000000035 0.04343749999999993