1 0.7653356481481481 0.887679398148148 0.1324421296296297 0.16482638888888915
1 0.878159722222222 0.8226041666666667 0.12752314814814839 0.13343750000000015
1 0.2289409722222222 0.6308564814814815 0.09931712962962962 0.1216666666666665
1 0.6590335648148148 0.5673206018518518 0.06309027777777772 0.0815393518518519
1 0.43174768518518525 0.4763773148148148 0.041053240740740904 0.0590162037037036
1 0.6827835648148148 0.5033217592592593 0.040972222222222146 0.048078703703703596
1 0.5705613425925926 0.5441550925925925 0.04892361111111114 0.06706018518518526
1 0.19667824074074072 0.91703125 0.11775462962962964 0.08003472222222215
1 0.4002199074074074 0.4398032407407408 0.03472222222222214 0.04789351851851862
1 0.6432986111111111 0.44744791666666667 0.026805555555555572 0.033599537037036956
1 0.6258217592592593 0.4088946759259259 0.022083333333333323 0.02877314814814813
1 0.44359953703703703 0.38850694444444445 0.02364583333333332 0.028819444444444463
2 0.4727488425925926 0.31497106481481485 0.02215277777777782 0.03814814814814813
1 0.5986805555555555 0.4370486111111111 0.028402777777777822 0.03833333333333329
1 0.5553935185185186 0.3953530092592593 0.02366898148148149 0.03194444444444446
1 0.48647569444444444 0.37473379629629633 0.018935185185185156 0.025555555555555554
1 0.5819212962962963 0.38987847222222227 0.020509259259259238 0.027164351851851797
1 0.5521238425925926 0.37591435185185185 0.017337962962962906 0.02082175925925931
1 0.5604513888888889 0.4452141203703704 0.033159722222222146 0.047847222222222284
1 0.49793981481481475 0.34001157407407406 0.015775462962962904 0.020775462962962975