1 0.3783564814814815 0.8073958333333333 0.10011574074074066 0.13251157407407418
2 0.7794560185185185 0.5572743055555556 0.184375 0.2583101851851852
1 0.778587962962963 0.7285300925925926 0.13692129629629618 0.19915509259259262
2 0.36553819444444446 0.49886574074074075 0.08101851851851852 0.12258101851851855
1 0.594386574074074 0.5072106481481482 0.04409722222222214 0.05281249999999993
1 0.627633101851852 0.47534722222222214 0.03599537037037024 0.04476851851851862
1 0.41585648148148147 0.5551041666666666 0.04589120370370363 0.059108796296296263
1 0.317505787037037 0.5287268518518518 0.042303240740740745 0.046516203703703594
1 0.5175347222222222 0.4494039351851852 0.027893518518518512 0.03672453703703695
1 0.5335648148148149 0.4178125 0.02129629629629619 0.027164351851851974
1 0.49730902777777775 0.40422453703703703 0.01637731481481488 0.020775462962962975
1 0.5806712962962963 0.43406828703703704 0.026099537037037025 0.03042824074074062
2 0.4299189814814815 0.4710532407407408 0.03802083333333339 0.05731481481481495
1 0.3976273148148148 0.4771354166666667 0.028009259259259345 0.039849537037036954
1 0.49157986111111107 0.3899768518518519 0.01637731481481488 0.020775462962962975
1 0.43923611111111105 0.43065972222222226 0.02129629629629619 0.027164351851851974
1 0.5284722222222221 0.3863773148148148 0.01637731481481488 0.020775462962962975
2 0.08651620370370369 0.8920775462962963 0.1564814814814815 0.21584490740740742
1 0.32638888888888895 0.6056365740740741 0.07204861111111108 0.09109953703703688
1 0.4020543981481481 0.44207175925925923 0.024479166666666784 0.028819444444444463