2 0.34296875 0.51171875 0.1046875 0.215625
1 0.3859375 0.67265625 0.05859375 0.09609375
1 0.1890625 0.66015625 0.06953125 0.07890625
1 0.028125 0.8875 0.05625 0.16875
1 0.42578125 0.52421875 0.03125 0.04609375
1 0.41171875 0.44765625 0.0203125 0.034375
1 0.603125 0.42734375 0.0203125 0.02890625
1 0.4578125 0.43046875 0.01953125 0.03046875
1 0.53984375 0.42265625 0.0171875 0.02890625
2 0.4265625 0.37265625 0.025 0.05390625
1 0.47578125 0.38515625 0.0125 0.01796875
1 0.41171875 0.409375 0.0140625 0.02109375
1 0.5625 0.41015625 0.01796875 0.0265625
1 0.4359375 0.409375 0.01484375 0.02109375
1 0.48125 0.371875 0.01171875 0.01796875
1 0.5578125 0.37421875 0.01171875 0.01796875