2 0.22890625 0.5716087962962962 0.196875 0.24666666666666667
1 0.4203125 0.5586168981481482 0.0484375 0.06790509259259263
1 0.571875 0.40402777777777776 0.0265625 0.034768518518518476
1 0.403125 0.4409027777777778 0.0265625 0.034768518518518476
1 0.44296875 0.43953125000000004 0.028125 0.03791666666666664
1 0.37109375 0.5109085648148148 0.040625 0.05685185185185197
1 0.32578125 0.4951736111111112 0.0390625 0.04589120370370381
1 0.54296875 0.3630497685185185 0.01875 0.02684027777777782
1 0.39296875 0.39261574074074074 0.01875 0.025277777777777823
1 0.41875 0.3883275462962963 0.01875 0.026840277777777734
1 0.44375 0.3981134259259259 0.021875 0.028449074074073977
1 0.56171875 0.3533969907407407 0.0171875 0.022129629629629655
1 0.44921875 0.38162615740740746 0.01875 0.025277777777777823
1 0.525 0.3398784722222222 0.0109375 0.01734953703703699