1 0.6796875 0.8818460648148146 0.14270833333333338 0.15630787037037025
1 0.5243229166666666 0.8428067129629631 0.12750000000000003 0.1616319444444443
1 0.07999999999999999 0.6325752314814814 0.10447916666666665 0.1198032407407407
1 0.5917187500000001 0.613923611111111 0.07312499999999993 0.09304398148148145
1 0.30192708333333335 0.5135937500000001 0.051145833333333356 0.06684027777777786
1 0.59375 0.4550578703703703 0.033645833333333285 0.03778935185185191
1 0.6405729166666667 0.5464409722222221 0.05062500000000014 0.05902777777777786
1 0.5104166666666667 0.46777777777777774 0.033958333333333354 0.042476851851851904
1 0.3640625 0.3869618055555556 0.028645833333333304 0.03282407407407408
1 0.4229166666666666 0.40292824074074074 0.025729166666666713 0.03576388888888893
1 0.5313541666666668 0.4105092592592593 0.02531250000000007 0.02951388888888893
1 0.4992708333333333 0.38984375 0.020416666666666573 0.026111111111111106
1 0.5657291666666666 0.40847222222222224 0.025729166666666713 0.03576388888888893
2 0.5548958333333334 0.384212962962963 0.031145833333333428 0.04697916666666666
1 0.4916666666666667 0.3521643518518519 0.01541666666666668 0.021145833333333287
1 0.43765625 0.3452488425925926 0.02020833333333343 0.022986111111111106