1 0.30546875 0.9390625 0.1109375 0.121875
1 0.625 0.69453125 0.0625 0.1109375
1 0.2796875 0.55703125 0.04921875 0.06640625
1 0.1046875 0.9328125 0.15 0.134375
1 0.35 0.56171875 0.04296875 0.05703125
1 0.4375 0.47734375 0.02578125 0.0375
1 0.6234375 0.5140625 0.0328125 0.05
1 0.4109375 0.44765625 0.02265625 0.03203125
1 0.3671875 0.46171875 0.03046875 0.040625
1 0.4703125 0.39296875 0.0140625 0.01953125
1 0.45625 0.434375 0.01953125 0.02890625
1 0.4140625 0.403125 0.01484375 0.021875
2 0.5890625 0.39921875 0.02890625 0.05390625
1 0.3765625 0.49140625 0.03046875 0.04453125
1 0.525 0.38046875 0.01171875 0.01953125
1 0.4359375 0.40859375 0.015625 0.021875
1 0.565625 0.38046875 0.0109375 0.01953125
1 0.4796875 0.378125 0.01171875 0.01640625
1 0.42578125 0.390625 0.0140625 0.01953125