1 0.06751157407407407 0.8321296296296297 0.12737268518518519 0.13372685185185204
1 0.3627372685185185 0.7010648148148148 0.06513888888888886 0.08952546296296297
1 0.23217592592592595 0.5997106481481481 0.04243055555555557 0.06123842592592581
1 0.4103645833333333 0.5171585648148148 0.03420138888888893 0.04711805555555557
1 0.3755381944444444 0.4799247685185185 0.03093749999999993 0.04240740740740741
1 0.4047974537037037 0.4414351851851852 0.02431712962962962 0.02986111111111107
1 0.4243576388888889 0.4139525462962963 0.017881944444444464 0.02356481481481474
1 0.37664930555555554 0.44242476851851853 0.025925925925925953 0.031435185185185156
1 0.43857638888888884 0.4349363425925926 0.02109953703703695 0.026712962962962904
2 0.30325810185185187 0.5468518518518518 0.13828703703703704 0.23847222222222228
1 0.556232638888889 0.39188657407407407 0.014618055555555643 0.01885416666666666
1 0.45869212962962963 0.38870370370370366 0.014664351851851798 0.02041666666666675
1 0.5743344907407406 0.4136226851851852 0.017974537037036952 0.02668981481481474
1 0.5291666666666666 0.3827141203703704 0.013101851851851976 0.02040509259259258
2 0.4192418981481481 0.37571759259259263 0.02473379629629626 0.04392361111111107
1 0.4677719907407408 0.3722337962962963 0.013055555555555643 0.018842592592592668
1 0.38501736111111107 0.4236168981481482 0.021053240740740796 0.025150462962962906
1 0.5228298611111111 0.35932870370370373 0.011400462962962977 0.015706018518518494