1 0.38295717592592593 0.8895370370370369 0.09276620370370363 0.14737268518518504
1 0.24403935185185183 0.6536805555555556 0.08298611111111107 0.09378472222222226
1 0.3589699074074074 0.6207349537037037 0.06383101851851851 0.08173611111111115
1 0.7229745370370371 0.703888888888889 0.07766203703703703 0.11841435185185176
1 0.7087962962962963 0.5736458333333333 0.044212962962962975 0.05718750000000004
1 0.452025462962963 0.5864930555555555 0.04103009259259256 0.05543981481481488
1 0.3445601851851852 0.5473842592592593 0.03443287037037042 0.04569444444444457
1 0.5906828703703704 0.5417013888888889 0.029745370370370238 0.04541666666666657
1 0.6316550925925926 0.5324363425925925 0.029629629629629763 0.042291666666666575
1 0.3853877314814815 0.4921180555555555 0.026273148148148094 0.03585648148148159
1 0.4640046296296296 0.5100289351851852 0.02806712962962976 0.04219907407407408
1 0.44366319444444446 0.46594907407407404 0.01967592592592595 0.026111111111111106
1 0.48026620370370365 0.465 0.01973379629629619 0.027673611111111107
1 0.3983506944444445 0.5474537037037037 0.031307870370370416 0.045509259259259235
1 0.421556712962963 0.5004976851851852 0.024652777777777857 0.03420138888888893
1 0.6264178240740741 0.4752199074074074 0.023263888888888928 0.03879629629629626
1 0.4175347222222222 0.4550462962962962 0.018113425925925953 0.026018518518518618
1 0.4922743055555555 0.431412037037037 0.013194444444444463 0.01949074074074062
1 0.5539641203703705 0.45533564814814814 0.019791666666666784 0.02923611111111111
2 0.44389467592592596 0.409056712962963 0.031886574074074046 0.061134259259259235
1 0.46672453703703703 0.43613425925925925 0.01637731481481488 0.021238425925925952
1 0.596412037037037 0.4438194444444445 0.018113425925925953 0.026018518518518618
1 0.49852430555555555 0.4107349537037037 0.01325231481481488 0.021053240740740796
1 0.594994212962963 0.4686805555555555 0.023379629629629584 0.04192129629629626