1 0.06644675925925926 0.9031539351851852 0.10821759259259259 0.14068287037037025
1 0.742650462962963 0.8236979166666666 0.09856481481481474 0.12123842592592596
1 0.5848668981481482 0.6559317129629629 0.05423611111111111 0.07893518518518512
1 0.32390625 0.5296875 0.04614583333333329 0.05960648148148149
1 0.40774884259259264 0.6053530092592593 0.05414351851851862 0.07268518518518512
1 0.7362094907407407 0.6523148148148149 0.06193287037037045 0.07170138888888893
1 0.6556944444444445 0.5378761574074075 0.0349768518518518 0.043171296296296194
1 0.445306712962963 0.5066840277777778 0.03353009259259263 0.050868055555555534
1 0.5974768518518518 0.50625 0.03182870370370381 0.04137731481481488
1 0.5554513888888889 0.5140625 0.031874999999999966 0.04450231481481488
1 0.44434606481481487 0.4418402777777778 0.01755787037037031 0.026273148148148094
1 0.5950694444444444 0.4491030092592593 0.017581018518518475 0.027835648148148096
1 0.4099247685185185 0.4361689814814815 0.019074074074073976 0.023263888888888928
1 0.5446238425925926 0.4679976851851852 0.022337962962962976 0.03287037037037042
1 0.4548784722222223 0.41530671296296295 0.017511574074073978 0.023148148148148095
1 0.5652199074074075 0.43596643518518513 0.01755787037037031 0.026273148148148094
2 0.4574826388888889 0.38038194444444445 0.016087962962962978 0.03240740740740744
1 0.4663657407407408 0.40054976851851853 0.01436342592592581 0.021354166666666608
1 0.5281655092592592 0.4105902777777778 0.01436342592592581 0.021354166666666608
1 0.5672511574074074 0.41504629629629636 0.01436342592592581 0.021354166666666785