1 0.19375 0.821875 0.10078125 0.125
1 0.6515625 0.57890625 0.04453125 0.06953125
1 0.4 0.59921875 0.04765625 0.065625
1 0.7265625 0.59296875 0.05390625 0.071875
1 0.42578125 0.52265625 0.0328125 0.04609375
1 0.559375 0.49296875 0.02890625 0.04453125
1 0.30546875 0.52890625 0.0328125 0.05
1 0.3328125 0.83515625 0.1109375 0.20703125
2 0.3453125 0.521875 0.0609375 0.11796875
1 0.3890625 0.48515625 0.0265625 0.0375
2 0.39375 0.40234375 0.0375 0.0765625
1 0.4203125 0.43203125 0.02109375 0.03046875
1 0.43671875 0.40546875 0.0171875 0.021875
1 0.53125 0.4078125 0.01484375 0.0234375
1 0.5890625 0.46171875 0.02265625 0.03203125
1 0.6125 0.44296875 0.01875 0.028125
1 0.4546875 0.45078125 0.01953125 0.03203125
1 0.465625 0.40859375 0.01640625 0.025
1 0.58515625 0.40546875 0.015625 0.01953125
1 0.4734375 0.390625 0.0140625 0.01953125
0 0.42734375 0.37421875 0.0203125 0.040625
1 0.5234375 0.36796875 0.01015625 0.0140625