1 0.3171875 0.909375 0.10390625 0.1625
1 0.409375 0.56171875 0.03984375 0.05703125
2 0.25234375 0.62421875 0.1953125 0.34296875
1 0.37578125 0.49765625 0.0265625 0.04296875
1 0.4703125 0.39140625 0.01484375 0.01953125
1 0.4375 0.41484375 0.01875 0.0265625
1 0.38203125 0.440625 0.0234375 0.03359375
1 0.44765625 0.44921875 0.021875 0.02890625
1 0.4125 0.4078125 0.01796875 0.0265625
0 0.43125 0.36953125 0.025 0.04140625
1 0.56875 0.390625 0.01328125 0.01953125
1 0.4078125 0.44140625 0.02265625 0.03359375
1 0.5390625 0.3703125 0.01171875 0.015625
1 0.55625 0.378125 0.01171875 0.01953125