1 0.34375 0.76171875 0.07578125 0.109375
1 0.1921875 0.66171875 0.06796875 0.07890625
1 0.67890625 0.52421875 0.0390625 0.05703125
1 0.3625 0.53359375 0.03515625 0.046875
2 0.3765625 0.45703125 0.03359375 0.06953125
1 0.425 0.50546875 0.03125 0.04453125
1 0.4265625 0.42109375 0.01796875 0.025
1 0.44296875 0.39921875 0.0140625 0.02109375
1 0.46328125 0.421875 0.01875 0.025
1 0.453125 0.45546875 0.02109375 0.03359375
0 0.5984375 0.39609375 0.0296875 0.071875
1 0.55625 0.36640625 0.01171875 0.01953125
1 0.47265625 0.390625 0.0140625 0.01953125