1 0.3578125 0.74453125 0.07109375 0.103125
1 0.1203125 0.9578125 0.14140625 0.084375
1 0.4125 0.571875 0.04296875 0.06796875
2 0.025 0.82109375 0.05 0.3328125
1 0.56875 0.53515625 0.03359375 0.05703125
1 0.3671875 0.528125 0.03671875 0.0484375
1 0.44765625 0.4765625 0.0234375 0.0359375
1 0.3390625 0.48671875 0.03203125 0.040625
1 0.5453125 0.44453125 0.02109375 0.03046875
2 0.43671875 0.39453125 0.0234375 0.05
1 0.3796875 0.44453125 0.02265625 0.03046875
1 0.571875 0.38671875 0.01328125 0.01796875
1 0.53671875 0.4078125 0.0171875 0.0265625
2 0.40703125 0.459375 0.0265625 0.04609375
2 0.6609375 0.55234375 0.06015625 0.1234375
1 0.41875 0.39921875 0.01328125 0.02109375
1 0.45625 0.434375 0.01953125 0.03203125
1 0.475 0.37890625 0.0125 0.01953125