1 0.1 0.77578125 0.10546875 0.11796875
1 0.81640625 0.68515625 0.071875 0.0984375
1 0.25234375 0.57109375 0.053125 0.071875
2 0.40625 0.44296875 0.03671875 0.06953125
1 0.33125 0.57890625 0.04765625 0.05859375
1 0.4375 0.4765625 0.02578125 0.0359375
1 0.371875 0.5078125 0.03359375 0.0484375
1 0.43203125 0.51484375 0.0296875 0.04609375
2 0.04140625 0.915625 0.0828125 0.1625
1 0.35078125 0.47421875 0.0265625 0.03203125
1 0.4625 0.4125 0.01796875 0.025
1 0.54375 0.44140625 0.01875 0.03046875
1 0.553125 0.38984375 0.0140625 0.02109375
2 0.4421875 0.38046875 0.0265625 0.05859375
2 0.4796875 0.371875 0.01484375 0.02890625
1 0.571875 0.38828125 0.01328125 0.01796875
1 0.43125 0.41640625 0.01796875 0.025
1 0.47421875 0.39296875 0.0140625 0.01953125
1 0.4171875 0.39921875 0.01640625 0.02109375