1 0.14140625 0.89921875 0.15625 0.19296875
1 0.68671875 0.89296875 0.1 0.2109375
1 0.4109375 0.59765625 0.04296875 0.065625
1 0.01796875 0.90546875 0.0359375 0.09453125
1 0.6328125 0.53671875 0.0390625 0.05703125
1 0.44375 0.47578125 0.025 0.0375
1 0.37890625 0.49921875 0.03125 0.04296875
1 0.3359375 0.484375 0.02890625 0.0390625
1 0.44375 0.39921875 0.01484375 0.02109375
1 0.55234375 0.48046875 0.0265625 0.04453125
1 0.6 0.42421875 0.0203125 0.03203125
1 0.3921875 0.42734375 0.01953125 0.0265625
1 0.415625 0.403125 0.01640625 0.021875
1 0.5359375 0.41015625 0.015625 0.0234375
1 0.425 0.43046875 0.02109375 0.028125
1 0.5578125 0.40546875 0.0140625 0.01953125
1 0.465625 0.415625 0.01796875 0.0265625
1 0.4765625 0.38046875 0.0125 0.01953125
1 0.52890625 0.38515625 0.0125 0.01796875
2 0.6984375 0.51796875 0.059375 0.1
2 0.4625 0.35234375 0.01796875 0.040625
1 0.5671875 0.38515625 0.0125 0.01796875