1 0.175 0.84921875 0.12421875 0.1515625
1 0.4125 0.61640625 0.04921875 0.06953125
1 0.25703125 0.5828125 0.05625 0.0625
1 0.6421875 0.565625 0.04140625 0.0609375
1 0.68125 0.53046875 0.03828125 0.053125
1 0.44375 0.48046875 0.02578125 0.0390625
1 0.36953125 0.5265625 0.0375 0.046875
1 0.353125 0.47578125 0.02734375 0.03203125
1 0.5875 0.44921875 0.02109375 0.034375
1 0.3921875 0.4328125 0.02109375 0.0265625
1 0.28984375 0.98359375 0.0921875 0.0328125
1 0.4625 0.41796875 0.01875 0.025
1 0.43125 0.41484375 0.01796875 0.0265625
1 0.5640625 0.42265625 0.01875 0.02890625
1 0.5296875 0.39609375 0.01484375 0.021875
1 0.47265625 0.39765625 0.015625 0.02109375
2 0.56328125 0.3703125 0.01875 0.034375
1 0.4328125 0.38203125 0.01484375 0.021875
1 0.5265625 0.37265625 0.01171875 0.015625