1 0.27894097222222225 0.7943865740740741 0.10263888888888886 0.12615740740740744
1 0.40848958333333335 0.7275462962962964 0.07902777777777778 0.1166087962962962
1 0.6747569444444445 0.600636574074074 0.06628472222222222 0.10474537037037024
1 0.3326041666666667 0.5417534722222221 0.04503472222222218 0.06105324074074083
1 0.4284548611111111 0.608130787037037 0.04517361111111118 0.06730324074074083
1 0.6971527777777778 0.5554976851851852 0.056388888888889 0.08061342592592595
1 0.5767187500000001 0.5762152777777778 0.04510416666666668 0.06417824074074083
1 0.3952777777777778 0.5190972222222222 0.036979166666666695 0.049537037037037025
1 0.5583159722222222 0.5202546296296295 0.032222222222222284 0.04606481481481488
1 0.6359548611111111 0.5041666666666667 0.030590277777777786 0.04282407407407405
1 0.6024826388888889 0.47204861111111107 0.025798611111111213 0.03778935185185191
1 0.4181423611111111 0.4599537037037037 0.022534722222222213 0.031307870370370416
1 0.36586805555555557 0.49429976851851853 0.025798611111111036 0.03778935185185191
1 0.39317708333333334 0.4596643518518519 0.022465277777777716 0.02818287037037024
1 0.45654513888888887 0.4331597222222222 0.014513888888888892 0.021354166666666608
1 0.43017361111111113 0.43978587962962956 0.016145833333333214 0.024594907407407263
1 0.5481770833333334 0.4500868055555555 0.019340277777777713 0.02795138888888893
1 0.5207291666666667 0.44337384259259255 0.019270833333333216 0.02482638888888893
1 0.4492708333333333 0.4918981481481481 0.024201388888888786 0.03611111111111107
1 0.4508506944444445 0.45769675925925923 0.022465277777777716 0.028182870370370417
2 0.42309027777777775 0.4018229166666666 0.022812500000000034 0.04380787037037024
1 0.51171875 0.42398726851851853 0.014513888888888892 0.021354166666666608
1 0.5057118055555556 0.39936342592592594 0.011388888888888893 0.02112268518518512