1 0.1828125 0.79921875 0.1 0.11796875
1 0.7765625 0.7828125 0.096875 0.1375
1 0.8421875 0.728125 0.08828125 0.11640625
1 0.3828125 0.64921875 0.05390625 0.07890625
1 0.5859375 0.5640625 0.0390625 0.0640625
1 0.3171875 0.61328125 0.0546875 0.06796875
1 0.4390625 0.4828125 0.02578125 0.0375
2 0.4703125 0.390625 0.0171875 0.03046875
1 0.5515625 0.46796875 0.02734375 0.04453125
1 0.2640625 0.9890625 0.0953125 0.021875
1 0.53203125 0.41796875 0.0171875 0.028125
1 0.56796875 0.428125 0.0203125 0.0265625
2 0.296875 0.52109375 0.0578125 0.0859375
1 0.5890625 0.41171875 0.01484375 0.0234375
1 0.4578125 0.42578125 0.01953125 0.0265625
2 0.4265625 0.39921875 0.0390625 0.059375
2 0.41640625 0.43046875 0.025 0.04140625
1 0.5703125 0.38828125 0.0125 0.01796875
2 0.5421875 0.34921875 0.01484375 0.034375