1 0.19333333333333333 0.8715740740740742 0.14916666666666667 0.1994444444444447
1 0.7279166666666667 0.7239351851851852 0.10604166666666667 0.11479166666666671
1 0.6124479166666668 0.628744212962963 0.07489583333333343 0.09269675925925931
1 0.3227083333333333 0.6410416666666666 0.07166666666666668 0.09111111111111114
1 0.24880208333333337 0.5080613425925926 0.06750000000000007 0.07546296296296298
1 0.5532812500000001 0.7080497685185185 0.08739583333333342 0.11621527777777771
1 0.3346354166666667 0.49727430555555563 0.055625000000000036 0.06131944444444457
1 0.41104166666666664 0.47562499999999996 0.03729166666666668 0.04400462962962948
1 0.36802083333333335 0.4532986111111111 0.032187500000000036 0.0377199074074074
1 0.3205208333333333 0.45130787037037035 0.03229166666666661 0.039282407407407405
1 0.6045833333333334 0.47731481481481486 0.04093750000000007 0.051840277777777645
1 0.5685416666666667 0.47914351851851855 0.03947916666666664 0.05339120370370374
1 0.45192708333333337 0.4011400462962963 0.02020833333333343 0.022013888888888822
1 0.42093749999999996 0.3974652777777778 0.0205208333333335 0.026701388888888823
1 0.398125 0.3882638888888889 0.0203125 0.02357638888888891
1 0.36984374999999997 0.4142418981481482 0.02531250000000007 0.028298611111111073
1 0.39656250000000004 0.42341435185185183 0.02864583333333339 0.03144675925925924
1 0.5166666666666667 0.3905092592592593 0.016979166666666677 0.020428240740740834
1 0.5711458333333332 0.42836805555555557 0.025520833333333215 0.03142361111111107
1 0.43114583333333334 0.43174768518518525 0.028958333333333287 0.03613425925925924
1 0.5340104166666666 0.3997511574074074 0.01708333333333343 0.021990740740740745
1 0.52046875 0.45060763888888894 0.03093749999999993 0.0423958333333335
2 0.4301041666666666 0.35366898148148146 0.03322916666666664 0.0533449074074074