1 0.29921875 0.925 0.1140625 0.15
1 0.6328125 0.70546875 0.06640625 0.1140625
1 0.33515625 0.58046875 0.0484375 0.06640625
1 0.5578125 0.50703125 0.03203125 0.05546875
1 0.4171875 0.565625 0.0390625 0.05546875
1 0.3046875 0.53828125 0.03984375 0.0515625
1 0.65078125 0.571875 0.0453125 0.06796875
1 0.3875 0.4890625 0.03046875 0.0390625
1 0.3578125 0.47109375 0.028125 0.0359375
1 0.5875 0.45859375 0.02421875 0.0359375
1 0.659375 0.50078125 0.02890625 0.0375
1 0.5375 0.428125 0.01796875 0.028125
2 0.0109375 0.84375 0.021875 0.25625
1 0.4515625 0.45703125 0.02265625 0.0359375
1 0.46328125 0.40703125 0.0171875 0.025
1 0.43515625 0.40390625 0.0171875 0.025
1 0.5953125 0.41796875 0.01484375 0.021875
1 0.41953125 0.4015625 0.0171875 0.021875
1 0.47421875 0.38828125 0.0125 0.02109375
1 0.52734375 0.3953125 0.0140625 0.0234375
1 0.5515625 0.390625 0.0140625 0.01953125
1 0.56953125 0.38828125 0.0140625 0.01796875