1 0.9652141203703704 0.7469212962962963 0.06957175925925937 0.16472222222222221
1 0.8521412037037038 0.7639583333333333 0.12296296296296276 0.1430671296296296
1 0.41259259259259257 0.8497453703703703 0.12283564814814821 0.1914930555555557
1 0.2819907407407407 0.6597569444444444 0.08439814814814817 0.10685185185185198
1 0.7022800925925926 0.5566435185185185 0.07129629629629619 0.0864467592592593
1 0.6115162037037037 0.5512847222222221 0.05203703703703706 0.0691203703703703
1 0.7188599537037037 0.5099016203703703 0.0549768518518519 0.06289351851851847
1 0.5672453703703704 0.4806597222222222 0.03420138888888893 0.04711805555555557
1 0.6362268518518519 0.4889814814814814 0.040451388888888926 0.0471643518518519
1 0.5805150462962964 0.427644675925926 0.02431712962962962 0.02986111111111107
1 0.45942129629629636 0.42674768518518513 0.022708333333333285 0.028287037037037166
1 0.4371064814814815 0.41174189814814816 0.017881944444444287 0.02356481481481474
1 0.6082233796296296 0.4137905092592593 0.02436342592592595 0.03142361111111107
1 0.576417824074074 0.39480902777777777 0.019444444444444466 0.02357638888888891
1 0.537957175925926 0.4148321759259259 0.022754629629629618 0.029849537037036987
1 0.5572569444444444 0.40716435185185185 0.019537037037036954 0.026701388888888823
2 0.42074074074074075 0.3866261574074074 0.026203703703703597 0.04081018518518516
1 0.5215682870370371 0.38893518518518516 0.016319444444444463 0.023553240740740833
2 0.4947222222222223 0.35280671296296295 0.01636574074074062 0.025115740740740744
2 0.5298553240740741 0.35228587962962965 0.01962962962962962 0.02982638888888891