1 0.2125 0.746875 0.10703125 0.15390625
1 0.80234375 0.82109375 0.1125 0.1859375
1 0.790625 0.6453125 0.06640625 0.084375
1 0.375 0.678125 0.06015625 0.09140625
1 0.7015625 0.89921875 0.1234375 0.1984375
1 0.3109375 0.51640625 0.03984375 0.04453125
1 0.62578125 0.45078125 0.0265625 0.04609375
1 0.25703125 0.9828125 0.1265625 0.034375
1 0.4421875 0.40234375 0.01484375 0.0234375
1 0.4546875 0.46015625 0.02109375 0.034375
1 0.4125 0.45078125 0.0203125 0.03203125
1 0.57890625 0.39921875 0.0140625 0.02109375
1 0.4109375 0.41015625 0.01640625 0.02109375
1 0.5296875 0.37578125 0.01328125 0.01796875
1 0.465625 0.40546875 0.0171875 0.028125
1 0.48125 0.371875 0.01171875 0.01796875
1 0.5234375 0.353125 0.00859375 0.0140625
1 0.5453125 0.36171875 0.01015625 0.01796875