1 0.165625 0.896875 0.13046875 0.1640625
1 0.04765625 0.88984375 0.0953125 0.14609375
1 0.3046875 0.92265625 0.115625 0.15390625
1 0.1765625 0.67421875 0.08203125 0.0875
1 0.7171875 0.565625 0.04453125 0.05859375
1 0.6578125 0.596875 0.046875 0.0765625
1 0.2625 0.57421875 0.05 0.05703125
1 0.4234375 0.56328125 0.0390625 0.05703125
1 0.3546875 0.55390625 0.04140625 0.05546875
1 0.3390625 0.48671875 0.03359375 0.04296875
1 0.5953125 0.471875 0.02421875 0.0375
2 0.42734375 0.40390625 0.0359375 0.08359375
1 0.45 0.46171875 0.02109375 0.03203125
1 0.3859375 0.43359375 0.0203125 0.028125
1 0.46640625 0.41796875 0.0171875 0.025
1 0.41328125 0.45390625 0.0203125 0.03046875
1 0.475 0.38046875 0.0125 0.01640625
2 0.46875 0.35390625 0.01875 0.04140625
1 0.5796875 0.4015625 0.01328125 0.021875
2 0.54375 0.34765625 0.0125 0.03203125
1 0.521875 0.35546875 0.009375 0.0140625