1 0.3203125 0.853125 0.0953125 0.14453125
1 0.2421875 0.72421875 0.08203125 0.1015625
2 0.35 0.44140625 0.06953125 0.11640625
1 0.2296875 0.61015625 0.05859375 0.06796875
1 0.7140625 0.71015625 0.0734375 0.11796875
1 0.971875 0.91640625 0.05625 0.13359375
1 0.66796875 0.51796875 0.0375 0.046875
1 0.43671875 0.51171875 0.0296875 0.04609375
1 0.6109375 0.51640625 0.03515625 0.053125
2 0.4046875 0.396875 0.0265625 0.05703125
1 0.5625 0.42421875 0.01796875 0.0234375
1 0.54140625 0.43828125 0.01875 0.03203125
1 0.4015625 0.46796875 0.0234375 0.03359375
1 0.52890625 0.39921875 0.0140625 0.0234375
1 0.45234375 0.44296875 0.021875 0.03046875
1 0.55625 0.40078125 0.01328125 0.02109375
1 0.38203125 0.496875 0.03125 0.0484375
1 0.4671875 0.4078125 0.01484375 0.0234375
2 0.5734375 0.3765625 0.02421875 0.0609375
1 0.4390625 0.40390625 0.015625 0.01953125