1 0.121875 0.746875 0.08828125 0.10390625
1 0.2375 0.74921875 0.08203125 0.1015625
2 0.26875 0.51328125 0.10546875 0.165625
1 0.3328125 0.58046875 0.04765625 0.0640625
1 0.7046875 0.54921875 0.04140625 0.05703125
1 0.721875 0.72265625 0.03515625 0.10390625
1 0.4203125 0.565625 0.03828125 0.0609375
1 0.3984375 0.4765625 0.02734375 0.0359375
1 0.55859375 0.49453125 0.028125 0.04140625
1 0.446875 0.478125 0.0265625 0.0359375
1 0.5390625 0.42890625 0.01875 0.03046875
2 0.3921875 0.40390625 0.04140625 0.071875
1 0.5625 0.4203125 0.01796875 0.0265625
1 0.4734375 0.38828125 0.01328125 0.01796875
1 0.453125 0.44140625 0.02109375 0.03046875
1 0.53125 0.40546875 0.01328125 0.021875
1 0.5859375 0.40546875 0.01328125 0.021875
1 0.5703125 0.39765625 0.01328125 0.0234375
1 0.55625 0.37109375 0.01171875 0.01640625
1 0.41953125 0.43984375 0.0203125 0.0265625