1 0.3484375 0.82421875 0.08046875 0.13203125
1 0.228125 0.60703125 0.07265625 0.08359375
1 0.3390625 0.57109375 0.05546875 0.071875
1 0.678125 0.63515625 0.06796875 0.10703125
1 0.671875 0.51328125 0.03828125 0.0515625
1 0.42890625 0.534375 0.034375 0.05
1 0.32890625 0.503125 0.03125 0.04140625
1 0.5625 0.48828125 0.02578125 0.040625
1 0.6015625 0.478125 0.02734375 0.0390625
1 0.3703125 0.44921875 0.02421875 0.03203125
1 0.44375 0.46328125 0.025 0.0375
1 0.4265625 0.421875 0.0171875 0.0234375
1 0.46171875 0.41953125 0.0171875 0.025
1 0.3796875 0.50078125 0.028125 0.040625
1 0.4046875 0.45546875 0.021875 0.03046875
1 0.5984375 0.42265625 0.02109375 0.034375
1 0.403125 0.41328125 0.01640625 0.0234375
1 0.475 0.38828125 0.0125 0.01796875
1 0.53203125 0.4078125 0.0171875 0.0265625
2 0.43046875 0.36796875 0.0265625 0.05546875
1 0.45 0.39296875 0.0140625 0.01953125
1 0.571875 0.3953125 0.01640625 0.0234375
1 0.48203125 0.36796875 0.0109375 0.01953125
1 0.56953125 0.41875 0.0203125 0.0375