1 0.92640625 0.8908275462962962 0.1433912037037036 0.1730324074074076
1 0.9704340277777778 0.8021701388888889 0.05913194444444443 0.13443287037037024
1 0.6947511574074074 0.713599537037037 0.0741782407407408 0.10543981481481488
1 0.4317592592592593 0.7331597222222221 0.09168981481481495 0.15046296296296297
2 0.35438657407407403 0.5127025462962963 0.10747685185185185 0.1734953703703704
1 0.7402025462962962 0.6302951388888889 0.06149305555555564 0.07951388888888893
1 0.3618807870370371 0.6811342592592593 0.07103009259259263 0.10208333333333339
1 0.7921759259259259 0.5841724537037036 0.05359953703703688 0.06799768518518512
1 0.6169618055555556 0.5423032407407408 0.041018518518518475 0.05613425925925934
1 0.6675810185185185 0.5241898148148147 0.03628472222222214 0.049537037037037025
1 0.6132175925925927 0.45847800925925924 0.028379629629629477 0.03645833333333339
1 0.6923553240740741 0.4955729166666667 0.03309027777777764 0.03993055555555554
1 0.5543692129629629 0.41976273148148147 0.01892361111111107 0.02482638888888893
1 0.5694733796296296 0.4560185185185185 0.023657407407407405 0.03142361111111107
1 0.43862847222222223 0.5009837962962963 0.029988425925925988 0.04282407407407405
1 0.4874479166666667 0.4507233796296296 0.023680555555555573 0.03454861111111107
1 0.43653356481481487 0.42899305555555556 0.018912037037037165 0.023263888888888928
2 0.6347743055555555 0.4171296296296296 0.047534722222222214 0.09253472222222214
1 0.49413773148148155 0.405150462962963 0.01736111111111107 0.024710648148148096
2 0.5955150462962964 0.38767361111111115 0.026898148148148237 0.04728009259259256
1 0.5832465277777777 0.4179976851851852 0.01894675925925924 0.02795138888888893