1 0.10621527777777777 0.8978819444444444 0.17550925925925925 0.19798611111111128
1 0.05228587962962963 0.7592881944444445 0.10457175925925925 0.14045138888888892
1 0.6023379629629629 0.6497916666666667 0.06916666666666664 0.10128472222222218
1 0.8380729166666667 0.6432118055555556 0.0896412037037038 0.10531249999999996
2 0.7488657407407407 0.6198958333333333 0.2551157407407409 0.41041666666666676
2 0.7053009259259259 0.4378819444444445 0.09594907407407405 0.13677083333333329
1 0.5481828703703704 0.49163194444444447 0.04181712962962969 0.05486111111111107
1 0.6234490740740741 0.4080034722222223 0.030069444444444392 0.03874999999999993
1 0.5799942129629629 0.41928819444444443 0.030069444444444572 0.03874999999999993
1 0.6146585648148148 0.47230902777777783 0.04494212962962969 0.05500000000000007
1 0.5317187499999999 0.4183159722222222 0.030069444444444572 0.03874999999999993
1 0.3268287037037037 0.4313194444444445 0.03023148148148147 0.041874999999999926
1 0.5897800925925927 0.36585069444444446 0.020046296296296263 0.025833333333333285
1 0.5179861111111111 0.3674826388888889 0.020046296296296263 0.025833333333333285
1 0.3201099537037037 0.515798611111111 0.059386574074074085 0.09305555555555571
1 0.5035243055555556 0.33071180555555557 0.01511574074074069 0.020937499999999963
1 0.4451851851851852 0.3434375 0.015196759259259274 0.022499999999999964
1 0.40815393518518517 0.3661284722222222 0.01684027777777768 0.024131944444444463
1 0.5351215277777778 0.35269097222222223 0.020046296296296263 0.025833333333333285
2 0.42068865740740746 0.3047743055555555 0.01756944444444457 0.03819444444444446