1 0.31745949074074076 0.90453125 0.1542476851851852 0.15197916666666664
1 0.9284259259259258 0.743125 0.0697453703703701 0.2039583333333333
1 0.21226851851851852 0.8461458333333333 0.14239583333333333 0.16364583333333335
1 0.3721875 0.6898958333333333 0.08150462962962965 0.10041666666666664
2 0.31574074074074077 0.4421875 0.07072916666666665 0.10281249999999993
1 0.2792939814814815 0.5294791666666667 0.05111111111111111 0.05479166666666657
1 0.39905671296296297 0.50203125 0.04321759259259261 0.05270833333333336
1 0.5106770833333334 0.4214062500000001 0.03023148148148138 0.04250000000000007
1 0.38763310185185185 0.40703125 0.02645833333333325 0.02979166666666675
1 0.591087962962963 0.44718750000000007 0.041898148148148094 0.05729166666666678
1 0.4974421296296295 0.37635416666666666 0.02489583333333343 0.0296875
1 0.4809722222222222 0.3486458333333333 0.01667824074074069 0.021354166666666608
2 0.3434548611111111 0.49328125000000006 0.11181712962962961 0.14447916666666671
1 0.420150462962963 0.3955208333333333 0.02489583333333343 0.0296875
1 0.41257523148148145 0.4365104166666667 0.03319444444444457 0.039583333333333394
1 0.42703703703703705 0.3678125 0.01667824074074069 0.021354166666666695
1 0.5096354166666666 0.35140625000000003 0.020046296296296263 0.026250000000000016
2 0.5136805555555556 0.31843750000000004 0.025706018518518548 0.0453125
1 0.36866898148148153 0.39739583333333334 0.020046296296296263 0.026250000000000016
1 0.5385011574074074 0.35026041666666663 0.020127314814814844 0.027812500000000018
1 0.3919212962962963 0.369375 0.016678240740740778 0.021354166666666695
1 0.4733912037037037 0.3296875 0.01331018518518512 0.016458333333333287