2 0.9525173611111111 0.8294270833333334 0.09496527777777786 0.3411458333333332
1 0.7024594907407408 0.66015625 0.06394675925925934 0.08531250000000004
1 0.7759837962962963 0.7726041666666668 0.08657407407407405 0.10708333333333328
1 0.40723379629629636 0.6217708333333334 0.049710648148148094 0.0796875
1 0.5572048611111111 0.52578125 0.029629629629629763 0.04250000000000007
1 0.579224537037037 0.5942708333333333 0.04259259259259256 0.05583333333333336
1 0.6059606481481481 0.5165625 0.029571759259259166 0.04093750000000007
1 0.639351851851852 0.4922916666666667 0.026215277777777858 0.03447916666666675
1 0.585763888888889 0.4341666666666667 0.01967592592592595 0.02624999999999993
1 0.37320601851851853 0.48156250000000006 0.026388888888888927 0.03916666666666657
1 0.5309317129629629 0.44765625 0.019791666666666607 0.02937499999999993
1 0.571556712962963 0.45036458333333335 0.021354166666666608 0.029479166666666678
1 0.4532986111111111 0.43468750000000006 0.01967592592592595 0.02624999999999993
1 0.5180844907407407 0.41640625 0.014872685185185119 0.022812500000000034
1 0.41924189814814816 0.41994791666666664 0.013194444444444463 0.019583333333333286
1 0.5632233796296295 0.41473958333333333 0.014756944444444286 0.019687500000000035
2 0.39927662037037037 0.40692708333333333 0.03356481481481479 0.0645833333333334
1 0.4657118055555555 0.39109374999999996 0.011631944444444464 0.019479166666666624
1 0.5089409722222222 0.40098958333333334 0.013194444444444463 0.019583333333333286