1 0.1780034722222222 0.7715451388888889 0.12527777777777782 0.15583333333333335
2 0.3748090277777778 0.4916840277777778 0.11468749999999997 0.17121527777777779
1 0.32958333333333334 0.8108333333333334 0.1047569444444445 0.1460069444444443
1 0.6636631944444444 0.5238715277777778 0.04031249999999993 0.05711805555555553
1 0.4453819444444444 0.43468750000000006 0.024131944444444463 0.031770833333333214
1 0.45057291666666666 0.4925868055555556 0.03368055555555553 0.03979166666666671
1 0.5588368055555556 0.4450173611111111 0.027326388888888786 0.03496527777777771
2 0.4415451388888889 0.543142361111111 0.05177083333333332 0.08079861111111111
1 0.5951736111111111 0.46378472222222217 0.027465277777777786 0.04121527777777771
2 0.5944444444444444 0.39583333333333337 0.025937500000000037 0.042743055555555555
1 0.6094270833333333 0.4375520833333333 0.01930555555555564 0.025416666666666643
1 0.4917708333333334 0.4138541666666667 0.019201388888888893 0.020729166666666642
1 0.44079861111111107 0.40413194444444445 0.019270833333333216 0.02385416666666664
2 0.4717361111111111 0.3907638888888889 0.027500000000000035 0.04277777777777771
1 0.5568923611111111 0.39265625000000004 0.016076388888888894 0.020659722222222142
1 0.5521354166666667 0.38942708333333337 0.012881944444444394 0.017465277777777823