1 0.32734375 0.87890625 0.096875 0.15
1 0.13125 0.74921875 0.09375 0.1015625
1 0.6140625 0.68671875 0.05546875 0.0984375
1 0.28671875 0.6578125 0.0609375 0.0765625
1 0.2859375 0.56171875 0.05234375 0.05703125
1 0.425 0.54921875 0.03828125 0.05703125
1 0.6140625 0.509375 0.03203125 0.0515625
1 0.55625 0.49921875 0.0296875 0.04609375
1 0.38828125 0.440625 0.025 0.03359375
1 0.53046875 0.41171875 0.0171875 0.02890625
1 0.43046875 0.41640625 0.0171875 0.025
1 0.4125 0.40546875 0.01796875 0.021875
1 0.57109375 0.42578125 0.0171875 0.0265625
1 0.4625 0.41796875 0.01875 0.03046875
1 0.55078125 0.39296875 0.0140625 0.021875
1 0.5828125 0.40703125 0.0140625 0.021875
1 0.52578125 0.38515625 0.0125 0.02109375
1 0.45 0.44296875 0.0234375 0.03046875
1 0.4765625 0.38046875 0.0125 0.01953125
1 0.5234375 0.36953125 0.01171875 0.01640625