1 0.2796180555555556 0.7921875 0.11827546296296294 0.1765625
1 0.056956018518518524 0.72265625 0.11391203703703705 0.121875
1 0.25050925925925926 0.62421875 0.07071759259259255 0.0859375
0 0.7951099537037037 0.67578125 0.22622685185185193 0.284375
1 0.6204282407407408 0.578125 0.05600694444444443 0.075
1 0.24682870370370366 0.528125 0.050393518518518476 0.059375
1 0.5442534722222222 0.53203125 0.04267361111111114 0.0609375
1 0.3949016203703704 0.52109375 0.04589120370370363 0.0625
1 0.3523206018518518 0.475 0.037152777777777854 0.046875
1 0.4170775462962963 0.46328125 0.02887731481481488 0.0390625
1 0.34553819444444445 0.43125 0.02538194444444448 0.0328125
1 0.4396643518518518 0.41171875 0.02207175925925924 0.0296875
1 0.46224537037037033 0.3734375 0.015266203703703596 0.0203125
1 0.41885416666666664 0.39375 0.02207175925925924 0.0296875
1 0.5165104166666666 0.39375 0.018576388888888927 0.0234375
1 0.4005208333333334 0.38671875 0.018668981481481595 0.025
1 0.5389409722222223 0.384375 0.01692129629629626 0.021875
1 0.5726157407407408 0.409375 0.018576388888888927 0.0234375
1 0.4684085648148148 0.36171875 0.015266203703703773 0.0203125