1 0.04721643518518519 0.7064930555555555 0.09443287037037038 0.11635416666666672
1 0.3000752314814815 0.6786458333333334 0.07329861111111109 0.1046180555555555
2 0.6139699074074073 0.4376388888888889 0.10548611111111121 0.1474652777777777
2 0.3556307870370371 0.3747916666666667 0.04268518518518523 0.08833333333333329
1 0.3602546296296296 0.5211805555555555 0.04193287037037034 0.04930555555555553
1 0.20234375 0.5325347222222222 0.05214120370370372 0.06357638888888886
1 0.22883680555555558 0.5871006944444443 0.0697106481481482 0.096736111111111
1 0.30701388888888886 0.4691493055555556 0.03890046296296301 0.05079861111111121
2 0.40057291666666667 0.3820486111111111 0.02428240740740737 0.04111111111111114
1 0.554212962962963 0.6803819444444444 0.07781249999999992 0.128125
2 0.18675925925925926 0.6503125 0.09905092592592593 0.1442013888888889
1 0.5479513888888888 0.39001736111111107 0.023726851851851905 0.031736111111111145
2 0.5747453703703703 0.4923090277777778 0.06089120370370367 0.10590277777777786
1 0.38560185185185186 0.35746527777777776 0.017106481481481507 0.025347222222222233
2 0.492505787037037 0.3355902777777778 0.01766203703703706 0.03472222222222223
1 0.5401909722222222 0.3757638888888889 0.020046296296296263 0.022291666666666644
2 0.4015219907407407 0.31322916666666667 0.02299768518518519 0.045763888888888896
1 0.384375 0.4309722222222222 0.027222222222222214 0.03805555555555564