2 0.818287037037037 0.7818287037037037 0.3380787037037038 0.43634259259259256
1 0.5843981481481482 0.7587673611111112 0.08293981481481474 0.11707175925925935
1 0.6759953703703705 0.6964988425925925 0.07174768518518526 0.09947916666666679
1 0.03070023148148148 0.8826099537037038 0.06140046296296296 0.1402199074074076
1 0.1521990740740741 0.5958043981481481 0.08918981481481483 0.11730324074074083
1 0.6287905092592593 0.5587384259259259 0.04936342592592595 0.0642939814814815
1 0.5504861111111111 0.5151909722222222 0.04138888888888879 0.05306712962962958
1 0.63015625 0.46655092592592595 0.03024305555555564 0.03859953703703702
2 0.6030613425925926 0.39597800925925924 0.04961805555555543 0.08148148148148149
1 0.5645023148148148 0.4133101851851852 0.025462962962962975 0.032175925925925955
1 0.578744212962963 0.45448495370370373 0.025509259259259308 0.03530092592592595
1 0.5294849537037037 0.4026331018518519 0.022314814814814808 0.03049768518518512
2 0.5654050925925926 0.3523726851851852 0.03525462962962962 0.0606481481481481
1 0.5205266203703705 0.37416087962962963 0.015972222222222145 0.02401620370370372
1 0.5523958333333333 0.3862847222222222 0.01748842592592581 0.020949074074074047
1 0.4342476851851852 0.34126157407407404 0.014317129629629655 0.017708333333333392
1 0.46941550925925923 0.34178240740740745 0.014317129629629655 0.017708333333333392