1 0.09820023148148146 0.8072685185185187 0.11881944444444445 0.12520833333333314
1 0.8288946759259259 0.8547395833333333 0.17144675925925945 0.23753472222222244
1 0.34109375000000003 0.7706481481481482 0.09513888888888893 0.11982638888888886
1 0.8307986111111111 0.7123900462962963 0.09998842592592609 0.12309027777777785
1 0.37777777777777777 0.6215046296296296 0.05668981481481481 0.07032407407407408
1 0.5501215277777778 0.5421064814814816 0.04699074074074083 0.06379629629629627
2 0.5641608796296296 0.4071585648148148 0.03761574074074083 0.06351851851851845
1 0.6563888888888888 0.5147395833333334 0.04009259259259253 0.05111111111111111
1 0.3135127314814815 0.5178819444444445 0.041331018518518545 0.04490740740740744
1 0.4187037037037037 0.48109375 0.030150462962962976 0.03989583333333328
1 0.3543923611111111 0.5292650462962963 0.038530092592592616 0.05106481481481477
1 0.3656770833333333 0.44744212962962965 0.026377314814814846 0.027303240740740798
1 0.4370428240740741 0.42921296296296296 0.021689814814814846 0.027164351851851974
1 0.4098842592592593 0.45501157407407405 0.02998842592592581 0.03677083333333329
1 0.49490162037037033 0.3847627314814815 0.01511574074074069 0.020729166666666642
1 0.4446296296296296 0.40361689814814816 0.01511574074074069 0.020729166666666642
1 0.5339641203703703 0.3859201388888889 0.013472222222222285 0.01912037037037031
1 0.4527951388888889 0.3819502314814815 0.015034722222222286 0.019166666666666644
1 0.4132291666666667 0.42068287037037033 0.018402777777777858 0.02394675925925931