1 0.14378472222222222 0.8887499999999999 0.14756944444444448 0.18145833333333314
1 0.08996527777777778 0.7486458333333333 0.10083333333333333 0.11437500000000007
1 0.9072916666666668 0.8444791666666667 0.13902777777777758 0.21833333333333335
1 0.4066840277777778 0.5731770833333333 0.04187500000000011 0.058958333333333356
1 0.3436631944444445 0.47536458333333337 0.027326388888888963 0.03614583333333332
1 0.6316319444444444 0.515625 0.027395833333333286 0.039270833333333324
1 0.5346701388888888 0.47015624999999994 0.024270833333333287 0.0390625
1 0.3284375 0.5625 0.05635416666666675 0.07864583333333339
1 0.5527430555555556 0.4409375 0.01781250000000014 0.029270833333333357
1 0.4521354166666667 0.44203125 0.017743055555555644 0.026145833333333358
1 0.3750868055555555 0.66078125 0.06659722222222228 0.11833333333333336
1 0.4223784722222222 0.4369270833333333 0.016180555555555642 0.02604166666666661
1 0.5496354166666666 0.40640625 0.014479166666666644 0.019687499999999858
1 0.4646875 0.4101041666666666 0.014548611111111142 0.022812500000000034
1 0.5134375 0.39229166666666665 0.011354166666666643 0.019479166666666714
1 0.4046354166666667 0.41078125 0.01604166666666664 0.019791666666666784