1 0.3203125 0.90703125 0.10234375 0.16640625
1 0.67421875 0.79140625 0.075 0.14140625
1 0.95 0.86953125 0.1 0.20546875
1 0.16875 0.69296875 0.0828125 0.0890625
1 0.2859375 0.55390625 0.04453125 0.053125
1 0.40625 0.59921875 0.04453125 0.065625
1 0.66875 0.509375 0.03671875 0.0484375
1 0.3640625 0.54296875 0.04140625 0.05
1 0.44375 0.48046875 0.025 0.0359375
1 0.6140625 0.446875 0.0234375 0.03203125
1 0.3796875 0.49140625 0.02890625 0.04140625
1 0.409375 0.44609375 0.02265625 0.03359375
2 0.4265625 0.37421875 0.02890625 0.05390625
1 0.37734375 0.44765625 0.021875 0.02890625
1 0.4578125 0.415625 0.0171875 0.0234375
1 0.4734375 0.38671875 0.01328125 0.02109375
1 0.5859375 0.41015625 0.01484375 0.02109375
1 0.54453125 0.384375 0.0125 0.01796875
1 0.4046875 0.41171875 0.01640625 0.0234375
1 0.52265625 0.35234375 0.009375 0.015625
1 0.4421875 0.40078125 0.01484375 0.02109375