1 0.6840277777777778 0.8477141203703702 0.17076388888888888 0.20399305555555572
1 0.5391087962962964 0.9043402777777778 0.146736111111111 0.11354166666666643
1 0.6135590277777778 0.5799189814814815 0.07006944444444443 0.07986111111111108
1 0.5325462962962962 0.5688078703703704 0.06216435185185176 0.07771990740740727
1 0.6918113425925926 0.5982349537037037 0.07981481481481474 0.08680555555555554
1 0.6218344907407408 0.46652199074074074 0.04184027777777786 0.04976851851851851
1 0.39581018518518524 0.40859375 0.03706018518518519 0.04785879629629637
1 0.4693171296296296 0.3494791666666667 0.021793981481481418 0.026504629629629583
1 0.4377893518518519 0.3564814814814815 0.02197916666666657 0.029629629629629582
1 0.5732349537037037 0.42034143518518513 0.033472222222222216 0.03981481481481488
1 0.5933796296296296 0.48729745370370364 0.043587962962962835 0.053009259259259166
1 0.4413541666666667 0.4013310185185185 0.02850694444444457 0.03478009259259256
2 0.3484201388888889 0.538888888888889 0.09592592592592589 0.1486689814814813
1 0.5284837962962963 0.40109953703703705 0.028692129629629547 0.03790509259259256
1 0.5521643518518518 0.3690104166666667 0.020231481481481593 0.026388888888888927
1 0.5273032407407408 0.3685185185185185 0.021793981481481595 0.026504629629629583
2 0.4142245370370371 0.3341145833333333 0.048379629629629585 0.08136574074074074
1 0.5683275462962962 0.39814814814814814 0.023541666666666572 0.02974537037037033
2 0.5851099537037037 0.3774594907407407 0.03412037037037052 0.05075231481481479
2 0.1758738425925926 0.615451388888889 0.16277777777777777 0.22673611111111108
1 0.4841724537037037 0.3219328703703704 0.015173611111111106 0.019791666666666697
2 0.5224074074074074 0.3198784722222222 0.02234953703703706 0.03587962962962958
1 0.4217418981481481 0.3778935185185185 0.026851851851851904 0.0331018518518519