1 0.35 0.73828125 0.075 0.10390625
1 0.59921875 0.61328125 0.05 0.084375
1 0.3046875 0.53046875 0.04140625 0.05
1 0.68203125 0.53046875 0.0359375 0.05
1 0.3390625 0.56484375 0.04375 0.059375
1 0.6296875 0.52578125 0.04140625 0.065625
1 0.4328125 0.50234375 0.02890625 0.04296875
1 0.5421875 0.44296875 0.02265625 0.03046875
1 0.38125 0.44296875 0.02421875 0.03046875
1 0.4609375 0.42890625 0.01796875 0.025
1 0.6203125 0.45078125 0.0203125 0.0265625
1 0.4296875 0.42421875 0.01875 0.0234375
1 0.46953125 0.39921875 0.0140625 0.02109375
1 0.415625 0.46171875 0.02578125 0.034375
1 0.409375 0.40859375 0.01875 0.021875
1 0.26875 0.98046875 0.10703125 0.0359375
1 0.4390625 0.40546875 0.01484375 0.021875
2 0.575 0.38828125 0.01953125 0.03203125
1 0.4875 0.36796875 0.0125 0.01640625