2 0.18644097222222222 0.6042303240740741 0.24930555555555553 0.327488425925926
1 0.8645833333333333 0.6536226851851852 0.08999999999999986 0.11509259259259252
1 0.6521527777777777 0.6567939814814815 0.06489583333333329 0.1096643518518519
1 0.6685243055555555 0.517337962962963 0.046666666666666676 0.062280092592592595
1 0.7034027777777778 0.45853009259259264 0.0468055555555555 0.0685300925925926
1 0.38164930555555554 0.42746527777777776 0.027395833333333286 0.03828703703703695
1 0.4155555555555555 0.44754050925925926 0.030486111111111214 0.036817129629629616
1 0.4710243055555555 0.44589699074074074 0.030624999999999857 0.04306712962962962
1 0.6430034722222222 0.40098379629629627 0.024236111111111215 0.03663194444444447
1 0.43519097222222225 0.4071412037037037 0.024201388888888786 0.035069444444444466
1 0.48319444444444437 0.3901041666666667 0.020937500000000143 0.0287268518518518
1 0.2978125 0.6516782407407408 0.07736111111111113 0.10847222222222222
1 0.5838888888888889 0.3558912037037037 0.016111111111111142 0.022337962962962976
1 0.4369618055555556 0.36258680555555556 0.016111111111111142 0.022337962962962976
2 0.47347222222222224 0.3357407407407408 0.024409722222222284 0.04444444444444447
1 0.44085069444444447 0.5037847222222223 0.04253472222222214 0.0871412037037036
1 0.5523958333333334 0.3326215277777778 0.016076388888888894 0.020775462962962975
1 0.4922569444444445 0.36875578703703704 0.020833333333333214 0.024039351851851798