1 0.89453125 0.79140625 0.1015625 0.14140625
1 0.0578125 0.80390625 0.11484375 0.15546875
1 0.3703125 0.76640625 0.0734375 0.11640625
1 0.6125 0.646875 0.05546875 0.08203125
1 0.334375 0.58671875 0.04921875 0.0734375
1 0.65234375 0.48671875 0.03125 0.0484375
1 0.31875 0.51796875 0.03828125 0.04453125
2 0.43984375 0.36328125 0.025 0.05703125
1 0.3984375 0.46640625 0.02109375 0.03046875
1 0.37265625 0.525 0.0359375 0.05
1 0.3625 0.459375 0.02421875 0.034375
2 0.01171875 0.86953125 0.0234375 0.15
1 0.44765625 0.44765625 0.021875 0.02890625
1 0.4640625 0.41171875 0.0171875 0.0234375
1 0.43984375 0.403125 0.015625 0.021875
2 0.4203125 0.52734375 0.04375 0.07109375
2 0.3875 0.40703125 0.0359375 0.075
1 0.56328125 0.37890625 0.0109375 0.01640625
1 0.47265625 0.38984375 0.0140625 0.02109375
2 0.54375 0.33671875 0.01171875 0.02109375