1 0.15078125 0.6890625 0.0921875 0.103125
2 0.36171875 0.49296875 0.0890625 0.16953125
1 0.365625 0.76640625 0.07109375 0.1109375
1 0.2953125 0.646875 0.06015625 0.075
1 0.3 0.53203125 0.04296875 0.05546875
1 0.43125 0.540625 0.03671875 0.05
1 0.41875 0.44296875 0.0203125 0.03046875
1 0.57421875 0.48515625 0.0296875 0.04609375
2 0.4484375 0.37265625 0.025 0.059375
1 0.4578125 0.43046875 0.01953125 0.028125
1 0.5359375 0.415625 0.0171875 0.0265625
1 0.57578125 0.434375 0.0234375 0.0390625
1 0.47109375 0.39296875 0.0140625 0.021875
1 0.5609375 0.37734375 0.01015625 0.015625