1 0.2112789351851852 0.8885937500000001 0.13238425925925928 0.16187499999999985
1 0.8891840277777778 0.6622395833333333 0.12141203703703703 0.1564583333333333
1 0.14668402777777778 0.75390625 0.10393518518518516 0.11625000000000014
1 0.2944849537037037 0.5136979166666666 0.04253472222222223 0.049687499999999926
1 0.33505208333333336 0.5188020833333333 0.03944444444444439 0.054166666666666786
1 0.39977430555555554 0.5308854166666667 0.03473379629629623 0.050729166666666714
1 0.32223379629629634 0.4571875 0.0315393518518519 0.041145833333333215
1 0.3558622685185185 0.4502604166666666 0.028402777777777822 0.03937500000000007
1 0.4063252314814815 0.3844270833333333 0.020509259259259238 0.02791666666666668
1 0.3982002314814815 0.42713541666666666 0.026805555555555572 0.03458333333333332
1 0.46424768518518517 0.36572916666666666 0.01892361111111107 0.02468750000000002
1 0.5064814814814815 0.35666666666666663 0.01578703703703699 0.022916666666666606
1 0.3713078703703704 0.5788541666666667 0.07748842592592595 0.13010416666666663
1 0.3748900462962963 0.41151041666666666 0.02366898148148149 0.0328125
1 0.3728298611111111 0.3733854166666667 0.015775462962962995 0.021354166666666695
1 0.3507002314814815 0.40921874999999996 0.022083333333333323 0.029583333333333427