1 0.8328125 0.86171875 0.12421875 0.184375
1 0.2375 0.7765625 0.08828125 0.1140625
1 0.125 0.74765625 0.09296875 0.10703125
1 0.4046875 0.609375 0.0453125 0.06796875
1 0.3328125 0.50546875 0.03515625 0.04140625
1 0.3125 0.60703125 0.05 0.06640625
1 0.3765625 0.50078125 0.03515625 0.04609375
1 0.6484375 0.48046875 0.03125 0.04453125
2 0.4078125 0.38984375 0.03359375 0.0625
1 0.43984375 0.46015625 0.021875 0.03203125
1 0.5875 0.46328125 0.025 0.0375
1 0.5609375 0.43359375 0.01796875 0.028125
1 0.365625 0.459375 0.02265625 0.03203125
1 0.4234375 0.43046875 0.01953125 0.028125
1 0.38984375 0.43046875 0.021875 0.025
1 0.56875 0.51171875 0.03671875 0.059375
1 0.5953125 0.41796875 0.01640625 0.025
1 0.46171875 0.41484375 0.0171875 0.0234375
1 0.5734375 0.39453125 0.01484375 0.01953125
1 0.471875 0.39296875 0.0125 0.01953125