1 0.2471759259259259 0.8796875 0.13549768518518518 0.1901041666666668
2 0.9328472222222223 0.8472916666666667 0.1343055555555555 0.3054166666666667
2 0.607650462962963 0.4510416666666666 0.06276620370370374 0.12749999999999986
1 0.7141608796296296 0.63375 0.06358796296296294 0.07760416666666678
1 0.8225983796296296 0.7884895833333333 0.10180555555555557 0.12854166666666664
1 0.6281423611111111 0.6225520833333333 0.05572916666666661 0.07395833333333339
1 0.7096817129629629 0.5421354166666668 0.03980324074074062 0.052604166666666785
1 0.4061574074074074 0.54765625 0.036678240740740796 0.05239583333333329
1 0.5829918981481481 0.5251041666666667 0.035069444444444466 0.04916666666666671
1 0.40416087962962965 0.4655729166666666 0.027164351851851797 0.04239583333333332
1 0.5331192129629629 0.425 0.017534722222222143 0.024583333333333356
1 0.4680150462962963 0.4557812500000001 0.022337962962962976 0.03270833333333343
1 0.5588483796296296 0.47588541666666667 0.025532407407407476 0.03760416666666675
1 0.57234375 0.4385416666666666 0.01762731481481481 0.03083333333333336
1 0.4765219907407408 0.3978125 0.01280092592592581 0.021145833333333287
1 0.519525462962963 0.40302083333333333 0.014363425925925988 0.021250000000000036
2 0.5591840277777778 0.39317708333333334 0.020914351851851976 0.04197916666666668
1 0.7815740740740741 0.60078125 0.07802083333333325 0.10354166666666664