1 0.8691145833333334 0.9769907407407408 0.16246527777777758 0.04601851851851855
1 0.6607638888888889 0.784699074074074 0.10295138888888893 0.135775462962963
1 0.8980034722222221 0.8151504629629629 0.11989583333333301 0.12534722222222214
1 0.6194618055555556 0.6124942129629629 0.06114583333333332 0.08144675925925923
1 0.700954861111111 0.5907060185185184 0.06090277777777793 0.07050925925925924
1 0.7301909722222222 0.5361400462962964 0.04326388888888886 0.049687499999999926
1 0.6985069444444444 0.4805497685185186 0.03368055555555553 0.040034722222222284
1 0.49711805555555555 0.4472569444444444 0.03385416666666678 0.047847222222222284
1 0.671111111111111 0.44226273148148143 0.025590277777777715 0.02730324074074062
1 0.4852777777777778 0.4063078703703703 0.024166666666666715 0.033506944444444464
2 0.49874999999999997 0.3450289351851852 0.021041666666666715 0.03341435185185189
1 0.6025520833333333 0.4488194444444444 0.030520833333333285 0.03837962962962962
1 0.5264583333333334 0.36224537037037036 0.01763888888888889 0.02082175925925931
1 0.5944097222222222 0.39861111111111114 0.019340277777777713 0.027118055555555555