1 0.3875 0.65703125 0.0609375 0.09453125
1 0.89375 0.78671875 0.10703125 0.14296875
1 0.20625 0.6515625 0.06953125 0.078125
1 0.3625 0.52734375 0.0375 0.0484375
1 0.71875 0.56953125 0.05078125 0.06953125
1 0.3203125 0.60703125 0.05234375 0.06953125
1 0.63203125 0.55078125 0.0390625 0.05703125
1 0.565625 0.52421875 0.03359375 0.0484375
1 0.43125 0.51171875 0.03359375 0.05703125
1 0.4453125 0.46796875 0.02421875 0.0359375
1 0.37890625 0.44296875 0.0234375 0.03359375
1 0.425 0.42890625 0.01953125 0.028125
1 0.4640625 0.41171875 0.01640625 0.02109375
1 0.4 0.41796875 0.01796875 0.025
1 0.5484375 0.44765625 0.02109375 0.03203125
1 0.52734375 0.38828125 0.0140625 0.02109375
2 0.4515625 0.353125 0.01796875 0.0375
1 0.446875 0.39296875 0.01328125 0.01953125
1 0.5703125 0.41328125 0.0171875 0.02890625
1 0.4734375 0.38828125 0.0125 0.01796875