1 0.0484375 0.85625 0.096875 0.13125
1 0.28125 0.65546875 0.0671875 0.08046875
1 0.3875 0.64296875 0.05703125 0.0859375
1 0.6859375 0.64140625 0.0578125 0.09140625
1 0.58125 0.603125 0.04375 0.0765625
1 0.33359375 0.56171875 0.04375 0.05390625
2 0.3546875 0.459375 0.03984375 0.0640625
1 0.4296875 0.50859375 0.03203125 0.04140625
1 0.6484375 0.484375 0.0296875 0.04296875
1 0.39140625 0.48671875 0.0296875 0.040625
1 0.571875 0.43671875 0.01953125 0.02890625
1 0.41171875 0.40390625 0.0171875 0.021875
1 0.6078125 0.4390625 0.02109375 0.028125
1 0.4609375 0.428125 0.01796875 0.025
1 0.52890625 0.39921875 0.0140625 0.02109375
1 0.46953125 0.39765625 0.0140625 0.02109375
2 0.4375 0.39921875 0.01953125 0.03203125
2 0.4453125 0.378125 0.02109375 0.0359375