1 0.05899305555555555 0.8626041666666666 0.08194444444444444 0.10333333333333314
1 0.3594965277777778 0.6810937499999999 0.09812499999999993 0.12868055555555563
1 0.21576388888888892 0.9246527777777779 0.12340277777777775 0.071458333333333
1 0.31555555555555553 0.5661111111111111 0.07534722222222223 0.0875694444444445
2 0.30487847222222225 0.43703125 0.16708333333333333 0.20986111111111114
1 0.41765625 0.45203125 0.04010416666666661 0.04774305555555554
1 0.6326215277777778 0.46227430555555554 0.030555555555555537 0.039722222222222214
1 0.49008680555555556 0.40835069444444444 0.028888888888888787 0.03499999999999996
1 0.6134895833333334 0.40953125 0.020902777777777715 0.027013888888888893
1 0.45888888888888885 0.41 0.028958333333333287 0.038125000000000145
1 0.48215277777777776 0.4378472222222222 0.03864583333333336 0.05239583333333329
2 0.6405208333333333 0.39607638888888885 0.04371527777777775 0.06968750000000004
2 0.5312152777777778 0.36163194444444446 0.025798611111111213 0.036493055555555556
2 0.5334027777777777 0.3195138888888889 0.025729166666666713 0.033368055555555554
2 0.38470486111111113 0.4801909722222222 0.06430555555555557 0.08263888888888893
1 0.5176041666666666 0.3816319444444444 0.024062499999999966 0.028645833333333304
1 0.5039756944444445 0.36571180555555555 0.017743055555555644 0.025381944444444395