1 0.18125 0.8578125 0.11796875 0.1625
1 0.29453125 0.66484375 0.0671875 0.084375
1 0.2375 0.61484375 0.06328125 0.06796875
1 0.43125 0.4953125 0.03046875 0.0375
1 0.3234375 0.50078125 0.03125 0.040625
1 0.35625 0.53671875 0.03671875 0.0484375
2 0.36171875 0.43671875 0.0484375 0.090625
1 0.6234375 0.45546875 0.0234375 0.03359375
2 0.43125 0.37421875 0.03203125 0.06796875
1 0.425 0.42734375 0.01875 0.0265625
1 0.4546875 0.44140625 0.02265625 0.03046875
1 0.5859375 0.40703125 0.01484375 0.021875
1 0.4703125 0.39921875 0.01484375 0.0234375
1 0.53828125 0.41796875 0.0171875 0.021875
2 0.39375 0.40078125 0.03203125 0.07109375
1 0.36875 0.68671875 0.07421875 0.13203125
1 0.48125 0.37265625 0.01171875 0.01796875
1 0.553125 0.36015625 0.009375 0.015625