1 0.8286921296296296 0.6193460648148148 0.09686342592592609 0.10751157407407419
2 0.6656365740740741 0.4410011574074074 0.1067708333333334 0.14372685185185183
1 0.6023958333333332 0.5946643518518518 0.06057870370370359 0.08300925925925924
1 0.29074652777777776 0.686255787037037 0.08434027777777775 0.1055787037037037
1 0.3719733796296296 0.4791956018518519 0.035092592592592634 0.04945601851851862
1 0.5318576388888889 0.4495428240740741 0.03185185185185198 0.04155092592592595
1 0.3432175925925926 0.4681828703703704 0.031874999999999966 0.04311342592592595
1 0.5404456018518518 0.39743055555555556 0.022291666666666644 0.02877314814814813
1 0.5711863425925927 0.4327314814814815 0.03024305555555564 0.03837962962962962
1 0.5083449074074073 0.4011689814814815 0.022291666666666644 0.02877314814814813
1 0.40509259259259256 0.4067071759259259 0.019143518518518476 0.027118055555555465
1 0.43619791666666663 0.36464120370370373 0.01592592592592581 0.020775462962962975
1 0.5393344907407407 0.36691550925925925 0.015972222222222145 0.023900462962962978
1 0.4961574074074074 0.3797048611111111 0.019097222222222144 0.023993055555555552