1 0.3587962962962963 0.8717708333333333 0.1432291666666666 0.19989583333333344
1 0.08353587962962962 0.9270659722222223 0.10677083333333333 0.1428819444444443
1 0.7971643518518519 0.6489236111111112 0.11076388888888893 0.12423611111111121
1 0.86171875 0.5920659722222222 0.10896990740740727 0.11795138888888879
1 0.6370370370370371 0.609548611111111 0.07511574074074083 0.08909722222222208
1 0.6498842592592593 0.49451388888888886 0.06359953703703702 0.07322916666666668
1 0.6916956018518519 0.4615798611111111 0.0622106481481481 0.07788194444444443
1 0.5853877314814815 0.42335069444444445 0.0375 0.04298611111111121
1 0.332494212962963 0.485954861111111 0.03761574074074074 0.046111111111111214
1 0.6333622685185185 0.41369791666666667 0.03917824074074083 0.04614583333333329
1 0.522164351851852 0.4021180555555556 0.029340277777777857 0.03343749999999997
2 0.5579861111111111 0.34121527777777777 0.047511574074074046 0.060381944444444446
1 0.5030960648148148 0.36897569444444445 0.02129629629629619 0.027013888888888893
1 0.5963252314814815 0.38095486111111115 0.03258101851851851 0.03663194444444447
1 0.5125289351851852 0.3461284722222222 0.01637731481481488 0.020659722222222232
1 0.47618634259259257 0.33678819444444447 0.01637731481481488 0.020659722222222232
1 0.48217592592592595 0.3436805555555556 0.01799768518518512 0.022256944444444392