1 0.646875 0.79140625 0.084375 0.14453125
1 0.0359375 0.90546875 0.071875 0.153125
1 0.9375 0.83203125 0.1234375 0.175
1 0.846875 0.9203125 0.13046875 0.159375
1 0.2796875 0.56171875 0.04765625 0.05703125
1 0.4171875 0.56171875 0.040625 0.06796875
1 0.5765625 0.53203125 0.03515625 0.05859375
1 0.3 0.9625 0.10703125 0.075
1 0.38828125 0.48515625 0.0296875 0.04296875
1 0.3640625 0.5328125 0.034375 0.0484375
1 0.44375 0.47421875 0.02890625 0.04296875
1 0.3953125 0.42421875 0.02265625 0.03203125
1 0.5953125 0.45703125 0.02109375 0.0359375
1 0.4703125 0.39609375 0.0140625 0.021875
1 0.534375 0.4140625 0.01640625 0.025
1 0.58828125 0.41328125 0.0140625 0.0234375
1 0.5265625 0.396875 0.01328125 0.02109375
1 0.434375 0.41328125 0.01953125 0.03203125
1 0.45078125 0.440625 0.0234375 0.03046875
1 0.5625 0.37890625 0.01171875 0.01640625
1 0.4140625 0.40546875 0.01640625 0.021875
2 0.5453125 0.34296875 0.01171875 0.025