1 0.3872916666666667 0.68828125 0.0890625 0.1171875
1 0.14307291666666666 0.64609375 0.12010416666666668 0.1140625
1 0.26104166666666667 0.6578125 0.10125000000000002 0.1125
1 0.67265625 0.6796875 0.08645833333333339 0.125
1 0.35713541666666665 0.50546875 0.05583333333333336 0.0640625
1 0.418125 0.4125 0.03760416666666657 0.0484375
1 0.3291666666666667 0.4609375 0.048958333333333395 0.0546875
1 0.48401041666666667 0.4046875 0.03416666666666668 0.04375
1 0.49749999999999994 0.3609375 0.025520833333333215 0.03125
1 0.4681770833333333 0.3546875 0.025416666666666643 0.0296875
2 0.6267708333333333 0.31953125 0.03874999999999993 0.065625
2 0.42854166666666665 0.34609375 0.03781250000000007 0.0515625
1 0.5144270833333333 0.321875 0.01708333333333343 0.021875
1 0.4346354166666666 0.37890625 0.028958333333333287 0.0359375
1 0.5768229166666666 0.35546875 0.019062500000000072 0.028125
1 0.5697916666666667 0.3203125 0.01541666666666668 0.0203125
1 0.6088020833333333 0.3546875 0.02385416666666664 0.0296875
2 0.67640625 0.46640625 0.06239583333333343 0.0921875
1 0.4691666666666666 0.3109375 0.01854166666666668 0.0203125