1 0.1423900462962963 0.9187326388888888 0.14212962962962963 0.08590277777777758
1 0.18368055555555554 0.6680208333333333 0.09311342592592595 0.11135416666666664
1 0.10549768518518518 0.6291666666666667 0.09415509259259261 0.09732638888888889
1 0.3182581018518518 0.6174131944444444 0.07216435185185191 0.09371527777777774
1 0.3161747685185185 0.5050520833333334 0.04085648148148149 0.04930555555555553
2 0.3754918981481482 0.3999131944444444 0.036226851851851906 0.05076388888888887
1 0.5061921296296296 0.4539930555555555 0.027835648148148096 0.03496527777777771
1 0.3397569444444445 0.4373958333333333 0.027893518518518512 0.036527777777777715
1 0.5697916666666667 0.5072222222222222 0.021643518518518513 0.036388888888888894
1 0.39265046296296297 0.42138888888888887 0.024537037037037024 0.030208333333333216
1 0.5594328703703704 0.42861111111111116 0.021354166666666785 0.028576388888888894
2 0.5272569444444445 0.37 0.025115740740740834 0.04583333333333339
1 0.41128472222222223 0.40302083333333333 0.01967592592592595 0.025416666666666643
2 0.42025462962962956 0.4348263888888889 0.031307870370370236 0.04440972222222221