1 0.1953125 0.82578125 0.09921875 0.12890625
1 0.346875 0.803125 0.08515625 0.128125
1 0.8 0.66171875 0.07421875 0.09296875
1 0.3359375 0.59140625 0.05 0.075
1 0.6234375 0.53203125 0.03359375 0.053125
1 0.36875 0.44921875 0.02421875 0.02890625
1 0.30625 0.52578125 0.0359375 0.04609375
1 0.4421875 0.46953125 0.02265625 0.03359375
1 0.59375 0.41328125 0.01953125 0.0265625
1 0.5375 0.42109375 0.01796875 0.028125
1 0.4359375 0.41640625 0.0171875 0.021875
1 0.4703125 0.40078125 0.01484375 0.02109375
1 0.4046875 0.41015625 0.01796875 0.02890625
2 0.4203125 0.390625 0.01953125 0.0390625
1 0.484375 0.36796875 0.01015625 0.01640625
1 0.5359375 0.36796875 0.01328125 0.01640625