2 0.792332175925926 0.6341782407407408 0.2227546296296296 0.28165509259259275
2 0.14009837962962962 0.6043055555555557 0.28019675925925924 0.4632638888888888
1 0.5754166666666667 0.6797743055555555 0.07650462962962976 0.10545138888888879
1 0.6910590277777777 0.7253009259259259 0.09222222222222225 0.11251157407407408
1 0.40068287037037037 0.5654918981481482 0.06374999999999993 0.08761574074074083
2 0.654681712962963 0.44068865740740737 0.07496527777777776 0.10693287037037039
1 0.6313946759259259 0.5371354166666666 0.04456018518518512 0.056956018518518545
1 0.5713715277777778 0.47857638888888887 0.036562500000000143 0.044050925925925986
1 0.5698263888888888 0.5301793981481481 0.04614583333333329 0.05859953703703695
1 0.36967592592592596 0.445318287037037 0.03343749999999997 0.043888888888888825
1 0.4847627314814815 0.4229571759259259 0.025509259259259308 0.035671296296296263
1 0.5920601851851852 0.3994386574074074 0.020729166666666642 0.029178240740740692
1 0.5008391203703704 0.39167824074074076 0.020729166666666642 0.02917824074074078
1 0.5678182870370371 0.4022569444444445 0.02068287037037031 0.02605324074074069
1 0.6166840277777779 0.4762268518518519 0.03339120370370381 0.04076388888888882
1 0.40034722222222224 0.4827604166666667 0.03040509259259263 0.049976851851851835
1 0.4806770833333333 0.3825752314814815 0.02068287037037031 0.02605324074074069
2 0.6093576388888889 0.4438194444444445 0.03828703703703695 0.055069444444444574
1 0.5993576388888888 0.38110532407407405 0.01592592592592581 0.02112268518518512
1 0.46369791666666665 0.36940393518518516 0.01592592592592581 0.02112268518518512