2 0.2734375 0.51796875 0.07265625 0.146875
2 0.04140625 0.81171875 0.0828125 0.34296875
1 0.4109375 0.60859375 0.04375 0.06640625
1 0.7984375 0.66171875 0.06875 0.09609375
1 0.29140625 0.94140625 0.1171875 0.11640625
1 0.3546875 0.54609375 0.03984375 0.053125
1 0.35625 0.465625 0.0265625 0.0375
1 0.6453125 0.4828125 0.03046875 0.0484375
1 0.6015625 0.48671875 0.028125 0.040625
1 0.4265625 0.51640625 0.03203125 0.04453125
1 0.39296875 0.471875 0.0265625 0.034375
1 0.2515625 0.721875 0.08203125 0.115625
1 0.1 0.97734375 0.11875 0.0453125
1 0.4578125 0.43515625 0.01953125 0.02890625
1 0.4328125 0.41796875 0.01875 0.025
1 0.6125 0.43671875 0.025 0.034375
1 0.40546875 0.41328125 0.0171875 0.0234375
1 0.45 0.46640625 0.02109375 0.03046875
1 0.53671875 0.415625 0.0171875 0.0234375
1 0.4703125 0.39296875 0.0140625 0.01953125
1 0.58203125 0.40078125 0.0171875 0.02109375
1 0.434375 0.39609375 0.01484375 0.021875