1 0.6039293981481482 0.612355324074074 0.052881944444444426 0.09097222222222215
1 0.25502314814814814 0.962962962962963 0.11459490740740738 0.040162037037037024
1 0.2817939814814815 0.6594618055555556 0.07163194444444443 0.09166666666666679
1 0.24852430555555555 0.5770543981481481 0.06037037037037045 0.06938657407407404
1 0.39890625 0.5972800925925925 0.05428240740740744 0.08009259259259274
1 0.43606481481481474 0.5200810185185185 0.03828703703703695 0.05451388888888893
1 0.38709490740740743 0.4859375 0.033483796296296296 0.046527777777777855
1 0.612175925925926 0.48307291666666663 0.03196759259259263 0.04959490740740726
1 0.3854340277777778 0.4265914351851852 0.02543981481481481 0.030613425925925954
1 0.3577604166666667 0.4581018518518519 0.02865740740740739 0.036979166666666785
2 0.4455381944444444 0.36808449074074073 0.03702546296296294 0.07476851851851851
1 0.47045138888888893 0.4140625 0.02075231481481481 0.03043981481481488
1 0.4147511574074074 0.4004918981481481 0.020706018518518478 0.027314814814814882
1 0.4840277777777778 0.3807291666666667 0.014363425925925988 0.02083333333333339
1 0.49234375 0.3616608796296296 0.014340277777777643 0.019270833333333303
1 0.5361053240740741 0.36082175925925924 0.011215277777777644 0.01915509259259256
1 0.5615682870370371 0.3911458333333333 0.020706018518518478 0.027314814814814882
2 0.5862905092592593 0.37146990740740743 0.017719907407407476 0.03657407407407405