1 0.09140625 0.9374479166666667 0.0734375 0.11943287037037038
2 0.36171875 0.476556712962963 0.09375 0.15486111111111106
1 0.21953125 0.6620543981481481 0.084375 0.09656249999999993
1 0.7 0.6472974537037037 0.096875 0.13939814814814824
1 0.40703125 0.6374884259259259 0.0578125 0.08424768518518526
1 0.33671875 0.5895717592592593 0.053125 0.06837962962962969
1 0.31328125 0.5282870370370369 0.0484375 0.05876157407407412
1 0.42734375 0.4989351851851852 0.0328125 0.043888888888889
1 0.403125 0.4330034722222222 0.025 0.03254629629629626
1 0.534375 0.44807291666666665 0.0328125 0.048576388888889
1 0.43359375 0.41267361111111106 0.021875 0.029259259259259273
2 0.4171875 0.3635243055555556 0.03125 0.060995370370370415
1 0.44140625 0.3880497685185185 0.0171875 0.0258912037037037
1 0.54609375 0.3677777777777778 0.015625 0.02268518518518512
1 0.60859375 0.46688078703703706 0.0515625 0.08548611111111111
1 0.5171875 0.37396412037037036 0.015625 0.02268518518518512
1 0.4140625 0.3871238425925926 0.01875 0.024409722222222284
1 0.4484375 0.3673726851851852 0.015625 0.02112268518518512