1 0.2204340277777778 0.9005555555555557 0.13062500000000005 0.19777777777777744
1 0.7458159722222222 0.631880787037037 0.06618055555555565 0.08327546296296298
1 0.6346180555555556 0.6076273148148148 0.05347222222222214 0.07849537037037031
1 0.45595486111111116 0.47119212962962964 0.033333333333333215 0.047106481481481485
1 0.6591145833333334 0.5086226851851852 0.04503472222222236 0.06437500000000007
1 0.5652777777777779 0.41811342592592593 0.02312499999999993 0.028287037037037166
1 0.6909375 0.4690277777777778 0.03482638888888889 0.04555555555555557
2 0.9810243055555556 0.8985416666666666 0.037951388888888715 0.1864814814814814
2 0.39553819444444444 0.44731481481481483 0.04701388888888882 0.07376157407407398
1 0.635173611111111 0.40925925925925927 0.02156249999999993 0.028275462962962905
1 0.5389062499999999 0.3694965277777778 0.016527777777777787 0.020428240740740743
1 0.46263888888888893 0.3579976851851852 0.016527777777777787 0.020428240740740743
1 0.5761458333333334 0.38148726851851855 0.016527777777777787 0.020428240740740743
1 0.60328125 0.37700231481481483 0.02156249999999993 0.028275462962962995
2 0.8101909722222222 0.9205439814814815 0.20225694444444428 0.15769675925925916
0 0.5884895833333333 0.36049189814814814 0.02545138888888889 0.045486111111111074
1 0.4835416666666667 0.3362847222222222 0.011770833333333286 0.018831018518518584