1 0.11875 0.74296875 0.11796875 0.13359375
1 0.15703125 0.86796875 0.1234375 0.146875
1 0.6546875 0.734375 0.07734375 0.12890625
1 0.8234375 0.69921875 0.09140625 0.12109375
1 0.234375 0.60546875 0.06171875 0.071875
1 0.2640625 0.94140625 0.13203125 0.11640625
2 0.3078125 0.48359375 0.07578125 0.121875
1 0.41015625 0.59296875 0.0421875 0.0609375
1 0.646875 0.57265625 0.0375 0.0625
1 0.371875 0.51796875 0.03515625 0.04453125
1 0.39921875 0.471875 0.0265625 0.0359375
1 0.44140625 0.49609375 0.03125 0.053125
1 0.3578125 0.46796875 0.0265625 0.03359375
1 0.4421875 0.403125 0.0140625 0.021875
2 0.575 0.37421875 0.02421875 0.059375
1 0.4078125 0.41328125 0.0171875 0.0234375
2 0.45625 0.36171875 0.01953125 0.04296875
1 0.4515625 0.45078125 0.02109375 0.03203125
1 0.46328125 0.42109375 0.01875 0.025
1 0.421875 0.42421875 0.01953125 0.03203125
1 0.37734375 0.43828125 0.021875 0.03203125
1 0.4703125 0.396875 0.01484375 0.02109375