1 0.4366087962962963 0.6366087962962963 0.08568287037037034 0.11975694444444436
1 0.37609375 0.5664641203703704 0.07148148148148152 0.0862962962962964
1 0.33109953703703704 0.525173611111111 0.056365740740740744 0.06525462962962969
1 0.4693807870370371 0.53234375 0.05003472222222207 0.06336805555555554
2 0.7539583333333333 0.5509953703703705 0.10885416666666678 0.14589120370370381
1 0.4996006944444444 0.4840451388888889 0.03672453703703695 0.047094907407407405
1 0.4484085648148149 0.42840856481481476 0.02818287037037024 0.032627314814814665
1 0.4847106481481481 0.4373032407407408 0.026620370370370416 0.03254629629629626
1 0.6143576388888888 0.44324652777777784 0.02662037037037024 0.03254629629629626
1 0.673599537037037 0.4587847222222222 0.02349537037037024 0.03238425925925927
1 0.5347627314814816 0.42587384259259264 0.025057870370370237 0.03246527777777786
1 0.6107986111111111 0.41968750000000005 0.021689814814814846 0.02761574074074069
1 0.6032523148148148 0.39436342592592594 0.01667824074074069 0.02112268518518521
1 0.648269675925926 0.4060474537037037 0.016516203703703703 0.01799768518518512
1 0.49037615740740736 0.39630208333333333 0.019884259259259275 0.022847222222222286
1 0.5528356481481481 0.3987615740740741 0.01667824074074069 0.02112268518518521