1 0.04041666666666667 0.7884548611111111 0.08083333333333334 0.19878472222222215
2 0.6174247685185186 0.4036284722222222 0.05849537037037038 0.09347222222222236
1 0.34052083333333333 0.6545486111111112 0.07739583333333329 0.114201388888889
1 0.7407638888888888 0.630625 0.0708912037037038 0.0796875
1 0.6766030092592593 0.6424826388888889 0.07253472222222221 0.09065972222222207
1 0.574212962962963 0.5409722222222222 0.044178240740740726 0.05878472222222229
1 0.2657291666666667 0.5192708333333333 0.05674768518518523 0.06843749999999993
1 0.5966030092592594 0.4719270833333333 0.036261574074073974 0.04454861111111121
1 0.6789930555555556 0.5307986111111112 0.04100694444444457 0.052465277777777784
1 0.6403298611111111 0.4760243055555556 0.03623842592592581 0.041423611111111217
1 0.5436747685185186 0.44418402777777777 0.028402777777777645 0.038124999999999964
1 0.5346238425925927 0.40022569444444445 0.022106481481481487 0.031736111111111145
1 0.562042824074074 0.3906770833333333 0.022083333333333323 0.028611111111111143
1 0.46532986111111113 0.3666493055555556 0.022083333333333323 0.028611111111111143
1 0.5223958333333334 0.36322916666666666 0.014212962962962905 0.020624999999999984
1 0.404837962962963 0.410625 0.026817129629629656 0.03496527777777771
1 0.4438599537037037 0.41696180555555556 0.025254629629629655 0.034930555555555645
1 0.3988425925925926 0.3761111111111111 0.022094907407407403 0.030173611111111144
1 0.4458159722222222 0.3638715277777778 0.017349537037037167 0.022256944444444392