1 0.8571469907407406 0.8608217592592593 0.1156944444444445 0.1633101851851851
2 0.03379050925925926 0.759056712962963 0.06758101851851853 0.37876157407407407
1 0.6937326388888889 0.7507233796296295 0.1122800925925926 0.1320023148148149
1 0.3646932870370371 0.6467592592592593 0.06796296296296296 0.09450231481481489
1 0.5662384259259259 0.679050925925926 0.06943287037037038 0.09299768518518511
1 0.7062037037037037 0.6060474537037036 0.060138888888888783 0.06770833333333322
1 0.6405787037037036 0.6084780092592592 0.056921296296296296 0.06603009259259256
1 0.5640914351851851 0.5442708333333334 0.04386574074074083 0.05619212962962976
1 0.611111111111111 0.5269386574074074 0.038715277777777855 0.04820601851851851
1 0.39513310185185185 0.5014178240740741 0.04386574074074075 0.05619212962962976
1 0.5518518518518519 0.47456597222222224 0.031909722222222214 0.03859953703703702
1 0.6614351851851852 0.5196180555555555 0.03825231481481488 0.04039351851851851
1 0.42116898148148146 0.44354745370370374 0.02712962962962955 0.03686342592592595
1 0.45595486111111116 0.4484953703703704 0.02538194444444457 0.03368055555555571
1 0.36256365740740737 0.4722222222222222 0.03365740740740737 0.04178240740740744
1 0.5408449074074074 0.42352430555555554 0.020046296296296263 0.022569444444444465
1 0.6242824074074074 0.4625289351851851 0.023541666666666572 0.02893518518518512
1 0.4838252314814815 0.39913194444444444 0.018576388888888927 0.024074074074074046
1 0.5707581018518518 0.4317708333333334 0.021886574074074083 0.027314814814814882
1 0.4197106481481482 0.41553819444444445 0.023634259259259237 0.03049768518518512
1 0.44733217592592595 0.409837962962963 0.025381944444444395 0.03368055555555553
2 0.5988020833333334 0.405787037037037 0.04295138888888879 0.06707175925925934
1 0.5344675925925927 0.3995949074074074 0.015266203703703596 0.020833333333333304