1 0.3484375 0.740625 0.08046875 0.125
1 0.21328125 0.63046875 0.0765625 0.096875
2 0.3359375 0.45859375 0.06328125 0.103125
1 0.2875 0.65078125 0.0625 0.07890625
1 0.284375 0.54921875 0.04765625 0.05703125
1 0.42734375 0.53203125 0.0328125 0.046875
1 0.3890625 0.48671875 0.02890625 0.0375
2 0.59453125 0.39296875 0.0296875 0.06953125
1 0.4484375 0.46640625 0.0265625 0.04140625
1 0.4609375 0.43515625 0.01796875 0.0265625
1 0.5515625 0.40078125 0.0140625 0.02109375
1 0.4265625 0.41796875 0.01953125 0.028125
1 0.9109375 0.98671875 0.08359375 0.0265625
2 0.45859375 0.36015625 0.015625 0.03203125
1 0.46875 0.40546875 0.0171875 0.021875
1 0.39296875 0.440625 0.0234375 0.0390625
1 0.4078125 0.41171875 0.01953125 0.0234375