1 0.21272569444444445 0.9420052083333333 0.12524305555555557 0.11598958333333335
2 0.3434895833333333 0.5047916666666666 0.10020833333333332 0.1515625
1 0.3812152777777778 0.5903645833333333 0.05326388888888891 0.07677083333333332
1 0.2934201388888889 0.5030208333333334 0.03482638888888889 0.047499999999999966
2 0.6423784722222223 0.51453125 0.08510416666666672 0.12718749999999995
1 0.5848090277777778 0.5404687499999999 0.040138888888888856 0.06187499999999986
1 0.5510416666666667 0.4716145833333334 0.026458333333333427 0.034479166666666575
1 0.7737152777777777 0.9676041666666666 0.1581944444444444 0.06479166666666672
1 0.5924479166666666 0.47437500000000005 0.02312499999999993 0.029583333333333427
1 0.5252951388888889 0.4338541666666666 0.018229166666666786 0.024583333333333356
1 0.4552777777777777 0.44015624999999997 0.02149305555555543 0.02791666666666668
1 0.41664930555555557 0.4454166666666667 0.023055555555555607 0.028020833333333252
1 0.3920659722222222 0.434375 0.023055555555555607 0.02802083333333343
1 0.5755208333333334 0.4497395833333333 0.021354166666666785 0.024791666666666677
1 0.46402777777777776 0.4195833333333333 0.016527777777777787 0.021354166666666785
1 0.4454513888888889 0.41442708333333333 0.014965277777777786 0.02124999999999986
1 0.5445659722222222 0.42338541666666674 0.014965277777777786 0.02124999999999986
1 0.3966840277777778 0.47151041666666665 0.02673611111111107 0.04072916666666657
2 0.4297222222222222 0.48624999999999996 0.040138888888888856 0.061875000000000034
1 0.5548784722222222 0.4029166666666667 0.011840277777777786 0.021041666666666715
2 0.36071180555555554 0.4346354166666666 0.032638888888888926 0.033333333333333215