1 0.1734375 0.86015625 0.13203125 0.1734375
1 0.4046875 0.61796875 0.04609375 0.08046875
1 0.5921875 0.621875 0.04765625 0.08203125
1 0.3421875 0.55546875 0.04765625 0.0609375
1 0.32421875 0.50546875 0.0328125 0.046875
1 0.40546875 0.46640625 0.025 0.03359375
1 0.6484375 0.47421875 0.03671875 0.07109375
0 0.5984375 0.40546875 0.03515625 0.0640625
1 0.3953125 0.41953125 0.01953125 0.025
1 0.5515625 0.47421875 0.02578125 0.040625
1 0.58125 0.44921875 0.02265625 0.03203125
1 0.46953125 0.40078125 0.0140625 0.02109375
1 0.45 0.44765625 0.0203125 0.03203125
0 0.56875 0.37734375 0.01953125 0.040625
1 0.5296875 0.403125 0.01640625 0.0265625
1 0.4328125 0.41171875 0.01796875 0.0234375
1 0.53828125 0.4265625 0.0171875 0.025
1 0.79375 0.66171875 0.0875 0.109375
2 0.76953125 0.61796875 0.1359375 0.196875
2 0.7390625 0.57890625 0.078125 0.11640625
1 0.525 0.37578125 0.0125 0.01796875