1 0.12707175925925923 0.8678819444444444 0.1578587962962963 0.15489583333333315
2 0.6266608796296296 0.5098090277777778 0.09875000000000007 0.12861111111111115
1 0.0939525462962963 0.63171875 0.11601851851851852 0.13055555555555554
1 0.5233622685185185 0.7069618055555555 0.0764930555555555 0.09065972222222207
1 0.34050925925925923 0.5980902777777778 0.07517361111111107 0.0953125
1 0.5247222222222222 0.6053124999999999 0.053321759259259235 0.06517361111111111
1 0.3363715277777778 0.5119618055555556 0.048553240740740744 0.06350694444444435
1 0.5842476851851852 0.5886458333333333 0.04494212962962969 0.054062500000000034
1 0.5586400462962964 0.49421874999999993 0.028263888888888998 0.03340277777777771
1 0.5879918981481481 0.48626736111111113 0.02662037037037024 0.03180555555555564
1 0.45432291666666663 0.43949652777777787 0.02662037037037024 0.03180555555555564
1 0.5244155092592593 0.47546874999999994 0.026620370370370416 0.03180555555555564
1 0.37471643518518516 0.43616319444444446 0.03179398148148147 0.041284722222222216
1 0.524074074074074 0.5122222222222221 0.031631944444444574 0.03815972222222221
2 0.6203935185185185 0.6457638888888889 0.1253703703703703 0.1604166666666666
1 0.39142939814814814 0.46078125 0.03672453703703695 0.046076388888888785
1 0.7494097222222222 0.6314236111111111 0.0843055555555555 0.0908333333333335
1 0.5243518518518518 0.44652777777777775 0.023333333333333428 0.028611111111111143
1 0.6937615740740741 0.5582291666666667 0.06959490740740737 0.07802083333333343
1 0.4639699074074074 0.41937499999999994 0.020046296296296263 0.025416666666666643
1 0.7761400462962962 0.6891145833333333 0.11774305555555564 0.13371527777777778
1 0.42413773148148143 0.4333506944444444 0.02349537037037024 0.031736111111111145
2 0.5625694444444445 0.4184375 0.033599537037036956 0.04600694444444446
1 0.5717245370370371 0.4530555555555555 0.020046296296296263 0.025416666666666643