2 0.23125 0.69921875 0.21015625 0.35390625
1 0.403125 0.596875 0.0453125 0.0734375
1 0.3078125 0.91953125 0.10859375 0.15859375
1 0.6 0.6078125 0.04765625 0.0765625
1 0.36171875 0.5390625 0.0390625 0.053125
1 0.6453125 0.4828125 0.02890625 0.0375
1 0.3640625 0.45546875 0.025 0.03046875
1 0.1140625 0.721875 0.06875 0.1140625
1 0.43125 0.53046875 0.03125 0.0390625
2 0.4125 0.43046875 0.03984375 0.075
1 0.5921875 0.46484375 0.025 0.0375
1 0.5265625 0.38671875 0.0140625 0.01796875
2 0.58125 0.38671875 0.02578125 0.05703125
1 0.46328125 0.41796875 0.0171875 0.021875
1 0.53828125 0.42421875 0.01875 0.0265625
1 0.59453125 0.43515625 0.0203125 0.02890625
2 0.3890625 0.40546875 0.02890625 0.05859375
1 0.5453125 0.45546875 0.02265625 0.0359375
1 0.45234375 0.45078125 0.021875 0.03203125
1 0.4734375 0.396875 0.01484375 0.02109375
1 0.48125 0.37421875 0.01171875 0.01796875