1 0.6791550925925925 0.9273148148148149 0.11062499999999993 0.14537037037037023
1 0.1877835648148148 0.8126446759259259 0.1008912037037037 0.12401620370370381
1 0.3868402777777778 0.6309027777777778 0.047384259259259306 0.07048611111111107
1 0.7166840277777778 0.622019675925926 0.055196759259259306 0.07077546296296297
1 0.17482060185185186 0.6636863425925925 0.07562500000000001 0.08715277777777786
1 0.31916666666666665 0.5885416666666666 0.047384259259259306 0.07048611111111107
1 0.27804976851851854 0.5479456018518519 0.04099537037037031 0.05150462962962976
1 0.34380787037037036 0.5324074074074074 0.03157407407407407 0.044907407407407264
1 0.4126099537037037 0.5279224537037037 0.034768518518518476 0.0543981481481481
1 0.44771990740740736 0.4299768518518519 0.015810185185185333 0.02557870370370381
1 0.51640625 0.4411168981481481 0.015821759259259237 0.02714120370370381
1 0.5095659722222223 0.4150752314814815 0.014236111111111071 0.023958333333333394
1 0.43183449074074076 0.4645543981481481 0.022094907407407403 0.03049768518518512
2 0.5578009259259259 0.444212962962963 0.02537037037037031 0.05092592592592595
2 0.4283159722222222 0.41206597222222224 0.020567129629629654 0.03512731481481488
1 0.36159143518518516 0.4525752314814815 0.02054398148148149 0.03200231481481488