1 0.3140625 0.91796875 0.11328125 0.1609375
1 0.2828125 0.66484375 0.07734375 0.10390625
1 0.19296875 0.65859375 0.06875 0.078125
1 0.82265625 0.846875 0.11875 0.18203125
1 0.60546875 0.65546875 0.0578125 0.09453125
1 0.4328125 0.52421875 0.03203125 0.04609375
1 0.6328125 0.465625 0.0296875 0.04453125
1 0.40625 0.45546875 0.02421875 0.03359375
1 0.3625 0.45546875 0.02421875 0.03046875
1 0.40390625 0.415625 0.0171875 0.021875
1 0.54765625 0.44921875 0.021875 0.03203125
1 0.4703125 0.40390625 0.0140625 0.021875
1 0.57578125 0.440625 0.0203125 0.03046875
2 0.4671875 0.35546875 0.021875 0.04453125
1 0.45546875 0.44296875 0.0203125 0.03359375
1 0.4390625 0.41328125 0.0171875 0.0234375
1 0.5328125 0.4078125 0.01640625 0.0265625
1 0.528125 0.38828125 0.01328125 0.01796875
1 0.42890625 0.38671875 0.0140625 0.02109375
2 0.85625 0.69140625 0.13671875 0.21953125