2 0.1453125 0.76171875 0.290625 0.4765625
1 0.375 0.659375 0.05546875 0.08203125
1 0.35078125 0.540625 0.0390625 0.0515625
1 0.3984375 0.47109375 0.028125 0.0359375
1 0.29921875 0.53515625 0.0359375 0.04609375
1 0.43359375 0.48828125 0.0265625 0.034375
1 0.3640625 0.46328125 0.0296875 0.04296875
1 0.4046875 0.41484375 0.01796875 0.0265625
1 0.4265625 0.43046875 0.01953125 0.028125
1 0.3859375 0.43671875 0.01953125 0.02890625
0 0.42421875 0.3765625 0.0296875 0.05
1 0.465625 0.40234375 0.0171875 0.02109375
1 0.9890625 0.93828125 0.01953125 0.115625
1 0.55703125 0.37578125 0.0109375 0.015625
1 0.48046875 0.37265625 0.0109375 0.01796875