2 0.8324131944444444 0.8102951388888888 0.26760416666666664 0.37607638888888884
1 0.03913194444444444 0.7127430555555556 0.07826388888888888 0.17236111111111113
1 0.7092881944444445 0.8638368055555554 0.12496527777777774 0.14177083333333335
1 0.5686284722222222 0.7919270833333333 0.11763888888888889 0.1634722222222221
1 0.21340277777777777 0.5620486111111112 0.08170138888888889 0.09239583333333332
1 0.6446875000000001 0.6404166666666666 0.07704861111111114 0.09385416666666657
2 0.5757291666666667 0.4020486111111111 0.03888888888888893 0.06333333333333328
1 0.7065104166666667 0.6371006944444445 0.06246527777777775 0.07010416666666668
1 0.5575694444444445 0.586111111111111 0.04659722222222218 0.058819444444444355
1 0.6707291666666666 0.5589236111111111 0.05121527777777786 0.055798611111111104
1 0.5522743055555555 0.5078298611111111 0.03690972222222229 0.04454861111111121
1 0.6299479166666666 0.49470486111111106 0.032048611111111215 0.03663194444444429
1 0.5877430555555556 0.459375 0.025694444444444464 0.03180555555555564
2 0.5446006944444445 0.39588541666666666 0.022638888888888785 0.03486111111111114
1 0.4899131944444445 0.3946701388888889 0.017673611111111143 0.022256944444444392
2 0.47055555555555556 0.35125 0.021041666666666715 0.03326388888888889
1 0.4194097222222222 0.4017013888888889 0.022499999999999964 0.028611111111111143
1 0.548611111111111 0.46163194444444444 0.025694444444444287 0.03180555555555564
2 0.35713541666666665 0.4956770833333334 0.0728472222222222 0.115625
1 0.46890625 0.3902951388888889 0.019270833333333216 0.02385416666666664
1 0.6113020833333334 0.5247743055555556 0.04989583333333343 0.06670138888888885