1 0.5698784722222222 0.9314583333333333 0.14751157407407406 0.13708333333333336
1 0.7052546296296296 0.9240277777777777 0.1382291666666667 0.15194444444444458
1 0.18552662037037038 0.7176388888888889 0.12104166666666667 0.15732638888888886
2 0.8340624999999999 0.8731249999999999 0.2071296296296296 0.25375000000000014
2 0.6638946759259259 0.5008506944444445 0.08608796296296291 0.11750000000000008
1 0.5766435185185186 0.6403645833333333 0.05568287037037045 0.06840277777777785
1 0.3607638888888889 0.5472569444444444 0.06370370370370368 0.08263888888888893
1 0.7714409722222222 0.62671875 0.08429398148148141 0.10184027777777764
1 0.46684606481481483 0.5081944444444444 0.03821759259259263 0.049270833333333285
1 0.3647916666666667 0.48638888888888887 0.04619212962962962 0.060381944444444356
1 0.5737094907407407 0.5746527777777778 0.04297453703703695 0.054062500000000034
1 0.6199537037037037 0.5655208333333334 0.03346064814814813 0.044479166666666715
1 0.42003472222222216 0.45010416666666675 0.02543981481481481 0.03024305555555564
1 0.5991782407407407 0.4908159722222223 0.025462962962962975 0.03180555555555564
1 0.4925752314814815 0.45953125000000006 0.02707175925925931 0.03496527777777771
1 0.8981307870370371 0.7264409722222223 0.12848379629629642 0.13249999999999992
1 0.43204861111111104 0.48319444444444437 0.033368055555555644 0.03822916666666672
1 0.4629803240740741 0.4526215277777778 0.02385416666666664 0.028645833333333214
1 0.7547974537037037 0.5896180555555556 0.06521990740740743 0.07954861111111118
1 0.46342013888888883 0.42293402777777783 0.02068287037037031 0.025451388888888715
1 0.7227835648148149 0.534982638888889 0.052303240740740796 0.051145833333333356
2 0.6460995370370369 0.5942361111111112 0.09564814814814823 0.1302083333333332
1 0.6113715277777778 0.45904513888888887 0.01755787037037031 0.025381944444444395
1 0.5692939814814816 0.5034375 0.030219907407407477 0.03659722222222221
1 0.6296238425925926 0.4930555555555555 0.022337962962962976 0.031736111111111145
1 0.5683564814814815 0.4612152777777778 0.02068287037037031 0.025451388888888715
2 0.9053356481481483 0.8203819444444445 0.08218749999999986 0.17052083333333315