1 0.5682349537037037 0.6902951388888889 0.09256944444444457 0.13594907407407408
1 0.6808333333333334 0.5197395833333334 0.05878472222222229 0.06862268518518526
1 0.6399826388888888 0.5897743055555555 0.06836805555555543 0.08317129629629641
1 0.6319675925925926 0.4457696759259259 0.036562500000000143 0.044050925925925986
1 0.5346296296296297 0.48204282407407406 0.04297453703703695 0.055312499999999966
1 0.5926736111111112 0.4634201388888889 0.04306712962962962 0.061562499999999964
1 0.4336863425925926 0.39281828703703703 0.0287268518518518 0.04208333333333334
1 0.5807175925925925 0.42734953703703704 0.03180555555555564 0.039120370370370416
1 0.583125 0.3702372685185185 0.02394675925925931 0.03559027777777777
1 0.5187905092592592 0.33922453703703703 0.019097222222222144 0.024409722222222197
1 0.37742476851851847 0.39651620370370366 0.04481481481481477 0.07414351851851855
1 0.5333043981481481 0.4134143518518519 0.039849537037036954 0.05515046296296298
1 0.5276215277777778 0.3754571759259259 0.025462962962962975 0.03254629629629626
2 0.5645023148148148 0.36261574074074077 0.036793981481481455 0.059675925925925986
1 0.4254571759259259 0.31596064814814817 0.014317129629629655 0.017916666666666713
1 0.4498900462962963 0.35294560185185186 0.022291666666666644 0.029259259259259273