1 0.35390625 0.81796875 0.08125 0.121875
1 0.8546875 0.9078125 0.14296875 0.184375
1 0.2375 0.77578125 0.09453125 0.13203125
1 0.2125 0.64921875 0.07421875 0.07890625
1 0.68203125 0.52421875 0.0421875 0.059375
1 0.3234375 0.50546875 0.04140625 0.05859375
1 0.44296875 0.50703125 0.0296875 0.04140625
1 0.3734375 0.50546875 0.03046875 0.04453125
1 0.40625 0.46796875 0.025 0.0359375
1 0.6015625 0.58984375 0.05078125 0.1015625
1 0.45859375 0.428125 0.0203125 0.03046875
1 0.3828125 0.44140625 0.0203125 0.028125
1 0.4375 0.41640625 0.01796875 0.028125
1 0.584375 0.409375 0.0140625 0.02109375
1 0.4125 0.44296875 0.01953125 0.028125
1 0.4390625 0.39140625 0.01484375 0.021875
1 0.48671875 0.36484375 0.0109375 0.015625
1 0.5234375 0.35078125 0.01015625 0.015625
1 0.428125 0.38515625 0.01328125 0.01796875