1 0.07552083333333334 0.80546875 0.1418402777777778 0.16340277777777779
2 0.33969907407407407 0.4573900462962962 0.0760416666666666 0.11462962962962955
1 0.30199652777777775 0.674675925925926 0.08182870370370372 0.10231481481481489
1 0.7256944444444444 0.6550983796296296 0.10121527777777786 0.12005787037037034
1 0.25 0.5825694444444445 0.07349537037037042 0.08802083333333321
1 0.588744212962963 0.5389756944444445 0.04924768518518512 0.06545138888888893
1 0.3583912037037037 0.5426793981481481 0.05254629629629637 0.07023148148148159
1 0.25078125 0.49826388888888895 0.053761574074074045 0.06090277777777793
2 0.41869212962962965 0.36842592592592593 0.046643518518518515 0.07942129629629627
1 0.5780092592592593 0.47061921296296294 0.03298611111111107 0.047800925925925955
1 0.37355324074074076 0.44936342592592593 0.026388888888888927 0.03824074074074062
1 0.591087962962963 0.4335532407407408 0.026273148148148094 0.03511574074074062
1 0.38446180555555554 0.3866087962962963 0.022916666666666606 0.02877314814814813
1 0.5196759259259259 0.35997106481481483 0.01637731481481488 0.020775462962962975
2 0.4627604166666666 0.35853587962962963 0.023090277777777855 0.03346064814814813
1 0.3897569444444445 0.41220486111111115 0.027835648148148096 0.03516203703703695
1 0.4491319444444445 0.38937499999999997 0.022916666666666786 0.02877314814814813