1 0.9936284722222222 0.7922222222222222 0.012743055555555572 0.15687499999999996
1 0.2743923611111111 0.8221006944444443 0.14034722222222218 0.20145833333333343
1 0.7415625 0.7965625000000001 0.1188194444444445 0.14631944444444453
1 0.71703125 0.5008506944444445 0.05604166666666668 0.062152777777777855
1 0.5736284722222222 0.44300347222222225 0.03211805555555554 0.03975694444444446
1 0.6122743055555555 0.4251215277777778 0.03531250000000004 0.04295138888888879
1 0.3165972222222222 0.5427083333333333 0.04649305555555561 0.05413194444444436
1 0.5293229166666666 0.4521701388888889 0.03211805555555554 0.03975694444444429
1 0.39869791666666665 0.4422395833333333 0.027361111111111124 0.036527777777777715
1 0.5072743055555555 0.40873263888888883 0.025694444444444464 0.03180555555555564
1 0.5511458333333333 0.4151736111111111 0.025729166666666713 0.033368055555555644
1 0.37927083333333333 0.41135416666666663 0.019305555555555555 0.025416666666666643
1 0.4877777777777778 0.37472222222222223 0.01930555555555564 0.025416666666666643
1 0.39326388888888886 0.3734027777777778 0.016076388888888894 0.020659722222222232
1 0.41553819444444445 0.3918576388888889 0.016076388888888894 0.020659722222222142
0 0.580295138888889 0.3916145833333333 0.04184027777777786 0.05559027777777779
1 0.5288715277777778 0.39671874999999995 0.024062500000000143 0.02864583333333339
1 0.4757986111111111 0.3627430555555556 0.016076388888888894 0.020659722222222232