2 0.34140625 0.44765625 0.0796875 0.13203125
1 0.35625 0.76171875 0.075 0.1125
1 0.40625 0.60078125 0.04375 0.06796875
1 0.6671875 0.51484375 0.03671875 0.0515625
1 0.5734375 0.525 0.0328125 0.05
1 0.4421875 0.48046875 0.02421875 0.03359375
1 0.35 0.55546875 0.04296875 0.05859375
1 0.390625 0.428125 0.01796875 0.0265625
1 0.4140625 0.45390625 0.01953125 0.03046875
1 0.4546875 0.44296875 0.021875 0.028125
1 0.415625 0.40078125 0.015625 0.0234375
1 0.5453125 0.45234375 0.0203125 0.034375
1 0.5796875 0.43828125 0.01875 0.03203125
1 0.52578125 0.38515625 0.0125 0.02109375
2 0.4375 0.36640625 0.0203125 0.046875
2 0.26328125 0.646875 0.1171875 0.19296875
1 0.2390625 0.48671875 0.05859375 0.06796875
2 0.1859375 0.59453125 0.11640625 0.20546875
1 0.5828125 0.40390625 0.015625 0.025
1 0.4671875 0.40078125 0.015625 0.0234375
1 0.5625 0.409375 0.01484375 0.0265625
2 0.121875 0.6765625 0.23984375 0.3609375