1 0.29140625 0.8271585648148149 0.1671875 0.265300925925926
1 0.025 0.7775289351851852 0.05 0.17380787037037032
1 0.22265625 0.7039930555555556 0.1140625 0.13053240740740737
1 0.3875 0.6645891203703703 0.0734375 0.09741898148148138
2 0.6375 0.40940972222222227 0.03125 0.05023148148148149
1 0.35703125 0.5612384259259259 0.0625 0.07233796296296298
1 0.453125 0.5557002314814815 0.0453125 0.059710648148148235
1 0.60078125 0.5161689814814815 0.0390625 0.05341435185185191
1 0.703125 0.5606770833333334 0.040625 0.05342592592592581
1 0.4859375 0.48328703703703707 0.0328125 0.03930555555555557
1 0.40078125 0.45843749999999994 0.034375 0.03931712962962948
1 0.359375 0.49484953703703705 0.04375 0.05032407407407398
1 0.52265625 0.4335590277777778 0.0234375 0.028298611111111073
1 0.4296875 0.4414641203703704 0.028125 0.0330208333333335
1 0.48984375 0.4270659722222222 0.0203125 0.028275462962962905
1 0.47421875 0.40820023148148155 0.0203125 0.026712962962962904
1 0.45859375 0.46199074074074076 0.0296875 0.039282407407407405
1 0.6140625 0.4600173611111111 0.025 0.031435185185185156
2 0.2625 0.5355381944444444 0.10625 0.13672453703703696
1 0.6484375 0.4532407407407407 0.0203125 0.026712962962962904
1 0.60859375 0.4209143518518518 0.0171875 0.020439814814814737
1 0.50234375 0.39356481481481487 0.01875 0.025138888888888822
1 0.53984375 0.40399884259259267 0.01875 0.025138888888889