2 0.12109375 0.82734375 0.2421875 0.3453125
1 0.36953125 0.70546875 0.06875 0.10859375
1 0.753125 0.73515625 0.08203125 0.1234375
1 0.4109375 0.590625 0.04296875 0.05859375
1 0.3109375 0.62265625 0.06015625 0.0734375
1 0.5828125 0.58828125 0.04140625 0.06796875
2 0.4 0.44453125 0.05546875 0.1140625
1 0.5546875 0.471875 0.0234375 0.034375
1 0.440625 0.478125 0.0265625 0.0375
1 0.3421875 0.48125 0.03125 0.0375
2 0.37578125 0.42265625 0.0421875 0.08203125
1 0.60625 0.434375 0.01953125 0.0265625
1 0.5328125 0.41484375 0.01640625 0.0234375
2 0.571875 0.37265625 0.0203125 0.04609375
1 0.5671875 0.42109375 0.0171875 0.025
1 0.45625 0.43671875 0.01953125 0.02890625
1 0.43046875 0.42578125 0.0171875 0.0265625
1 0.4671875 0.40703125 0.01484375 0.021875
1 0.4359375 0.40703125 0.015625 0.021875
1 0.56796875 0.40546875 0.0140625 0.021875
1 0.52265625 0.37578125 0.0125 0.01796875