1 0.16805555555555557 0.6826388888888889 0.10300925925925926 0.12708333333333321
1 0.6101273148148149 0.6537615740740741 0.05775462962962976 0.08483796296296298
1 0.2752604166666667 0.5649016203703704 0.07349537037037042 0.08854166666666678
1 0.6619791666666667 0.600289351851852 0.05381944444444446 0.06284722222222214
1 0.6150752314814815 0.450318287037037 0.019733796296296367 0.027256944444444466
1 0.46646412037037044 0.419068287037037 0.016493055555555712 0.02401620370370381
2 0.46875 0.375462962962963 0.020081018518518512 0.03663194444444447
1 0.5609664351851852 0.46391782407407406 0.01990740740740744 0.03194444444444446
2 0.5775752314814815 0.49105902777777777 0.04004629629629637 0.07013888888888893
1 0.5540798611111111 0.4254340277777778 0.018055555555555713 0.024074074074074046
1 0.5845775462962963 0.4484085648148149 0.02285879629629619 0.027372685185185118
1 0.5894965277777777 0.4337673611111111 0.021238425925925952 0.02575231481481488
2 0.6733217592592593 0.5063078703703704 0.05769675925925917 0.08327546296296298