1 0.720949074074074 0.6146874999999999 0.09262731481481482 0.12624999999999992
1 0.2469560185185185 0.7702604166666667 0.10673611111111114 0.12874999999999998
1 0.6080787037037038 0.6346875 0.08003472222222215 0.12229166666666665
1 0.37760416666666663 0.6765625 0.07152777777777777 0.09833333333333324
1 0.2222569444444445 0.6565104166666667 0.07584490740740737 0.08614583333333332
1 0.4127314814814815 0.49098958333333337 0.03888888888888893 0.04937500000000004
1 0.3247800925925926 0.5646875 0.053321759259259235 0.06281250000000008
1 0.29532986111111115 0.53234375 0.045231481481481414 0.05291666666666668
1 0.5471990740740741 0.47890625 0.04063657407407408 0.05572916666666661
1 0.5695891203703705 0.43375 0.03571759259259259 0.04760416666666671
1 0.37203125 0.41729166666666667 0.02445601851851853 0.0359375
1 0.40004629629629623 0.3928125 0.019444444444444466 0.02468750000000002
1 0.5289525462962963 0.38421875 0.022662037037036953 0.02802083333333334
1 0.5070023148148148 0.41453125 0.027673611111111107 0.039270833333333324
1 0.5816377314814816 0.3955208333333333 0.02436342592592595 0.0328125
1 0.4274131944444445 0.3902083333333334 0.021145833333333287 0.029479166666666678
1 0.5429050925925927 0.36067708333333337 0.019444444444444285 0.02468750000000002
1 0.41959490740740735 0.4172395833333334 0.02436342592592595 0.0328125
1 0.4933391203703703 0.37567708333333333 0.019537037037036954 0.027812500000000018
1 0.3822395833333333 0.3885416666666667 0.01939814814814813 0.023125000000000017
1 0.4376909722222223 0.3591145833333333 0.016226851851851975 0.021354166666666608