1 0.011006944444444448 0.8242708333333333 0.022013888888888895 0.17958333333333343
1 0.34297453703703706 0.7164236111111111 0.09278935185185189 0.11753472222222214
1 0.2528761574074074 0.6700520833333334 0.08873842592592585 0.10184027777777764
1 0.5920775462962963 0.6601736111111111 0.0697106481481482 0.096736111111111
1 0.7044097222222222 0.6210069444444445 0.060231481481481455 0.06843749999999993
1 0.4136631944444444 0.4846875 0.04184027777777786 0.04774305555555554
1 0.37170717592592595 0.4817187499999999 0.03687500000000003 0.04295138888888879
1 0.5830381944444445 0.5230555555555556 0.03880787037037035 0.049236111111111217
1 0.4882175925925926 0.4510416666666666 0.02694444444444457 0.033368055555555644
1 0.47807291666666674 0.4247395833333333 0.02207175925925924 0.030138888888888892
1 0.4531712962962963 0.515798611111111 0.043773148148148165 0.054027777777777786
1 0.44958333333333333 0.4183506944444445 0.021886574074074083 0.027013888888888893
1 0.5725462962962963 0.4499479166666666 0.02207175925925924 0.030138888888888892
1 0.5144733796296297 0.41612847222222216 0.020231481481481593 0.025416666666666643
1 0.6312731481481482 0.4595659722222222 0.021886574074074083 0.027013888888888893
1 0.6051736111111111 0.45234375 0.02207175925925924 0.030138888888888892
1 0.4656886574074074 0.4757291666666667 0.03521990740740755 0.04135416666666671
1 0.4877372685185185 0.39331597222222225 0.018483796296296262 0.022256944444444392