1 0.3125 0.87421875 0.10625 0.15390625
1 0.653125 0.771875 0.08515625 0.17890625
1 0.2546875 0.71484375 0.07578125 0.09609375
1 0.21796875 0.61796875 0.0578125 0.06953125
1 0.65625 0.59296875 0.0484375 0.06953125
1 0.4109375 0.56171875 0.040625 0.05703125
2 0.38671875 0.4078125 0.0421875 0.0875
1 0.55625 0.48828125 0.03046875 0.0515625
2 0.61875 0.42265625 0.04453125 0.090625
1 0.35625 0.5328125 0.0375 0.0515625
1 0.33125 0.49609375 0.03359375 0.04140625
1 0.6015625 0.48359375 0.02734375 0.0390625
1 0.42890625 0.42734375 0.01875 0.0265625
1 0.4671875 0.40546875 0.0171875 0.021875
1 0.5609375 0.415625 0.015625 0.021875
1 0.52890625 0.39296875 0.0140625 0.01953125
1 0.45625 0.446875 0.01953125 0.02890625
1 0.415625 0.44765625 0.0234375 0.03203125
2 0.425 0.37421875 0.01953125 0.0375
1 0.5625 0.38515625 0.0125 0.01796875
1 0.43671875 0.40546875 0.0171875 0.021875
1 0.4796875 0.38046875 0.01328125 0.01953125
1 0.525 0.37109375 0.01171875 0.01640625