1 0.2894675925925926 0.8781655092592592 0.17401620370370371 0.18609953703703716
2 0.30995370370370373 0.5191377314814816 0.16805555555555554 0.21063657407407418
1 0.20393518518518522 0.8039814814814814 0.1330439814814815 0.13700231481481495
1 0.4614293981481481 0.7526273148148148 0.09832175925925916 0.13027777777777771
2 0.7441550925925926 0.4274942129629629 0.15555555555555572 0.20989583333333323
1 0.4673900462962964 0.5153009259259259 0.04791666666666679 0.05884259259259252
1 0.4293981481481482 0.4367303240740741 0.0328125 0.04394675925925924
1 0.5791666666666666 0.40353009259259254 0.03628472222222214 0.04881944444444457
1 0.6078125 0.3877083333333333 0.029224537037037025 0.037511574074074086
1 0.45298032407407407 0.3843287037037037 0.022280092592592737 0.027766203703703685
1 0.48703703703703705 0.3462152777777778 0.017129629629629585 0.021238425925925952
1 0.5538773148148148 0.3587326388888889 0.02071759259259256 0.027673611111111107
1 0.418287037037037 0.4774074074074074 0.03605324074074083 0.04569444444444457
1 0.4297453703703704 0.3778587962962963 0.02037037037037024 0.022986111111111106
1 0.4820023148148148 0.40536458333333336 0.025868055555555537 0.03420138888888893
1 0.5333622685185185 0.3254224537037037 0.017129629629629585 0.021238425925925952
1 0.4903356481481481 0.3271875 0.013888888888888928 0.019490740740740708
1 0.5690972222222223 0.3311516203703704 0.018692129629629583 0.02133101851851853
1 0.45957754629629627 0.34627314814814814 0.018807870370370416 0.02289351851851853
1 0.5804108796296296 0.3249884259259259 0.017129629629629762 0.021238425925925952