2 0.15703125 0.62421875 0.2359375 0.309375
1 0.1265625 0.93828125 0.14765625 0.12109375
1 0.4328125 0.4765625 0.02578125 0.0390625
1 0.4203125 0.5390625 0.040625 0.0609375
1 0.3484375 0.55234375 0.0453125 0.05390625
1 0.39296875 0.48046875 0.0265625 0.0390625
2 0.5625 0.365625 0.01796875 0.04453125
1 0.4140625 0.41015625 0.01796875 0.0234375
1 0.4578125 0.42890625 0.01796875 0.025
2 0.46875 0.396875 0.01796875 0.02890625
2 0.3359375 0.47109375 0.0421875 0.06640625
2 0.4375 0.40859375 0.01796875 0.028125
2 0.28125 0.64921875 0.08203125 0.13203125
2 0.4828125 0.346875 0.01640625 0.03203125