1 0.15 0.865625 0.14453125 0.178125
1 0.34375 0.784375 0.08671875 0.134375
1 0.14375 0.72578125 0.10390625 0.115625
1 0.4125 0.58671875 0.04296875 0.06796875
1 0.31015625 0.61171875 0.0546875 0.06796875
2 0.7234375 0.65390625 0.10390625 0.20859375
1 0.5578125 0.509375 0.03046875 0.0484375
1 0.34765625 0.471875 0.028125 0.040625
1 0.3875 0.48671875 0.0296875 0.0375
1 0.6515625 0.48828125 0.03046875 0.04296875
1 0.6046875 0.43203125 0.0203125 0.03359375
1 0.4453125 0.45859375 0.02421875 0.0359375
1 0.3890625 0.428125 0.01875 0.0234375
1 0.540625 0.43515625 0.02109375 0.03203125
1 0.4484375 0.39765625 0.01484375 0.01796875
1 0.4578125 0.415625 0.0171875 0.0265625
2 0.553125 0.35546875 0.01640625 0.03046875
1 0.4171875 0.44765625 0.02109375 0.03203125
2 0.48203125 0.36328125 0.0140625 0.03203125
2 0.4421875 0.36796875 0.015625 0.03046875
1 0.525 0.37265625 0.01171875 0.015625