2 0.3765625 0.41171875 0.05078125 0.0984375
1 0.0140625 0.92109375 0.028125 0.0828125
1 0.38203125 0.678125 0.0609375 0.1
1 0.325 0.60546875 0.05234375 0.06953125
1 0.6328125 0.528125 0.04375 0.06953125
1 0.3203125 0.51640625 0.034375 0.04453125
1 0.4390625 0.48046875 0.025 0.03359375
1 0.4046875 0.46953125 0.025 0.03046875
1 0.5671875 0.51171875 0.03046875 0.04609375
1 0.60390625 0.43203125 0.021875 0.028125
1 0.43125 0.42421875 0.01796875 0.0265625
1 0.4421875 0.40390625 0.01328125 0.01953125
1 0.5671875 0.42421875 0.01796875 0.02890625
1 0.465625 0.409375 0.015625 0.0234375
1 0.52734375 0.38046875 0.0125 0.01953125
2 0.48125 0.36171875 0.01328125 0.0265625
1 0.584375 0.41171875 0.01640625 0.0234375
0 0.79140625 0.61171875 0.1578125 0.24296875
1 0.4734375 0.38515625 0.0125 0.01796875
1 0.5484375 0.37578125 0.01171875 0.01796875
1 0.52265625 0.35546875 0.009375 0.0140625