1 0.21875 0.79296875 0.10546875 0.13359375
1 0.353125 0.815625 0.08671875 0.13359375
2 0.4 0.43515625 0.05625 0.10703125
1 0.1328125 0.72265625 0.0875 0.09296875
1 0.27421875 0.55703125 0.0515625 0.06640625
1 0.5984375 0.60546875 0.04921875 0.08046875
1 0.4265625 0.546875 0.034375 0.0515625
1 0.3515625 0.47265625 0.02890625 0.0375
1 0.01171875 0.91796875 0.0234375 0.08359375
1 0.453125 0.46171875 0.02265625 0.03203125
1 0.4671875 0.40234375 0.015625 0.02109375
1 0.4375 0.4125 0.01484375 0.025
1 0.59375 0.41796875 0.01484375 0.021875
1 0.55625 0.39453125 0.01328125 0.01953125
1 0.5609375 0.41796875 0.01640625 0.028125
1 0.375 0.51171875 0.03125 0.04296875
1 0.55703125 0.37109375 0.0109375 0.01640625
2 0.7546875 0.72890625 0.10625 0.20546875
1 0.4796875 0.38046875 0.01171875 0.01953125
1 0.446875 0.378125 0.0109375 0.01640625