1 0.9155671296296296 0.8515219907407406 0.11637731481481488 0.122013888888889
1 0.2978587962962963 0.7029108796296296 0.10885416666666661 0.14645833333333336
1 0.6484953703703704 0.7112442129629629 0.07557870370370381 0.09626157407407412
1 0.22931134259259262 0.6490682870370371 0.09247685185185181 0.11437500000000007
1 0.7190104166666667 0.6656423611111111 0.06805555555555554 0.0787037037037038
1 0.4722511574074074 0.5265682870370371 0.04369212962962976 0.06481481481481488
2 0.671701388888889 0.4784953703703703 0.07505787037037023 0.11023148148148146
1 0.7455439814814815 0.6143229166666666 0.0543981481481481 0.06233796296296283
1 0.5910011574074074 0.5126041666666666 0.0328125 0.04394675925925924
1 0.446875 0.4885069444444444 0.03269675925925917 0.04238425925925924
1 0.46875 0.44780092592592596 0.025868055555555537 0.03420138888888893
1 0.5041377314814814 0.4530092592592593 0.025868055555555537 0.03420138888888893
1 0.6412326388888889 0.5186921296296296 0.039293981481481485 0.04744212962962955
1 0.6131944444444445 0.4656944444444445 0.024074074074074046 0.030983796296296263
1 0.580931712962963 0.4606712962962963 0.024074074074074046 0.030983796296296263
1 0.5709780092592592 0.4313020833333333 0.017129629629629585 0.021238425925925952
1 0.4958333333333334 0.4144039351851852 0.017129629629629762 0.021238425925925952
2 0.45274884259259257 0.4102951388888889 0.04918981481481488 0.07603009259259252
1 0.5220775462962963 0.40118055555555554 0.017129629629629585 0.021238425925925952
2 0.632638888888889 0.43417824074074074 0.031597222222222145 0.04854166666666657
1 0.4927372685185185 0.3831076388888889 0.014004629629629584 0.021053240740740796
1 0.5655092592592592 0.4099768518518518 0.017129629629629585 0.021238425925925952