2 0.27578125 0.5125 0.11875 0.175
1 0.1984375 0.83671875 0.10390625 0.1375
1 0.35625 0.821875 0.0875 0.1390625
1 0.68828125 0.86640625 0.09375 0.19140625
1 0.309375 0.63359375 0.05390625 0.071875
1 0.4140625 0.58671875 0.03984375 0.0625
1 0.6171875 0.51015625 0.03359375 0.05703125
1 0.36875 0.51796875 0.0328125 0.05
1 0.6515625 0.48671875 0.028125 0.0375
1 0.4421875 0.47421875 0.02421875 0.03203125
1 0.55625 0.39765625 0.0125 0.02109375
1 0.4046875 0.41484375 0.01796875 0.0234375
1 0.4203125 0.43671875 0.01875 0.0265625
1 0.43984375 0.403125 0.015625 0.0234375
1 0.4734375 0.39453125 0.01328125 0.01953125
1 0.45546875 0.44296875 0.0203125 0.03046875
2 0.4546875 0.36953125 0.01640625 0.03046875
1 0.53671875 0.37265625 0.0109375 0.015625
2 0.5453125 0.33984375 0.0109375 0.0234375