1 0.3796875 0.68671875 0.065625 0.115625
1 0.2359375 0.60859375 0.05546875 0.0640625
1 0.3359375 0.578125 0.0484375 0.071875
1 0.4234375 0.52578125 0.03203125 0.04296875
1 0.325 0.50546875 0.0328125 0.04140625
1 0.4453125 0.44296875 0.0203125 0.03046875
2 0.40390625 0.41640625 0.0265625 0.04453125
2 0.6859375 0.48203125 0.08515625 0.15546875
1 0.41171875 0.45390625 0.0203125 0.028125
1 0.46171875 0.42109375 0.0171875 0.025
1 0.44296875 0.39921875 0.0125 0.02109375
1 0.571875 0.38671875 0.01328125 0.01796875
1 0.4703125 0.39921875 0.0140625 0.02109375
1 0.484375 0.37109375 0.0109375 0.01640625