1 0.06015625 0.83046875 0.11875 0.13046875
1 0.3203125 0.865625 0.09140625 0.14453125
2 0.359375 0.43671875 0.04765625 0.084375
1 0.2703125 0.56484375 0.05625 0.07109375
1 0.3875 0.61796875 0.0578125 0.0859375
2 0.62265625 0.41953125 0.04375 0.096875
1 0.3171875 0.51171875 0.0375 0.04609375
1 0.4390625 0.49296875 0.02734375 0.0390625
1 0.3421875 0.55546875 0.04296875 0.05859375
1 0.4046875 0.46328125 0.025 0.034375
1 0.56875 0.43203125 0.01953125 0.03046875
1 0.3890625 0.4328125 0.01875 0.0265625
1 0.4015625 0.41328125 0.01796875 0.0265625
1 0.471875 0.39453125 0.01484375 0.021875
1 0.4203125 0.43671875 0.021875 0.02890625
1 0.4546875 0.4453125 0.02265625 0.034375
1 0.565625 0.38359375 0.01171875 0.01640625
2 0.4609375 0.3515625 0.0171875 0.0359375
1 0.484375 0.36328125 0.01171875 0.015625
1 0.4375 0.4 0.01796875 0.025