2 0.2 0.58515625 0.2 0.25703125
1 0.39375 0.62734375 0.04921875 0.07109375
1 0.59375 0.59140625 0.0484375 0.08046875
1 0.35625 0.53984375 0.03671875 0.0484375
2 0.6359375 0.44296875 0.06015625 0.10546875
1 0.38125 0.496875 0.03203125 0.04296875
1 0.4265625 0.43515625 0.01796875 0.0265625
1 0.45703125 0.43671875 0.01875 0.0265625
1 0.45078125 0.46640625 0.0234375 0.03046875
1 0.40078125 0.41796875 0.0171875 0.021875
1 0.5328125 0.4125 0.01484375 0.025
1 0.4703125 0.39453125 0.01328125 0.01953125
1 0.559375 0.41015625 0.01484375 0.02109375
1 0.61328125 0.47578125 0.01875 0.034375
1 0.44453125 0.39765625 0.0140625 0.02109375
1 0.528125 0.38828125 0.01328125 0.01796875
1 0.55703125 0.37578125 0.0109375 0.015625
1 0.48125 0.37890625 0.01171875 0.01953125
1 0.9921875 0.95078125 0.015625 0.06796875