1 0.9300694444444444 0.778125 0.09828703703703709 0.153125
1 0.7139583333333334 0.9 0.13739583333333324 0.1546875
1 0.7032581018518519 0.6546875 0.08752314814814817 0.10625
2 0.6678935185185185 0.45078125 0.14172453703703702 0.1953125
2 0.26535300925925925 0.51015625 0.1303703703703704 0.18125
1 0.5510763888888889 0.43828125 0.03387731481481495 0.0359375
1 0.5129050925925925 0.4609375 0.03410879629629626 0.04375
1 0.5840856481481481 0.484375 0.04371527777777793 0.0515625
1 0.3897511574074074 0.425 0.022754629629629618 0.0296875
2 0.4727372685185186 0.36640625 0.02445601851851862 0.034375
1 0.4129398148148148 0.40703125 0.022615740740740797 0.025
1 0.4881018518518518 0.4015625 0.022708333333333285 0.028125
1 0.3899652777777778 0.39140625 0.019444444444444466 0.0234375
1 0.4154050925925926 0.3765625 0.017881944444444464 0.0234375
1 0.5127372685185185 0.3875 0.022754629629629618 0.0296875
0 0.5220949074074074 0.36171875 0.027766203703703772 0.040625
0 0.34890046296296295 0.40625 0.04096064814814815 0.0640625
1 0.3724363425925926 0.3765625 0.01457175925925922 0.0171875