1 0.6421875 0.74296875 0.07578125 0.128125
1 0.35 0.77421875 0.08125 0.13203125
1 0.8125 0.69765625 0.08359375 0.10703125
1 0.296875 0.66015625 0.06484375 0.07890625
2 0.30625 0.5078125 0.05625 0.0984375
1 0.6421875 0.471875 0.02890625 0.04296875
1 0.665625 0.51171875 0.03125 0.04609375
1 0.3953125 0.42734375 0.01953125 0.0265625
1 0.42265625 0.4265625 0.01875 0.028125
1 0.45 0.465625 0.01875 0.0359375
1 0.4640625 0.41171875 0.015625 0.0234375
1 0.415625 0.4015625 0.0140625 0.021875
1 0.54765625 0.384375 0.0125 0.01796875
1 0.43125 0.384375 0.0125 0.01796875