2 0.19375 0.59296875 0.20703125 0.278125
1 0.8 0.6765625 0.07578125 0.096875
1 0.609375 0.66640625 0.05390625 0.09453125
1 0.62578125 0.54296875 0.0390625 0.053125
1 0.6578125 0.49296875 0.0390625 0.05859375
1 0.3703125 0.446875 0.02265625 0.03203125
1 0.40078125 0.46640625 0.025 0.03046875
1 0.45 0.46796875 0.02421875 0.0359375
1 0.60390625 0.43828125 0.0203125 0.03203125
1 0.41875 0.43203125 0.01953125 0.03046875
1 0.46171875 0.41953125 0.0171875 0.025
1 0.29375 0.64140625 0.06328125 0.09140625
1 0.5515625 0.39453125 0.01328125 0.01953125
1 0.4203125 0.39140625 0.01328125 0.01953125
2 0.45390625 0.36953125 0.0203125 0.0390625
1 0.42265625 0.51796875 0.0328125 0.075
1 0.525 0.371875 0.01328125 0.01796875
1 0.4703125 0.40078125 0.01640625 0.02109375