1 0.815625 0.88671875 0.109375 0.18203125
1 0.296875 0.646875 0.05703125 0.0765625
1 0.40078125 0.62109375 0.0453125 0.071875
1 0.56015625 0.48671875 0.028125 0.04296875
1 0.36953125 0.528125 0.0390625 0.05859375
1 0.4515625 0.43984375 0.01953125 0.0265625
1 0.33671875 0.49140625 0.0296875 0.04140625
2 0.053125 0.91015625 0.10546875 0.17890625
2 0.6140625 0.46328125 0.03828125 0.06796875
1 0.384375 0.4328125 0.01796875 0.0265625
1 0.4734375 0.39296875 0.0140625 0.01953125
1 0.54453125 0.38046875 0.0140625 0.01953125
1 0.4390625 0.40546875 0.015625 0.01953125
1 0.4125 0.40234375 0.01796875 0.0265625
2 0.2578125 0.92421875 0.1796875 0.1484375
0 0.4265625 0.38515625 0.02109375 0.04296875
1 0.5234375 0.36015625 0.01015625 0.01796875