1 0.2828125 0.67578125 0.0671875 0.1015625
1 0.6875 0.53515625 0.0375 0.0515625
1 0.2875 0.55703125 0.05 0.05546875
1 0.34375 0.57890625 0.04921875 0.0640625
1 0.34375 0.47578125 0.02578125 0.0375
1 0.4390625 0.46796875 0.025 0.03046875
1 0.55625 0.47265625 0.02421875 0.0375
1 0.6109375 0.43515625 0.02109375 0.03203125
1 0.4359375 0.41484375 0.01796875 0.0234375
1 0.38125 0.4953125 0.02578125 0.0375
1 0.4609375 0.428125 0.01796875 0.025
2 0.4296875 0.365625 0.02890625 0.05546875
2 0.4015625 0.584375 0.05625 0.0890625
1 0.4703125 0.39921875 0.0140625 0.02109375
2 0.36875 0.390625 0.02890625 0.04453125
1 0.5578125 0.36796875 0.01015625 0.01640625
2 0.3703125 0.43671875 0.02890625 0.04296875