1 0.28359375 0.92734375 0.1296875 0.1453125
0 0.6296875 0.440625 0.05546875 0.0859375
1 0.30390625 0.6328125 0.0640625 0.0875
1 0.58203125 0.57265625 0.0421875 0.06796875
1 0.428125 0.53203125 0.03515625 0.05546875
1 0.3765625 0.49765625 0.0328125 0.04609375
1 0.4203125 0.43828125 0.02109375 0.02890625
1 0.553125 0.46953125 0.025 0.04453125
1 0.35625 0.46796875 0.025 0.0359375
2 0.98203125 0.88984375 0.0359375 0.1765625
1 0.621875 0.515625 0.03046875 0.0484375
1 0.45625 0.42421875 0.01796875 0.02890625
1 0.4078125 0.40546875 0.01640625 0.021875
1 0.4734375 0.390625 0.01328125 0.01953125
0 0.58046875 0.39609375 0.0265625 0.053125
1 0.44375 0.39765625 0.0140625 0.01796875
1 0.5375 0.42890625 0.0203125 0.03046875
1 0.59921875 0.4328125 0.0171875 0.0234375
1 0.525 0.384375 0.0125 0.02109375
2 0.7421875 0.57734375 0.06640625 0.1265625
1 0.4453125 0.37578125 0.01171875 0.01796875