1 0.8171875 0.8953125 0.146875 0.209375
1 0.871875 0.746875 0.09140625 0.12109375
1 0.375 0.678125 0.05703125 0.0875
1 0.16171875 0.68515625 0.075 0.090625
2 0.24375 0.659375 0.20625 0.35703125
2 0.28828125 0.49140625 0.0796875 0.11953125
1 0.4296875 0.53203125 0.03359375 0.046875
1 0.3640625 0.46015625 0.02578125 0.034375
1 0.403125 0.46796875 0.025 0.03359375
1 0.3703125 0.51796875 0.03671875 0.046875
1 0.446875 0.46484375 0.025 0.034375
1 0.63125 0.465625 0.02578125 0.0359375
1 0.39609375 0.4203125 0.0171875 0.0234375
1 0.4609375 0.41796875 0.0171875 0.021875
1 0.6359375 0.54140625 0.04765625 0.08046875
1 0.475 0.384375 0.0125 0.01796875
1 0.52734375 0.39140625 0.0125 0.01953125
1 0.559375 0.41015625 0.01328125 0.02109375
1 0.4453125 0.40546875 0.0171875 0.021875
2 0.55078125 0.35546875 0.0140625 0.03359375