1 0.24378472222222225 0.6498958333333333 0.09626157407407412 0.13306712962962966
1 0.7018344907407407 0.8110937500000001 0.10878472222222228 0.1368402777777778
1 0.7422453703703704 0.6788657407407408 0.06776620370370381 0.0816087962962964
1 0.3400578703703704 0.4682407407407407 0.04413194444444439 0.05383101851851855
1 0.6732233796296296 0.5331539351851852 0.036250000000000074 0.044050925925925986
1 0.5813020833333333 0.5643113425925926 0.04259259259259274 0.05687499999999997
1 0.4375 0.44439814814814815 0.029976851851851904 0.04060185185185183
1 0.6016840277777777 0.4693113425925926 0.026817129629629656 0.03575231481481485
1 0.5655787037037037 0.4447916666666666 0.025231481481481487 0.03254629629629626
1 0.5583506944444444 0.4178645833333333 0.01736111111111107 0.024328703703703703
1 0.5027777777777778 0.40092592592592596 0.01736111111111107 0.024328703703703703
2 0.6249016203703703 0.4408391203703704 0.030011574074073975 0.04528935185185183
1 0.6360648148148148 0.471875 0.028391203703703738 0.03739583333333343
1 0.4487615740740741 0.38328703703703704 0.020497685185185154 0.02605324074074069
1 0.5534722222222223 0.3918402777777778 0.015775462962962904 0.02112268518518521
1 0.5881944444444445 0.4404976851851852 0.02052083333333332 0.029178240740740692