2 0.3171875 0.56328125 0.11015625 0.190625
1 0.61953125 0.53515625 0.0390625 0.05703125
1 0.7328125 0.58671875 0.05234375 0.06796875
1 0.3828125 0.67421875 0.06015625 0.0984375
1 0.3890625 0.48671875 0.02890625 0.040625
2 0.6109375 0.41796875 0.040625 0.075
1 0.3875 0.43515625 0.0203125 0.02890625
1 0.1578125 0.865625 0.15234375 0.21953125
2 0.434375 0.49921875 0.03671875 0.07109375
1 0.4140625 0.44921875 0.02109375 0.03203125
2 0.353125 0.45390625 0.0359375 0.05546875
1 0.5625 0.42421875 0.01953125 0.034375
1 0.44296875 0.40234375 0.0140625 0.0234375
1 0.4078125 0.4125 0.01953125 0.025
1 0.47578125 0.38046875 0.0125 0.01953125
1 0.45625 0.43515625 0.01875 0.02890625
1 0.44453125 0.37421875 0.0109375 0.01796875
1 0.5296875 0.39140625 0.0125 0.01953125