1 0.1078125 0.93671875 0.15390625 0.1234375
1 0.8515625 0.91328125 0.14140625 0.17109375
1 0.25 0.71953125 0.08671875 0.10546875
1 0.4 0.64296875 0.05 0.071875
1 0.42578125 0.53984375 0.0359375 0.0484375
1 0.546875 0.46171875 0.025 0.040625
1 0.3390625 0.4890625 0.03046875 0.0390625
1 0.4453125 0.4015625 0.01484375 0.021875
1 0.375 0.51796875 0.0296875 0.04453125
1 0.4578125 0.43828125 0.01953125 0.03203125
2 0.57265625 0.378125 0.0234375 0.05546875
1 0.5265625 0.38515625 0.0125 0.01796875
1 0.46796875 0.40390625 0.0171875 0.021875
1 0.4109375 0.44296875 0.02109375 0.03046875
1 0.3984375 0.42109375 0.01796875 0.025
1 0.5734375 0.41171875 0.01640625 0.0234375
1 0.421875 0.39296875 0.0140625 0.021875
1 0.44140625 0.37421875 0.0125 0.01796875
1 0.47890625 0.38046875 0.0125 0.01953125