1 0.9852604166666665 0.9296180555555555 0.029479166666666855 0.140763888888889
1 0.7724479166666667 0.7142766203703703 0.07291666666666678 0.08942129629629622
1 0.659375 0.7348842592592593 0.07052083333333332 0.10019675925925924
1 0.7514062499999999 0.597181712962963 0.04885416666666664 0.055474537037036954
1 0.3533854166666667 0.5594155092592592 0.04770833333333328 0.06164351851851855
1 0.45546875 0.5841724537037037 0.046354166666666606 0.06468749999999997
1 0.42265625 0.4656886574074074 0.027187499999999965 0.03410879629629626
1 0.6551562499999999 0.48475115740740743 0.023958333333333214 0.03238425925925927
1 0.46484375 0.45619791666666665 0.019062500000000072 0.029016203703703704
1 0.6370833333333333 0.45890046296296294 0.02375000000000007 0.029259259259259273
2 0.5620833333333334 0.41997685185185185 0.020937500000000143 0.033784722222222285
1 0.6085416666666668 0.4628703703703703 0.020416666666666573 0.025972222222222285
1 0.49786458333333333 0.4493460648148148 0.020416666666666573 0.025972222222222285
1 0.6030208333333333 0.5435532407407407 0.03416666666666668 0.045370370370370415
1 0.5919791666666667 0.4830324074074074 0.023958333333333214 0.03238425925925927
1 0.45302083333333326 0.4306712962962963 0.018645833333333427 0.0227662037037037
1 0.5916145833333333 0.4191724537037037 0.013749999999999929 0.01939814814814813
1 0.4917708333333334 0.47472222222222216 0.022395833333333216 0.03230324074074069
1 0.8097916666666667 0.9371238425925925 0.21062499999999992 0.1257523148148149
1 0.5108333333333334 0.3986342592592592 0.010520833333333358 0.017673611111111143
1 0.4757291666666667 0.3975925925925926 0.013749999999999929 0.01939814814814813
1 0.5909895833333334 0.4097974537037038 0.01218749999999993 0.01931712962962955