1 0.35625 0.828125 0.0890625 0.1390625
1 0.12265625 0.92734375 0.1359375 0.1453125
2 0.8640625 0.69296875 0.26953125 0.40859375
1 0.178125 0.67421875 0.07734375 0.0875
1 0.4140625 0.55390625 0.03984375 0.06640625
1 0.29765625 0.640625 0.0625 0.0859375
1 0.6578125 0.76171875 0.08828125 0.165625
1 0.6734375 0.51328125 0.034375 0.04609375
1 0.5625 0.52109375 0.03203125 0.05
2 0.4140625 0.42578125 0.04140625 0.07890625
1 0.3640625 0.45390625 0.02421875 0.03359375
1 0.4390625 0.4890625 0.02734375 0.0390625
2 0.43125 0.36953125 0.02421875 0.046875
1 0.5375 0.42578125 0.01796875 0.0265625
1 0.6203125 0.4578125 0.02265625 0.034375
1 0.56171875 0.409375 0.0140625 0.0234375
1 0.47421875 0.39296875 0.0140625 0.01953125
1 0.5296875 0.396875 0.0140625 0.02109375
1 0.4609375 0.43203125 0.021875 0.03046875
1 0.5765625 0.39765625 0.0125 0.01796875