1 0.66328125 0.83515625 0.0921875 0.17890625
1 0.3328125 0.81796875 0.08359375 0.128125
1 0.325 0.60078125 0.0515625 0.06796875
1 0.22890625 0.61953125 0.0640625 0.06953125
0 0.88515625 0.7203125 0.2296875 0.365625
1 0.41015625 0.56796875 0.04375 0.05859375
1 0.70234375 0.55390625 0.04375 0.05546875
1 0.58125 0.56796875 0.04453125 0.06953125
1 0.3890625 0.484375 0.03046875 0.04296875
1 0.5578125 0.48671875 0.02578125 0.04296875
1 0.540625 0.43203125 0.01953125 0.03046875
1 0.39375 0.42421875 0.0171875 0.0234375
1 0.4703125 0.39453125 0.01328125 0.01953125
1 0.5703125 0.42265625 0.01796875 0.0265625
1 0.4421875 0.40390625 0.0140625 0.021875
1 0.4515625 0.453125 0.02265625 0.0359375
1 0.58359375 0.41171875 0.015625 0.02109375
1 0.41796875 0.4390625 0.0203125 0.028125
2 0.6265625 0.47109375 0.05703125 0.1109375
1 0.5375 0.37421875 0.01171875 0.015625
1 0.44375 0.378125 0.0125 0.01640625