1 0.3046875 0.93671875 0.1046875 0.1234375
1 0.0390625 0.88671875 0.078125 0.15703125
1 0.40625 0.61171875 0.05078125 0.090625
2 0.2015625 0.58828125 0.13828125 0.20703125
1 0.30078125 0.63984375 0.0578125 0.0734375
2 0.446875 0.37265625 0.0234375 0.05703125
2 0.55859375 0.36171875 0.0171875 0.0375
1 0.31015625 0.52265625 0.0390625 0.04296875
1 0.36015625 0.53359375 0.0421875 0.0609375
1 0.34375 0.478125 0.03046875 0.0375
1 0.61875 0.44921875 0.025 0.03203125
1 0.43828125 0.503125 0.0296875 0.0484375
1 0.5609375 0.41796875 0.01484375 0.021875
1 0.4625 0.42265625 0.01796875 0.0234375
1 0.4296875 0.42109375 0.0171875 0.021875
1 0.5390625 0.4265625 0.01640625 0.028125
1 0.45 0.45703125 0.0234375 0.03046875
2 0.90234375 0.88359375 0.1921875 0.2328125
1 0.4734375 0.39296875 0.01328125 0.01953125
2 0.4 0.46015625 0.03359375 0.05703125