1 0.09029513888888889 0.9256192129629628 0.11878472222222221 0.1456134259259258
1 0.3910763888888889 0.670775462962963 0.07725694444444446 0.10378472222222221
1 0.17817708333333332 0.6950405092592593 0.09906249999999997 0.10130787037037052
2 0.3719618055555555 0.40667245370370375 0.07465277777777786 0.12712962962962954
1 0.8622048611111112 0.6201215277777778 0.10913194444444443 0.13283564814814816
1 0.29097222222222224 0.6432928240740741 0.07534722222222223 0.08811342592592589
1 0.33022569444444444 0.4578761574074074 0.03368055555555553 0.040034722222222284
1 0.4144965277777778 0.5303298611111111 0.04815972222222218 0.05920138888888893
1 0.29357638888888893 0.5261053240740741 0.051180555555555604 0.054606481481481416
1 0.6377777777777778 0.4253414351851852 0.04170138888888886 0.04964120370370377
1 0.4192013888888889 0.45914351851851853 0.03368055555555553 0.040034722222222284
1 0.575954861111111 0.43185763888888895 0.03701388888888886 0.04950231481481495
1 0.4301388888888889 0.38855324074074077 0.022499999999999964 0.02877314814814813
1 0.41253472222222226 0.37267939814814816 0.020937500000000143 0.0287268518518518
1 0.4402430555555556 0.355462962962963 0.016111111111111142 0.022337962962962976
1 0.5673784722222223 0.36106481481481484 0.01930555555555564 0.025555555555555554
1 0.45111111111111113 0.32313078703703707 0.016076388888888894 0.020775462962962975