1 0.2774652777777778 0.7707986111111111 0.10746527777777777 0.17035879629629633
1 0.7406018518518518 0.6732986111111111 0.08046296296296304 0.10940972222222226
1 0.5613541666666666 0.6166030092592593 0.06472222222222221 0.0928587962962963
1 0.35263888888888884 0.5878356481481481 0.0568518518518518 0.08458333333333332
2 0.3227777777777778 0.4572164351851852 0.09964120370370369 0.16833333333333336
1 0.6568981481481482 0.9484259259259259 0.1416435185185186 0.10314814814814817
2 0.6194444444444445 0.4466840277777778 0.07118055555555554 0.12135416666666661
2 0.38295138888888886 0.3577025462962963 0.041157407407407386 0.07428240740740737
1 0.8869155092592592 0.9994386574074074 0.1628587962962964 0.0011226851851851905
1 0.5248958333333333 0.43873842592592593 0.030000000000000072 0.04394675925925924
1 0.4009490740740741 0.46809606481481475 0.03631944444444457 0.05369212962962955
1 0.43630208333333337 0.39131944444444444 0.02052083333333332 0.029328703703703683
1 0.41632523148148143 0.4354282407407407 0.025289351851851903 0.0405439814814816
1 0.24254050925925927 0.48369791666666667 0.05363425925925931 0.07189814814814817
1 0.5778587962962962 0.420011574074074 0.02524305555555557 0.03429398148148159
1 0.5612673611111111 0.3940393518518518 0.018935185185185156 0.026111111111111106
1 0.4462962962962963 0.3700462962962963 0.01736111111111107 0.02445601851851853
1 0.5074305555555555 0.4002199074074074 0.02054398148148149 0.032453703703703776
2 0.407199074074074 0.3630439814814815 0.03642361111111114 0.06775462962962964