1 0.7436111111111111 0.9077719907407407 0.13288194444444432 0.1475925925925928
1 0.1382986111111111 0.7420833333333333 0.13489583333333335 0.16795138888888897
1 0.08440972222222223 0.6693460648148148 0.1203125 0.14409722222222215
1 0.5746006944444444 0.7034143518518519 0.07395833333333321 0.09587962962962955
1 0.3869097222222222 0.5657349537037037 0.0547569444444445 0.07501157407407408
1 0.6508854166666667 0.6830034722222222 0.07371527777777782 0.08494212962962955
1 0.5568229166666667 0.5183912037037037 0.036944444444444356 0.046377314814814774
2 0.5473784722222221 0.41570023148148144 0.025763888888888788 0.035115740740740795
1 0.44598958333333333 0.47523726851851855 0.03864583333333336 0.05267361111111111
1 0.47750000000000004 0.42926504629629625 0.025729166666666713 0.03355324074074062
1 0.4375868055555555 0.4312094907407408 0.027291666666666714 0.033599537037036956
2 0.6935243055555556 0.5935821759259259 0.08038194444444446 0.10387731481481488
1 0.4216666666666667 0.40884837962962967 0.020937499999999963 0.0287268518518518
1 0.5527430555555556 0.45572916666666663 0.025694444444444287 0.03199074074074062
2 0.5907118055555556 0.4357465277777778 0.0546875 0.07188657407407409
2 0.5930555555555556 0.47099537037037037 0.03545138888888886 0.04945601851851862
1 0.4455729166666667 0.3884490740740741 0.016076388888888894 0.020775462962962975
2 0.4846006944444444 0.3559895833333333 0.024340277777777787 0.041319444444444464