1 0.7828125 0.81796875 0.09765625 0.1609375
1 0.9859375 0.91796875 0.028125 0.10859375
1 0.3875 0.48203125 0.03046875 0.04140625
1 0.3625 0.46796875 0.02578125 0.0359375
1 0.6671875 0.51171875 0.03203125 0.04609375
1 0.41640625 0.553125 0.04375 0.09140625
1 0.4140625 0.403125 0.01484375 0.021875
1 0.44140625 0.403125 0.015625 0.0234375
2 0.128125 0.68203125 0.14609375 0.20546875
1 0.5390625 0.43203125 0.01796875 0.028125
1 0.6078125 0.43671875 0.0203125 0.02890625
1 0.39296875 0.42421875 0.0171875 0.02109375
1 0.4546875 0.453125 0.02109375 0.03359375
1 0.459375 0.41953125 0.01953125 0.025
2 0.5859375 0.54140625 0.053125 0.121875
1 0.4734375 0.38046875 0.01328125 0.01953125
2 0.37578125 0.66796875 0.0765625 0.1640625
1 0.58203125 0.403125 0.0171875 0.025
2 0.44375 0.36953125 0.01328125 0.025