1 0.68125 0.87421875 0.09921875 0.190625
1 0.23828125 0.75546875 0.0890625 0.10859375
1 0.415625 0.58515625 0.04140625 0.0625
1 0.7125 0.56640625 0.04921875 0.0609375
1 0.22578125 0.621875 0.0671875 0.075
1 0.3546875 0.54921875 0.04140625 0.0625
1 0.3171875 0.51484375 0.03671875 0.04609375
1 0.2703125 0.9828125 0.1140625 0.034375
1 0.3765625 0.49765625 0.02890625 0.040625
1 0.4390625 0.49140625 0.03046875 0.046875
1 0.46953125 0.403125 0.0140625 0.021875
1 0.53125 0.41015625 0.01484375 0.0234375
1 0.525 0.38671875 0.0125 0.02109375
1 0.45625 0.434375 0.01953125 0.0265625
2 0.56875 0.41171875 0.0234375 0.04609375
2 0.4515625 0.38671875 0.01796875 0.03203125
1 0.3921875 0.42578125 0.01796875 0.02890625