1 0.2953125 0.93828125 0.11640625 0.12109375
1 0.2546875 0.57734375 0.059375 0.07890625
1 0.40625 0.60390625 0.04453125 0.075
1 0.6015625 0.63671875 0.0515625 0.090625
1 0.31953125 0.609375 0.05 0.06796875
1 0.6328125 0.54296875 0.0390625 0.05546875
1 0.3828125 0.49921875 0.03203125 0.04609375
1 0.3546875 0.471875 0.02734375 0.034375
1 0.45234375 0.440625 0.01875 0.025
1 0.46640625 0.4140625 0.0171875 0.021875
1 0.61875 0.45390625 0.025 0.03046875
1 0.67734375 0.515625 0.0421875 0.06640625
1 0.475 0.390625 0.01328125 0.01953125
1 0.575 0.43671875 0.01953125 0.040625
1 0.4359375 0.41015625 0.015625 0.02109375
1 0.54375 0.38046875 0.01171875 0.01640625
1 0.425 0.39296875 0.01328125 0.021875
1 0.53203125 0.35390625 0.0078125 0.0140625