1 0.06953125 0.82578125 0.1359375 0.140625
1 0.63359375 0.53984375 0.0375 0.065625
1 0.425 0.57421875 0.03828125 0.05390625
1 0.3453125 0.553125 0.04140625 0.053125
1 0.55546875 0.46015625 0.0265625 0.0484375
1 0.61953125 0.45078125 0.025 0.034375
1 0.3640625 0.46171875 0.025 0.03203125
1 0.28125 0.553125 0.05625 0.0765625
1 0.38984375 0.49453125 0.03125 0.04453125
1 0.4 0.46640625 0.02578125 0.03359375
1 0.4515625 0.446875 0.02578125 0.040625
1 0.56875 0.38671875 0.01171875 0.01796875
1 0.4359375 0.428125 0.01875 0.0265625
1 0.4359375 0.40703125 0.01484375 0.025
1 0.4828125 0.36953125 0.01171875 0.01640625
1 0.4234375 0.39296875 0.01328125 0.01953125