1 0.9173263888888888 0.8619212962962962 0.12407407407407404 0.15204861111111115
2 0.30125578703703704 0.5044560185185185 0.09268518518518523 0.14174768518518518
1 0.1893923611111111 0.6691840277777777 0.06841435185185185 0.08480324074074072
1 0.6228645833333333 0.7429918981481481 0.06575231481481474 0.11596064814814824
1 0.27487268518518515 0.9627430555555556 0.12459490740740745 0.07451388888888885
1 0.2846354166666667 0.6766956018518518 0.06524305555555561 0.08158564814814824
1 0.5634664351851851 0.5317650462962963 0.030381944444444465 0.04775462962962962
1 0.35910879629629633 0.5561921296296296 0.04138888888888888 0.05276620370370359
1 0.5989583333333333 0.510150462962963 0.02877314814814813 0.04458333333333329
1 0.43114583333333323 0.5473842592592593 0.033599537037036956 0.05409722222222228
1 0.46229166666666666 0.44982638888888893 0.022314814814814808 0.03033564814814831
1 0.45477430555555554 0.48243055555555553 0.02238425925925931 0.03502314814814813
1 0.41184027777777776 0.47881365740740744 0.023900462962962978 0.03194444444444446
1 0.5493750000000001 0.4805439814814815 0.022361111111111144 0.03346064814814813
1 0.6227893518518519 0.48428240740740736 0.01923611111111114 0.033368055555555644
2 0.4072511574074074 0.41927662037037033 0.04325231481481477 0.07312499999999993
1 0.47927662037037033 0.41125000000000006 0.01280092592592581 0.02068287037037031
1 0.5596643518518519 0.41910300925925925 0.014340277777777643 0.019166666666666644
1 0.5951273148148148 0.45219907407407406 0.019166666666666644 0.028680555555555643
2 0.43512152777777774 0.43729745370370365 0.025648148148148132 0.04449074074074062
1 0.5837905092592592 0.4260706018518519 0.01436342592592581 0.020729166666666642