2 0.1625 0.74140625 0.32421875 0.51640625
1 0.3375 0.89453125 0.10234375 0.16953125
1 0.6140625 0.64296875 0.05390625 0.09453125
1 0.41875 0.56484375 0.0375 0.059375
1 0.4390625 0.48046875 0.02734375 0.04140625
1 0.38671875 0.484375 0.0296875 0.0390625
1 0.559375 0.46953125 0.02578125 0.046875
1 0.4703125 0.396875 0.0140625 0.02109375
1 0.45703125 0.42890625 0.01875 0.025
1 0.42265625 0.425 0.01875 0.025
1 0.446875 0.39921875 0.01484375 0.02109375
1 0.3765625 0.44453125 0.02265625 0.03046875
1 0.5421875 0.44140625 0.01953125 0.03359375
2 0.4375 0.36171875 0.02421875 0.04609375
1 0.5875 0.41015625 0.01796875 0.02890625
1 0.41875 0.39921875 0.0140625 0.02109375
1 0.5828125 0.44765625 0.02109375 0.03203125