1 0.8265277777777778 0.870954861111111 0.1416782407407407 0.1806828703703701
1 0.8575520833333332 0.7288425925925927 0.11418981481481509 0.1173958333333335
1 0.35846064814814815 0.7054571759259259 0.0720254629629629 0.11770833333333339
1 0.6915914351851852 0.6410763888888888 0.06841435185185177 0.08480324074074072
1 0.32693865740740746 0.5646180555555556 0.05248842592592595 0.06402777777777775
1 0.5352083333333333 0.4871585648148148 0.03185185185185198 0.04155092592592595
1 0.5548148148148148 0.5354166666666667 0.038263888888888785 0.05267361111111111
1 0.31211226851851853 0.5102488425925926 0.03499999999999996 0.043206018518518616
1 0.5876388888888889 0.6411226851851852 0.07193287037037041 0.11145833333333321
1 0.5117534722222222 0.4348784722222222 0.020729166666666642 0.028726851851851976
1 0.3584664351851852 0.4412789351851852 0.022314814814814808 0.030335648148148132
1 0.42394097222222216 0.45337962962962963 0.025532407407407476 0.03667824074074062
1 0.5684722222222222 0.457662037037037 0.023923611111111142 0.033506944444444464
1 0.632175925925926 0.48377893518518517 0.031874999999999966 0.04311342592592595
1 0.4981886574074075 0.40086805555555555 0.017534722222222143 0.02394675925925931
0 0.5639756944444445 0.39187500000000003 0.03686342592592595 0.06356481481481477
1 0.5401446759259259 0.4177430555555556 0.020798611111111143 0.0334143518518518
1 0.44226273148148143 0.37732638888888886 0.01436342592592581 0.020729166666666642
1 0.41795138888888894 0.38285879629629627 0.014386574074073977 0.022291666666666644
0 0.532957175925926 0.3753240740740741 0.02574074074074062 0.050740740740740795
1 0.5240625 0.3953819444444444 0.017511574074073978 0.02238425925925931