1 0.1796875 0.83671875 0.12265625 0.165625
1 0.30078125 0.93671875 0.1140625 0.1265625
1 0.3234375 0.59296875 0.05078125 0.0640625
1 0.40625 0.59609375 0.04375 0.0640625
1 0.2421875 0.59921875 0.06015625 0.06796875
1 0.34765625 0.484375 0.0296875 0.0390625
1 0.5859375 0.4640625 0.02578125 0.0390625
1 0.5296875 0.396875 0.01484375 0.02109375
1 0.5578125 0.40859375 0.01484375 0.025
1 0.4078125 0.44765625 0.02421875 0.03203125
1 0.36953125 0.509375 0.03125 0.04296875
1 0.5421875 0.44921875 0.0203125 0.02890625
2 0.5953125 0.59453125 0.059375 0.13046875
1 0.45703125 0.43671875 0.0203125 0.03203125
1 0.44296875 0.403125 0.0140625 0.021875
1 0.4671875 0.40546875 0.01484375 0.021875
2 0.5875 0.390625 0.02734375 0.071875
1 0.41953125 0.428125 0.0171875 0.025
2 0.4078125 0.40546875 0.02265625 0.04453125
2 0.74296875 0.69296875 0.10625 0.19453125
1 0.52265625 0.36796875 0.0109375 0.01640625
2 0.4859375 0.36015625 0.01328125 0.03203125
1 0.56875 0.43046875 0.01875 0.028125