1 0.03628472222222222 0.8207291666666666 0.07256944444444444 0.15854166666666672
1 0.32676504629629627 0.6996354166666666 0.08344907407407405 0.11906250000000007
1 0.23622685185185183 0.6310416666666667 0.08287037037037041 0.11125000000000007
2 0.6127604166666666 0.3439583333333333 0.06435185185185191 0.11312499999999996
1 0.5530092592592593 0.48942708333333335 0.045486111111111074 0.06833333333333336
1 0.25570023148148147 0.5045833333333334 0.05370370370370363 0.05333333333333332
1 0.6344328703703704 0.50265625 0.052430555555555716 0.078125
1 0.33032407407407405 0.49416666666666664 0.044791666666666605 0.058958333333333356
1 0.3993055555555556 0.4864583333333334 0.03807870370370372 0.052291666666666715
1 0.3671585648148148 0.42718749999999994 0.03269675925925934 0.042604166666666644
1 0.3435474537037037 0.4101041666666667 0.027314814814814882 0.03291666666666657
1 0.40115740740740746 0.3775 0.02418981481481488 0.03270833333333334
1 0.53125 0.3633854166666667 0.023958333333333394 0.02958333333333334
1 0.5997106481481481 0.4256770833333333 0.03269675925925917 0.042604166666666644
1 0.4481770833333334 0.36192708333333334 0.023958333333333214 0.02958333333333334
1 0.4611400462962963 0.3338541666666667 0.017245370370370418 0.022916666666666606
1 0.576388888888889 0.38369791666666664 0.026215277777777858 0.0390625
2 0.47748842592592594 0.29156250000000006 0.01973379629629619 0.035520833333333356
1 0.5482638888888889 0.3226041666666667 0.017129629629629762 0.021354166666666695
1 0.5196180555555555 0.31052083333333336 0.014004629629629584 0.021145833333333287
1 0.4370949074074074 0.333125 0.017476851851851903 0.02604166666666661
2 0.4019386574074074 0.33546875 0.026446759259259166 0.0421875
1 0.4327546296296296 0.30776041666666665 0.013888888888888928 0.019583333333333376