1 0.05546875 0.82265625 0.1109375 0.14296875
1 0.3265625 0.51015625 0.0359375 0.04296875
1 0.6671875 0.51171875 0.03125 0.04609375
1 0.3625 0.54140625 0.03828125 0.05546875
1 0.42734375 0.56328125 0.0359375 0.05703125
1 0.37265625 0.446875 0.025 0.0390625
1 0.409375 0.45078125 0.02109375 0.03203125
1 0.45625 0.440625 0.01953125 0.0265625
1 0.42578125 0.42734375 0.01875 0.0265625
1 0.4703125 0.39765625 0.01484375 0.0265625
1 0.4078125 0.41171875 0.01640625 0.02109375
1 0.44453125 0.39453125 0.0140625 0.021875
1 0.525 0.36796875 0.01171875 0.01640625
2 0.384375 0.64296875 0.071875 0.15546875
1 0.5578125 0.371875 0.01015625 0.015625
1 0.44375 0.37421875 0.01171875 0.01796875