1 0.3528645833333333 0.7248090277777777 0.06812500000000003 0.08715277777777786
1 0.21083333333333334 0.7866666666666667 0.11687500000000002 0.14072916666666657
1 0.14296875 0.7468229166666667 0.09052083333333334 0.09593750000000015
1 0.2234375 0.6328645833333333 0.065625 0.07302083333333335
1 0.6905208333333334 0.5964236111111111 0.05770833333333325 0.07111111111111121
1 0.3852083333333333 0.5922569444444444 0.044062499999999984 0.05336805555555557
1 0.29333333333333333 0.5482118055555556 0.04197916666666668 0.045486111111111074
1 0.6342187499999999 0.5359375 0.04583333333333321 0.05656250000000007
1 0.3578125 0.509548611111111 0.0322916666666667 0.04038194444444443
2 0.31 0.5920486111111112 0.0734375 0.096736111111111
2 0.4236979166666666 0.4380381944444444 0.025833333333333285 0.036979166666666785
1 0.40463541666666664 0.5241666666666667 0.03531250000000004 0.03895833333333343
2 0.5057812500000001 0.38213541666666667 0.02312499999999993 0.04309027777777778
2 0.9258854166666666 0.8153124999999999 0.06802083333333328 0.3426388888888887
2 0.3796875 0.44000000000000006 0.04385416666666675 0.07361111111111107
1 0.41453125 0.46975694444444444 0.02364583333333332 0.027534722222222287
1 0.5377083333333333 0.43213541666666666 0.01875 0.024201388888888963
1 0.3279166666666667 0.5701215277777778 0.03822916666666672 0.05934027777777775
1 0.48083333333333333 0.4155034722222222 0.016874999999999928 0.019444444444444466