1 0.18984375 0.87109375 0.115625 0.15
1 0.80859375 0.840625 0.1140625 0.178125
1 0.378125 0.6828125 0.05703125 0.0875
1 0.3046875 0.51953125 0.0421875 0.05546875
1 0.3609375 0.540625 0.0375 0.0515625
1 0.671875 0.51953125 0.04140625 0.053125
1 0.4265625 0.53046875 0.03515625 0.053125
1 0.40078125 0.46796875 0.025 0.03046875
1 0.6125 0.496875 0.03203125 0.07109375
1 0.37734375 0.44765625 0.0234375 0.03203125
1 0.44375 0.39765625 0.01328125 0.01796875
1 0.4609375 0.415625 0.01640625 0.0234375
1 0.82578125 0.68828125 0.0953125 0.14609375
1 0.55390625 0.39921875 0.0140625 0.02109375
1 0.471875 0.39765625 0.01484375 0.02109375
1 0.43125 0.384375 0.0125 0.01796875
1 0.48125 0.37578125 0.0125 0.01796875
1 0.534375 0.35703125 0.00859375 0.0140625