1 0.03828125 0.85078125 0.0765625 0.15390625
1 0.18125 0.85546875 0.11171875 0.1390625
2 0.3703125 0.490625 0.05390625 0.1015625
1 0.375 0.703125 0.06171875 0.0890625
1 0.77890625 0.63203125 0.078125 0.103125
1 0.3078125 0.62109375 0.05859375 0.075
1 0.625 0.53828125 0.03671875 0.05703125
1 0.4046875 0.56953125 0.03828125 0.0609375
1 0.2921875 0.540625 0.04296875 0.0515625
2 0.4296875 0.396875 0.03203125 0.07109375
1 0.6015625 0.47421875 0.02421875 0.04296875
1 0.4015625 0.47890625 0.01953125 0.03359375
1 0.6078125 0.43671875 0.01953125 0.02890625
1 0.4 0.41796875 0.01875 0.025
1 0.525 0.37578125 0.01171875 0.01796875
2 0.4703125 0.38203125 0.01640625 0.03046875
1 0.409375 0.44140625 0.0203125 0.03046875
1 0.4625 0.41328125 0.01875 0.0234375