1 0.046875 0.890625 0.09375 0.15625
1 0.24296875 0.71953125 0.0796875 0.09453125
1 0.75703125 0.615625 0.0640625 0.0765625
1 0.65 0.59296875 0.04921875 0.071875
1 0.25 0.58515625 0.05625 0.06796875
1 0.4015625 0.584375 0.04375 0.0609375
1 0.440625 0.48671875 0.028125 0.04296875
1 0.40078125 0.47109375 0.0265625 0.0359375
2 0.31328125 0.49140625 0.0703125 0.10546875
2 0.415625 0.37890625 0.03125 0.05859375
1 0.4515625 0.43515625 0.01953125 0.02890625
2 0.425 0.40859375 0.03046875 0.053125
1 0.465625 0.415625 0.0171875 0.0234375
1 0.475 0.38828125 0.0125 0.01796875
1 0.575 0.39296875 0.0125 0.01953125
2 0.3703125 0.40703125 0.034375 0.05546875
2 0.3046875 0.43671875 0.04921875 0.065625
1 0.48203125 0.371875 0.0109375 0.01796875
2 0.45859375 0.353125 0.01875 0.04140625