1 0.07947916666666667 0.832673611111111 0.13706018518518517 0.187222222222222
1 0.16116319444444444 0.6020833333333333 0.09217592592592591 0.10871527777777779
1 0.744537037037037 0.718576388888889 0.08434027777777775 0.10680555555555564
1 0.5816377314814816 0.7371006944444445 0.08937500000000007 0.13045138888888896
1 0.3316087962962963 0.5659375 0.06517361111111111 0.07784722222222218
1 0.4203125 0.5456770833333333 0.04936342592592595 0.06465277777777771
1 0.3721759259259259 0.45843749999999994 0.03495370370370363 0.040590277777777926
1 0.6265162037037036 0.55171875 0.041412037037036956 0.05493055555555557
1 0.42317129629629624 0.4224479166666667 0.02543981481481481 0.030798611111111106
1 0.5027430555555557 0.4181770833333333 0.01912037037037031 0.025833333333333285
1 0.5666550925925926 0.516267361111111 0.03665509259259263 0.05003472222222225
1 0.42994212962962963 0.4578819444444444 0.03026620370370381 0.04038194444444443
1 0.478287037037037 0.4537847222222222 0.02704861111111114 0.03399305555555561
1 0.5621585648148149 0.47625 0.025486111111111143 0.033923611111111106
1 0.5600868055555555 0.4418055555555555 0.02068287037037031 0.025902777777777785
2 0.6295196759259258 0.4909548611111111 0.04472222222222229 0.06756944444444439
2 0.4818402777777778 0.37743055555555555 0.030381944444444465 0.04819444444444443
2 0.6090509259259259 0.42680555555555555 0.0256018518518518 0.041736111111111106
2 0.47917824074074067 0.4085416666666667 0.022337962962962976 0.032222222222222284
1 0.5880960648148148 0.43524305555555554 0.01592592592592581 0.021006944444444463