1 0.0671875 0.81015625 0.11796875 0.12109375
1 0.084375 0.96328125 0.14375 0.07109375
1 0.38046875 0.66953125 0.0515625 0.08359375
1 0.6328125 0.6953125 0.07421875 0.134375
1 0.43125 0.534375 0.03359375 0.0484375
2 0.6125 0.41796875 0.04140625 0.08046875
1 0.55 0.45234375 0.0234375 0.034375
1 0.4265625 0.43046875 0.01953125 0.025
1 0.38046875 0.49921875 0.0328125 0.04296875
1 0.56875 0.428125 0.01875 0.028125
1 0.3703125 0.453125 0.02265625 0.028125
1 0.40625 0.41484375 0.01796875 0.0234375
1 0.4546875 0.453125 0.02109375 0.03046875
1 0.42421875 0.39296875 0.0140625 0.01953125
1 0.465625 0.41171875 0.01796875 0.0234375
1 0.4796875 0.38203125 0.01171875 0.01953125
1 0.4484375 0.36796875 0.01171875 0.01953125
1 0.52421875 0.37578125 0.0109375 0.015625