1 0.26625 0.7390277777777777 0.11267361111111107 0.1508680555555557
1 0.15067708333333335 0.5986979166666667 0.10260416666666669 0.11940972222222221
2 0.31741319444444444 0.43960069444444444 0.09017361111111111 0.12225694444444439
1 0.22409722222222223 0.632986111111111 0.08336805555555556 0.09711805555555557
1 0.24364583333333334 0.5263541666666667 0.06246527777777775 0.07010416666666668
1 0.39574652777777775 0.53390625 0.04500000000000011 0.057222222222222285
1 0.3672916666666667 0.4790972222222222 0.04006944444444445 0.04618055555555554
2 0.6021354166666667 0.41765625 0.047083333333333324 0.08069444444444436
1 0.43310763888888887 0.4690451388888889 0.03701388888888886 0.049236111111111217
1 0.4533159722222222 0.43814236111111116 0.024131944444444463 0.031770833333333214
1 0.5560763888888889 0.4171180555555555 0.01930555555555564 0.025416666666666643
1 0.4218576388888889 0.4130729166666667 0.027291666666666714 0.03340277777777771
2 0.4675868055555556 0.35817708333333337 0.022708333333333285 0.037986111111111144
1 0.4680381944444445 0.40814236111111113 0.024027777777777714 0.027083333333333393
1 0.3816319444444444 0.43114583333333334 0.033819444444444444 0.04604166666666672
1 0.4025520833333333 0.40335069444444444 0.027187499999999965 0.028715277777777715