1 0.3057465277777778 0.8653645833333332 0.17144675925925928 0.24107638888888872
1 0.09591435185185185 0.870011574074074 0.13983796296296297 0.17243055555555564
1 0.8070138888888888 0.724837962962963 0.129409722222222 0.1516319444444445
1 0.6373148148148149 0.5715740740740741 0.06515046296296312 0.08440972222222225
1 0.7180381944444445 0.8930729166666665 0.12123842592592596 0.08420138888888858
1 0.3484375 0.5078587962962964 0.045185185185185175 0.060000000000000143
1 0.6801215277777778 0.46728587962962964 0.04814814814814809 0.057037037037036956
1 0.6276793981481481 0.5019502314814815 0.06490740740740737 0.07972222222222207
1 0.5371006944444444 0.4606770833333333 0.050520833333333216 0.07274305555555553
1 0.5577430555555555 0.4081828703703703 0.03516203703703695 0.047013888888889
1 0.48245370370370366 0.3575462962962963 0.01667824074074069 0.02112268518518521
1 0.5602662037037037 0.3745486111111111 0.028182870370370417 0.032627314814814845
1 0.4257175925925926 0.36983796296296295 0.019965277777777856 0.024409722222222284
1 0.9025868055555556 0.6848206018518518 0.1296875 0.21709490740740733
1 0.39761574074074074 0.4009027777777778 0.02357638888888891 0.033946759259259274
1 0.5078993055555555 0.34765625 0.016759259259259272 0.022685185185185208
1 0.38123842592592594 0.3861689814814815 0.019884259259259275 0.022847222222222286
1 0.5138946759259259 0.3372164351851852 0.01667824074074069 0.02112268518518521
1 0.47084490740740736 0.34100694444444446 0.016759259259259272 0.022685185185185208