1 0.1453125 0.715625 0.09296875 0.103125
1 0.3828125 0.68828125 0.059375 0.09296875
2 0.6609375 0.46640625 0.08515625 0.13046875
2 0.421875 0.41015625 0.0328125 0.07890625
1 0.43125 0.54453125 0.03359375 0.04453125
1 0.2875 0.55546875 0.04375 0.05546875
1 0.3140625 0.60546875 0.0578125 0.0859375
1 0.38125 0.496875 0.03125 0.04609375
2 0.46328125 0.41640625 0.0203125 0.0359375
1 0.61484375 0.6890625 0.0625 0.1140625
2 0.278125 0.66328125 0.0796875 0.12890625
1 0.5984375 0.42421875 0.02109375 0.02890625
2 0.6265625 0.51640625 0.04765625 0.09453125
1 0.4484375 0.39453125 0.0140625 0.021875
2 0.5453125 0.37421875 0.01484375 0.03203125
1 0.590625 0.41015625 0.01796875 0.02109375
2 0.4609375 0.35390625 0.01640625 0.04140625
1 0.45078125 0.46171875 0.0234375 0.034375