1 0.832667824074074 0.9506481481481481 0.15873842592592596 0.09870370370370374
1 0.9486111111111111 0.9603298611111111 0.09560185185185191 0.07934027777777786
1 0.683767361111111 0.9582118055555554 0.1377893518518519 0.08357638888888914
1 0.8370081018518519 0.7580844907407407 0.10069444444444428 0.10456018518518526
1 0.2655960648148148 0.5723726851851852 0.055613425925925955 0.06797453703703696
1 0.3272569444444445 0.6138888888888889 0.060995370370370415 0.08679398148148146
1 0.7522569444444445 0.641267361111111 0.06180555555555554 0.06650462962962962
1 0.5808159722222223 0.608275462962963 0.050868055555555534 0.06634259259259263
1 0.6549479166666666 0.60703125 0.05237268518518512 0.0648032407407408
1 0.67578125 0.5370659722222222 0.042476851851851904 0.0506018518518518
1 0.40300925925925923 0.4877372685185185 0.031307870370370416 0.04418981481481481
2 0.588570601851852 0.4381712962962963 0.05034722222222214 0.09444444444444447
1 0.560300925925926 0.4970949074074074 0.02633101851851851 0.03630787037037031
1 0.6305266203703704 0.4747106481481481 0.02615740740740726 0.03162037037037031
1 0.5451967592592593 0.44767939814814817 0.022916666666666606 0.028449074074073977
1 0.5999710648148149 0.4929976851851851 0.026273148148148094 0.03474537037037031
1 0.5390046296296296 0.4069849537037037 0.014814814814814881 0.02052083333333332
2 0.5473668981481481 0.3797800925925926 0.026678240740740832 0.0456828703703704
1 0.425318287037037 0.41545138888888894 0.018171296296296192 0.026817129629629476
2 0.4678819444444445 0.3629861111111111 0.016956018518518513 0.03616898148148149
1 0.49094328703703705 0.3742592592592593 0.011574074074074047 0.01734953703703699