1 0.2674479166666667 0.7792534722222222 0.09939814814814821 0.13187499999999996
1 0.12036458333333333 0.6424131944444444 0.08665509259259259 0.09878472222222215
1 0.6644155092592593 0.589670138888889 0.05207175925925931 0.06989583333333335
1 0.3242476851851852 0.5383680555555556 0.04572916666666664 0.05725694444444436
2 0.3510011574074074 0.45928819444444446 0.0490277777777778 0.08076388888888886
1 0.39519675925925923 0.5204166666666666 0.042581018518518476 0.054062500000000034
1 0.41093171296296294 0.4301562499999999 0.02366898148148149 0.031770833333333214
1 0.43187499999999995 0.4103125 0.01892361111111107 0.02385416666666664
1 0.4500520833333333 0.43883680555555565 0.02523148148148131 0.03180555555555564
1 0.4339004629629629 0.4728472222222223 0.026851851851851904 0.03965277777777772
0 0.5992303240740741 0.43668402777777776 0.04436342592592588 0.08378472222222229
1 0.5583159722222222 0.39671875 0.015798611111111072 0.02378472222222223
1 0.4654340277777777 0.4063715277777778 0.01892361111111107 0.02385416666666664