1 0.18754050925925925 0.7458622685185186 0.13571759259259258 0.18125
1 0.806423611111111 0.97578125 0.11342592592592596 0.0484375
1 0.014016203703703703 0.8160590277777778 0.028032407407407405 0.1821180555555557
1 0.6496296296296296 0.6048611111111111 0.06943287037037038 0.07586805555555572
1 0.5029745370370371 0.5649884259259259 0.06523148148148153 0.08506944444444446
1 0.3418171296296296 0.4877893518518519 0.056932870370370384 0.07540509259259273
1 0.5094791666666667 0.9865162037037039 0.13203703703703712 0.026967592592592383
1 0.5568634259259259 0.4918402777777778 0.04494212962962969 0.0546875
1 0.5687094907407407 0.5502025462962963 0.05159722222222225 0.06273148148148149
1 0.5011689814814815 0.46394675925925927 0.04337962962962969 0.054629629629629584
1 0.5689409722222222 0.4249710648148149 0.03483796296296297 0.04027777777777786
1 0.3447511574074074 0.4010127314814815 0.03359953703703704 0.04646990740740744
1 0.4973148148148148 0.37222222222222223 0.021770833333333427 0.028877314814814793
1 0.4221527777777778 0.37256944444444445 0.02662037037037024 0.032175925925925955
1 0.36585069444444446 0.35639467592592594 0.023414351851851832 0.03049768518518512
1 0.4363252314814815 0.3558738425925926 0.02168981481481467 0.027314814814814792
1 0.5294907407407408 0.4008101851851852 0.03171296296296298 0.040162037037037024
1 0.5039351851851852 0.4256944444444445 0.03483796296296297 0.04027777777777786
1 0.4033275462962963 0.3280381944444445 0.01667824074074069 0.02089120370370363
1 0.5546527777777778 0.39861111111111114 0.02489583333333343 0.028993055555555536
2 0.433275462962963 0.2939236111111111 0.020289351851851833 0.030381944444444465