2 0.1078125 0.75078125 0.215625 0.465625
1 0.7484375 0.740625 0.08359375 0.125
1 0.171875 0.85078125 0.12421875 0.16796875
1 0.6015625 0.61015625 0.04921875 0.07890625
1 0.55625 0.49453125 0.0265625 0.04453125
1 0.34453125 0.47265625 0.0265625 0.034375
1 0.6703125 0.515625 0.03359375 0.0484375
1 0.40078125 0.58984375 0.0453125 0.090625
1 0.37734375 0.50546875 0.0296875 0.0390625
1 0.4390625 0.51015625 0.03046875 0.04296875
1 0.6140625 0.44375 0.02578125 0.0375
1 0.40546875 0.4578125 0.025 0.034375
1 0.45390625 0.440625 0.0203125 0.03046875
1 0.4109375 0.40390625 0.01484375 0.021875
2 0.44765625 0.38046875 0.0234375 0.053125
1 0.58125 0.45546875 0.02265625 0.03359375
1 0.465625 0.41484375 0.0171875 0.0234375
1 0.4734375 0.39140625 0.01484375 0.01953125
1 0.5828125 0.40703125 0.01484375 0.021875
1 0.54453125 0.37890625 0.0125 0.01953125
2 0.5390625 0.34921875 0.015625 0.034375
1 0.52265625 0.36484375 0.009375 0.015625