1 0.3546875 0.79375 0.09296875 0.1625
1 0.125 0.74296875 0.1125 0.10859375
1 0.30625 0.63671875 0.05625 0.0765625
0 0.83125 0.64921875 0.18203125 0.259375
1 0.6515625 0.56796875 0.04453125 0.06953125
1 0.290625 0.54609375 0.04140625 0.053125
1 0.57421875 0.52890625 0.0328125 0.05546875
1 0.43046875 0.52890625 0.0359375 0.05546875
1 0.384375 0.48828125 0.02890625 0.04296875
1 0.4453125 0.47265625 0.02265625 0.034375
1 0.37265625 0.44765625 0.021875 0.02890625
1 0.459375 0.42265625 0.01796875 0.0265625
1 0.4765625 0.38515625 0.0125 0.01796875
1 0.43828125 0.40703125 0.0171875 0.028125
1 0.53046875 0.40078125 0.0140625 0.02109375
1 0.41953125 0.4015625 0.0140625 0.021875
1 0.55 0.390625 0.01328125 0.01953125
1 0.58671875 0.41171875 0.0140625 0.02109375
1 0.48125 0.37265625 0.0125 0.01796875