1 0.9419270833333332 0.8446354166666667 0.11614583333333357 0.1956828703703703
1 0.8717071759259258 0.9218547453703703 0.17295138888888886 0.15629050925925939
1 0.6837615740740741 0.6297164351851852 0.07586805555555572 0.09739583333333321
1 0.744357638888889 0.5876851851851852 0.07862268518518505 0.09130787037037039
1 0.5943229166666667 0.500462962962963 0.043773148148148165 0.05523148148148138
1 0.3911516203703704 0.4891493055555555 0.033657407407407455 0.04224537037037024
1 0.44233217592592594 0.45909143518518525 0.03016203703703706 0.035833333333333425
1 0.6411689814814815 0.4366898148148149 0.03356481481481488 0.04068287037037024
1 0.5969618055555556 0.43984953703703705 0.030347222222222213 0.03895833333333325
2 0.44035879629629626 0.3600752314814815 0.020879629629629547 0.03690972222222229
1 0.5779687499999999 0.40848958333333335 0.025104166666666573 0.02934027777777768
1 0.6139988425925926 0.41191550925925924 0.028229166666666573 0.029502314814814846
2 0.816255787037037 0.5392303240740741 0.12836805555555558 0.1421759259259261
2 0.5825925925925926 0.3682291666666667 0.039548611111111145 0.06280092592592598
2 0.5623553240740741 0.4341608796296296 0.03761574074074083 0.056469907407407406
2 0.6173263888888888 0.45492476851851854 0.04046296296296283 0.05194444444444439
1 0.5283738425925926 0.38644675925925925 0.020046296296296263 0.022847222222222196