1 0.11932291666666668 0.7301562500000001 0.11895833333333332 0.12770833333333337
2 0.3388541666666667 0.48218750000000005 0.12843750000000007 0.19989583333333344
1 0.3552083333333333 0.7735416666666668 0.09760416666666671 0.13406249999999992
1 0.27416666666666667 0.6591666666666667 0.07927083333333336 0.09239583333333332
1 0.2738541666666666 0.5355208333333333 0.057395833333333354 0.06760416666666665
1 0.41640625 0.5205729166666666 0.04916666666666671 0.06083333333333343
1 0.3983333333333333 0.41833333333333333 0.027291666666666714 0.03604166666666657
1 0.5683333333333334 0.43499999999999994 0.03947916666666664 0.05552083333333328
2 0.42781249999999993 0.33781249999999996 0.03895833333333343 0.07104166666666671
1 0.4393229166666666 0.39848958333333334 0.027083333333333216 0.032916666666666664
1 0.5245833333333334 0.36791666666666667 0.02385416666666664 0.031145833333333338
1 0.5680208333333333 0.38135416666666666 0.03270833333333343 0.04729166666666664
1 0.4530729166666667 0.3555729166666667 0.0205208333333335 0.027812500000000018
1 0.5502083333333333 0.321875 0.013645833333333357 0.018020833333333285