1 0.9296875 0.84765625 0.125 0.14609375
1 0.325 0.89296875 0.09296875 0.15546875
1 0.39765625 0.60234375 0.05 0.0765625
1 0.3078125 0.62109375 0.05546875 0.071875
1 0.58828125 0.5703125 0.0484375 0.0734375
1 0.634375 0.52421875 0.0359375 0.05390625
1 0.43828125 0.48515625 0.0296875 0.04296875
1 0.3359375 0.4953125 0.03203125 0.040625
1 0.3921875 0.47421875 0.028125 0.0375
1 0.45859375 0.42734375 0.01875 0.02890625
1 0.3984375 0.42421875 0.01796875 0.0265625
1 0.43125 0.42421875 0.01875 0.0265625
1 0.446875 0.39765625 0.0140625 0.02109375
1 0.5375 0.42421875 0.01875 0.02890625
1 0.4703125 0.39296875 0.0140625 0.01953125
2 0.4234375 0.37421875 0.02890625 0.05703125
1 0.525 0.38984375 0.0125 0.02109375
1 0.55859375 0.37265625 0.0125 0.01796875
1 0.5484375 0.38671875 0.01328125 0.01796875