2 0.2703125 0.5140625 0.12734375 0.2
1 0.3828125 0.68515625 0.05859375 0.090625
1 0.71328125 0.559375 0.0546875 0.0765625
2 0.37265625 0.42421875 0.034375 0.07890625
1 0.325 0.60234375 0.05703125 0.0734375
1 0.36328125 0.53828125 0.0390625 0.0484375
1 0.43125 0.51640625 0.03125 0.04453125
1 0.38515625 0.48984375 0.03125 0.04609375
1 0.63984375 0.47734375 0.0265625 0.0375
1 0.4125 0.44765625 0.02265625 0.03203125
1 0.5921875 0.42109375 0.01796875 0.025
1 0.43203125 0.4140625 0.0171875 0.021875
1 0.575 0.44453125 0.01953125 0.03046875
1 0.5578125 0.415625 0.01484375 0.021875
1 0.4625 0.421875 0.01875 0.0265625
1 0.4546875 0.44765625 0.0203125 0.03203125
1 0.525 0.3828125 0.0125 0.015625
1 0.4734375 0.396875 0.01328125 0.02109375
1 0.403125 0.4140625 0.01796875 0.028125
2 0.5609375 0.36796875 0.0171875 0.03359375