2 0.1125 0.68359375 0.22421875 0.31953125
1 0.2640625 0.70078125 0.075 0.090625
1 0.715625 0.57890625 0.05390625 0.06953125
1 0.3796875 0.71328125 0.0640625 0.1015625
1 0.4203125 0.54609375 0.0375 0.053125
1 0.303125 0.5265625 0.03828125 0.05
1 0.35 0.55390625 0.04296875 0.05546875
1 0.3640625 0.45390625 0.02421875 0.03046875
1 0.446875 0.45703125 0.02265625 0.0359375
1 0.3953125 0.428125 0.01953125 0.025
1 0.6265625 0.45859375 0.02265625 0.03359375
1 0.425 0.43359375 0.01875 0.025
1 0.5484375 0.43515625 0.02265625 0.03203125
1 0.525 0.38203125 0.01328125 0.01953125
1 0.4640625 0.40078125 0.01640625 0.02109375
1 0.4109375 0.40546875 0.01640625 0.021875
1 0.434375 0.41171875 0.0171875 0.0234375
1 0.56328125 0.40703125 0.01875 0.03046875
1 0.575 0.39296875 0.01328125 0.01953125
1 0.52421875 0.37265625 0.0109375 0.01796875