1 0.1109375 0.74453125 0.09375 0.103125
1 0.72265625 0.71796875 0.0796875 0.13046875
1 0.0828125 0.96171875 0.146875 0.0765625
1 0.3796875 0.65703125 0.05703125 0.08359375
1 0.7921875 0.678125 0.07109375 0.1
1 0.3140625 0.59765625 0.05234375 0.06796875
1 0.5640625 0.50859375 0.03046875 0.05859375
2 0.37265625 0.421875 0.0515625 0.0984375
1 0.2921875 0.54140625 0.04375 0.053125
1 0.4484375 0.47109375 0.02421875 0.0390625
1 0.590625 0.47578125 0.02578125 0.0375
1 0.571875 0.43046875 0.01953125 0.03046875
1 0.5375 0.42890625 0.01953125 0.03046875
1 0.39921875 0.46640625 0.0296875 0.04140625
1 0.43046875 0.41953125 0.01875 0.028125
1 0.4625 0.421875 0.01796875 0.0265625
1 0.4734375 0.39453125 0.01328125 0.01953125
1 0.5484375 0.39140625 0.0125 0.01953125
2 0.590625 0.396875 0.03359375 0.06796875
1 0.5234375 0.37421875 0.01171875 0.01796875
2 0.4140625 0.38515625 0.02109375 0.04296875
1 0.553125 0.36171875 0.01015625 0.01796875
1 0.48125 0.37421875 0.01171875 0.01796875