1 0.13125 0.9203125 0.14921875 0.159375
1 0.1828125 0.665625 0.071875 0.0890625
1 0.7640625 0.621875 0.06328125 0.0890625
1 0.6125 0.684375 0.0625 0.115625
1 0.3390625 0.584375 0.04921875 0.0640625
1 0.41875 0.54140625 0.0359375 0.05546875
1 0.3546875 0.4703125 0.028125 0.034375
1 0.6171875 0.49296875 0.03203125 0.046875
1 0.3953125 0.421875 0.01953125 0.0265625
1 0.4703125 0.396875 0.0140625 0.02109375
1 0.55234375 0.47421875 0.0265625 0.04296875
1 0.409375 0.45390625 0.02265625 0.03359375
1 0.45546875 0.43671875 0.0203125 0.02890625
1 0.5390625 0.43671875 0.01953125 0.02890625
1 0.5296875 0.40390625 0.01484375 0.021875
2 0.60625 0.43359375 0.03203125 0.05859375
2 0.4421875 0.36328125 0.0203125 0.04296875
2 0.57421875 0.37734375 0.0171875 0.0375
2 0.4453125 0.39296875 0.01640625 0.028125
1 0.55546875 0.390625 0.0125 0.01953125