1 0.7371354166666666 0.7552083333333334 0.10645833333333332 0.12468749999999992
1 0.5965625 0.6776562500000001 0.07322916666666668 0.093611111111111
1 0.4083333333333333 0.5509722222222222 0.039583333333333394 0.05628472222222225
1 0.2992708333333333 0.5531770833333333 0.044062499999999984 0.05336805555555557
1 0.6555208333333333 0.5337500000000001 0.04697916666666657 0.05038194444444457
2 0.52140625 0.39458333333333334 0.03656249999999996 0.05770833333333334
1 0.5809374999999999 0.5124131944444444 0.04385416666666657 0.05024305555555557
1 0.5171875 0.49312500000000004 0.03239583333333336 0.04194444444444443
1 0.5408854166666666 0.45500000000000007 0.02375000000000007 0.029097222222222285
1 0.5903645833333334 0.4650347222222223 0.030416666666666713 0.03562499999999993
1 0.4224479166666667 0.4685416666666667 0.027291666666666714 0.03548611111111111
2 0.37432291666666667 0.4499479166666667 0.03458333333333332 0.05138888888888893
1 0.5510937499999999 0.43116319444444445 0.02052083333333332 0.027395833333333286
1 0.38093750000000004 0.4800173611111111 0.027291666666666714 0.03548611111111111
1 0.43182291666666667 0.4219444444444444 0.016979166666666677 0.021006944444444463
1 0.4955729166666667 0.4412326388888889 0.02052083333333332 0.027395833333333286
2 0.5258333333333333 0.43395833333333333 0.02562500000000014 0.03385416666666678