1 0.3422511574074074 0.6463136574074074 0.07653935185185183 0.10686342592592588
1 0.8625231481481481 0.8166724537037038 0.13137731481481474 0.16625000000000015
1 0.14993055555555554 0.63015625 0.08388888888888886 0.09146990740740737
1 0.3315509259259259 0.5069097222222222 0.046932870370370416 0.0560300925925926
1 0.7034548611111111 0.5739467592592593 0.06173611111111103 0.08144675925925923
1 0.2767997685185185 0.5897106481481481 0.06486111111111112 0.0815393518518519
1 0.6144444444444443 0.5484837962962963 0.04721064814814824 0.0654050925925926
1 0.548275462962963 0.516099537037037 0.04224537037037024 0.055891203703703596
1 0.4068518518518518 0.49453125 0.04252314814814824 0.06526620370370377
1 0.4261631944444444 0.4486863425925926 0.029282407407407264 0.03989583333333328
1 0.3591666666666667 0.4178877314814815 0.02923611111111111 0.03833333333333329
1 0.4110300925925926 0.4062037037037037 0.025925925925925953 0.03199074074074062
1 0.4544386574074074 0.3900868055555556 0.019444444444444466 0.023993055555555465
1 0.38566550925925924 0.39290509259259265 0.021145833333333287 0.0287268518518518
1 0.5389872685185185 0.4344155092592592 0.02606481481481495 0.03667824074074062
1 0.5237673611111111 0.3685185185185185 0.017881944444444464 0.02394675925925931
2 0.4484780092592592 0.3278182870370371 0.02312499999999993 0.04283564814814813
1 0.43865740740740744 0.3694791666666667 0.016319444444444463 0.023900462962962978
1 0.5666145833333334 0.39769097222222227 0.022847222222222286 0.03346064814814813
1 0.46609375000000003 0.3655439814814815 0.014664351851851798 0.020729166666666642