1 0.7140625 0.678125 0.06875 0.10546875
1 0.253125 0.72421875 0.08359375 0.10390625
1 0.60703125 0.67265625 0.0578125 0.10390625
1 0.38671875 0.66328125 0.0546875 0.08203125
1 0.24375 0.61171875 0.06015625 0.06796875
1 0.4421875 0.4953125 0.03046875 0.040625
1 0.3515625 0.546875 0.04140625 0.0515625
1 0.32734375 0.509375 0.0359375 0.04296875
1 0.56875 0.51171875 0.0296875 0.04609375
1 0.5953125 0.47421875 0.02578125 0.040625
1 0.4125 0.41640625 0.01875 0.03046875
1 0.44140625 0.39921875 0.0140625 0.02109375
1 0.5625 0.41796875 0.01796875 0.021875
1 0.5390625 0.44296875 0.02109375 0.03359375
1 0.6109375 0.440625 0.01875 0.0265625
1 0.4671875 0.403125 0.01484375 0.025
1 0.5796875 0.39921875 0.01484375 0.02109375
1 0.45703125 0.4265625 0.01875 0.028125
1 0.53125 0.403125 0.0140625 0.0234375
1 0.42578125 0.39140625 0.0140625 0.01953125
1 0.48125 0.37578125 0.0125 0.01796875