1 0.1734375 0.66171875 0.07578125 0.09296875
1 0.7125 0.62421875 0.05859375 0.08203125
1 0.28125 0.66796875 0.06953125 0.08046875
1 0.4109375 0.58203125 0.040625 0.05546875
1 0.8578125 0.9328125 0.12578125 0.134375
2 0.3890625 0.46171875 0.04296875 0.07890625
1 0.35 0.553125 0.04296875 0.05859375
1 0.32734375 0.503125 0.0328125 0.0390625
1 0.66171875 0.49921875 0.0296875 0.04296875
1 0.425 0.51171875 0.0296875 0.04296875
1 0.53046875 0.39921875 0.0140625 0.02109375
2 0.43515625 0.38671875 0.0296875 0.059375
1 0.45625 0.42890625 0.01953125 0.028125
1 0.40703125 0.4125 0.01875 0.025
1 0.4671875 0.40546875 0.01796875 0.01953125
1 0.4234375 0.428125 0.01953125 0.028125
1 0.5546875 0.37421875 0.0125 0.01796875