1 0.20642361111111113 0.8150115740740741 0.10437500000000002 0.12731481481481488
1 0.6629166666666666 0.5764351851851852 0.04684027777777775 0.06908564814814824
1 0.41171875 0.5947048611111111 0.0499305555555555 0.06754629629629641
1 0.7382638888888888 0.5915046296296296 0.0563194444444445 0.07384259259259256
1 0.4373611111111112 0.5179398148148148 0.035416666666666784 0.04712962962962965
1 0.5703472222222222 0.48960648148148145 0.029097222222222285 0.04395833333333332
1 0.3163715277777778 0.5235243055555555 0.03548611111111111 0.050254629629629656
1 0.3458333333333333 0.8296064814814816 0.1186805555555556 0.20865740740740718
2 0.3568576388888889 0.5169733796296296 0.06517361111111111 0.12077546296296297
1 0.3998090277777778 0.4807118055555556 0.027395833333333286 0.037696759259259235
2 0.40421875000000007 0.39785300925925926 0.040763888888889 0.07685185185185191
1 0.4314409722222222 0.42734375 0.022569444444444465 0.03141203703703699
1 0.4472743055555556 0.4014409722222222 0.017673611111111143 0.022002314814814915
1 0.5418923611111112 0.4046469907407408 0.016145833333333214 0.023553240740740833
1 0.6001388888888889 0.45891203703703703 0.022569444444444465 0.03141203703703699
1 0.6231770833333334 0.440769675925926 0.019375000000000142 0.028263888888888998
1 0.46546875 0.44662615740740746 0.019444444444444285 0.031388888888889
1 0.47624999999999995 0.40435185185185185 0.016180555555555642 0.025115740740740654
1 0.5957638888888889 0.4026851851851852 0.01604166666666664 0.018865740740740655
1 0.4836631944444445 0.38632523148148146 0.014479166666666644 0.01885416666666666
0 0.43796875 0.3694733796296296 0.021215277777777784 0.04077546296296299
1 0.5339756944444444 0.36485532407407406 0.009687500000000071 0.014131944444444499