1 0.2 0.803125 0.09765625 0.1234375
1 0.184375 0.67578125 0.07265625 0.08203125
1 0.3328125 0.56484375 0.04609375 0.0625
1 0.725 0.58046875 0.05 0.06953125
1 0.41796875 0.55546875 0.0390625 0.05859375
1 0.6484375 0.48671875 0.03046875 0.040625
1 0.3703125 0.509375 0.03203125 0.04296875
1 0.44375 0.46953125 0.025 0.0359375
1 0.60546875 0.496875 0.0265625 0.040625
1 0.4109375 0.45703125 0.02265625 0.03046875
1 0.5390625 0.42890625 0.01796875 0.028125
2 0.5578125 0.359375 0.01875 0.05
1 0.465625 0.40703125 0.01484375 0.021875
1 0.475 0.38671875 0.0125 0.01796875
2 0.45234375 0.37421875 0.021875 0.04296875
1 0.41953125 0.39296875 0.0140625 0.01953125
2 0.48125 0.36953125 0.0140625 0.03046875
0 0.3703125 0.43984375 0.0328125 0.0515625