1 0.42688657407407404 0.7646643518518518 0.07229166666666664 0.1019212962962964
1 0.3260821759259259 0.6838599537037038 0.06835648148148152 0.08613425925925924
1 0.3996412037037037 0.5848263888888889 0.04510416666666668 0.05843749999999996
1 0.8293576388888889 0.8330613425925926 0.10826388888888908 0.16456018518518506
1 0.41554398148148153 0.5459143518518518 0.04033564814814809 0.05663194444444457
1 0.2299074074074074 0.6773148148148149 0.0985069444444445 0.12665509259259267
1 0.3630902777777778 0.5260532407407407 0.035081018518518546 0.045451388888889
1 0.5784895833333333 0.45774884259259263 0.022094907407407403 0.03542824074074069
1 0.6322800925925927 0.5033912037037037 0.026944444444444392 0.03879629629629626
1 0.6351446759259259 0.4684780092592593 0.021932870370370415 0.03230324074074069
1 0.4404224537037037 0.439681712962963 0.016759259259259272 0.02268518518518512
1 0.4534780092592593 0.46607060185185184 0.020532407407407405 0.03534722222222229
1 0.477662037037037 0.5117361111111112 0.0372106481481481 0.056469907407407406
1 0.5138831018518518 0.4138831018518519 0.013472222222222285 0.01939814814814813
1 0.6037268518518518 0.4185416666666667 0.01331018518518512 0.01627314814814813
1 0.47745949074074073 0.4026446759259259 0.013472222222222285 0.01939814814814813