1 0.3129513888888889 0.9566319444444445 0.12659722222222225 0.07465277777777786
1 0.2851909722222222 0.7300173611111112 0.08850694444444444 0.11753472222222214
1 0.18534722222222222 0.7252083333333333 0.07850694444444443 0.089201388888889
1 0.8803645833333335 0.8987326388888889 0.13486111111111115 0.16541666666666685
1 0.6432291666666666 0.7119097222222223 0.06638888888888879 0.106111111111111
1 0.45427083333333335 0.5708680555555555 0.03704861111111111 0.05079861111111104
1 0.6783854166666667 0.5002951388888889 0.033923611111111106 0.050729166666666714
1 0.4270659722222222 0.49494791666666665 0.027395833333333286 0.038090277777777716
1 0.37862847222222223 0.4960243055555555 0.027326388888888876 0.03496527777777771
1 0.4257118055555555 0.45046875000000003 0.01930555555555564 0.025416666666666643
1 0.5842534722222222 0.4844270833333333 0.025763888888888788 0.034930555555555645
1 0.4994270833333333 0.4363368055555556 0.016180555555555642 0.025347222222222143
1 0.6157291666666667 0.4735763888888889 0.022638888888888965 0.03486111111111114
2 0.49749999999999994 0.3825 0.026111111111111106 0.050555555555555465
1 0.48206597222222225 0.4796701388888889 0.022708333333333285 0.037986111111111144
1 0.46482638888888894 0.4472569444444444 0.019340277777777713 0.026979166666666644
1 0.5696527777777778 0.43868055555555563 0.019409722222222214 0.030104166666666644
1 0.564670138888889 0.4169270833333334 0.016076388888888894 0.020659722222222142
1 0.45376736111111116 0.4178298611111112 0.016145833333333214 0.023784722222222145
2 0.914201388888889 0.7464930555555556 0.14291666666666672 0.2468055555555555