2 0.641724537037037 0.5138541666666667 0.12546296296296297 0.22430555555555554
1 0.584201388888889 0.6751736111111111 0.06776620370370381 0.10047453703703688
1 0.7835069444444444 0.6713541666666666 0.07806712962962958 0.08336805555555564
1 0.9200231481481481 0.9077777777777779 0.06412037037037024 0.17074074074074092
1 0.55703125 0.5230729166666667 0.03616898148148149 0.048692129629629655
1 0.5778356481481481 0.4463773148148148 0.02320601851851851 0.036099537037037166
1 0.3875868055555555 0.41654513888888883 0.02303240740740744 0.03141203703703717
1 0.533275462962963 0.426400462962963 0.021527777777777857 0.0329629629629629
1 0.45089699074074074 0.4152951388888889 0.01990740740740744 0.03138888888888882
2 0.5705150462962962 0.3698900462962963 0.030208333333333393 0.05645833333333332
1 0.519357638888889 0.3804224537037037 0.014756944444444286 0.01885416666666666
1 0.5816550925925925 0.4065162037037037 0.01643518518518512 0.02199074074074083
1 0.42954282407407407 0.40139467592592587 0.021354166666666785 0.028275462962962905
1 0.5566840277777778 0.4059201388888889 0.018055555555555537 0.02356481481481474
1 0.5151909722222222 0.3663946759259259 0.014756944444444465 0.01885416666666666
1 0.43865740740740744 0.36618055555555556 0.014756944444444286 0.01885416666666666