2 0.6524016203703704 0.4734548611111111 0.11012731481481489 0.15927083333333325
1 0.5732060185185185 0.7084780092592593 0.07112268518518512 0.09626157407407412
1 0.15651041666666665 0.8117997685185184 0.1177083333333333 0.1562615740740739
1 0.6526331018518519 0.6392650462962963 0.06950231481481488 0.07438657407407412
1 0.661255787037037 0.9831655092592593 0.10925925925925917 0.03366898148148145
1 0.5293981481481481 0.5185590277777778 0.032928240740740834 0.04418981481481481
2 0.8210648148148149 0.8416087962962961 0.2583333333333336 0.3167824074074076
1 0.5648148148148149 0.48388888888888887 0.029340277777777857 0.03789351851851848
1 0.3469039351851852 0.45876157407407414 0.027546296296296367 0.03474537037037031
1 0.4208912037037037 0.441869212962963 0.020949074074074047 0.02996527777777782
1 0.4372685185185185 0.4108275462962963 0.015682870370370416 0.022083333333333323
1 0.5153067129629629 0.46594907407407404 0.027314814814814882 0.03162037037037031
1 0.5879050925925926 0.44668981481481485 0.023958333333333214 0.028449074074073977
1 0.8037326388888889 0.5421759259259259 0.09195601851851834 0.0825231481481481
1 0.49279513888888893 0.3897511574074074 0.013888888888888928 0.018935185185185156
1 0.5619791666666666 0.4165856481481482 0.02071759259259274 0.026840277777777644
2 0.5393229166666667 0.3740162037037037 0.028703703703703808 0.05037037037037031
1 0.5237847222222223 0.40428819444444447 0.014120370370370417 0.022060185185185155
1 0.5054108796296296 0.4306076388888889 0.02071759259259274 0.02684027777777782
1 0.40746527777777775 0.41195023148148147 0.01701388888888893 0.018981481481481488
2 0.9108217592592591 0.6907986111111112 0.09456018518518547 0.22303240740740743