1 0.06772569444444444 0.8514756944444445 0.12805555555555556 0.14212962962962977
1 0.35616319444444444 0.7635127314814815 0.08701388888888886 0.121875
1 0.6581770833333334 0.556394675925926 0.06434027777777765 0.08512731481481488
1 0.7236284722222223 0.5266493055555556 0.0641319444444445 0.07575231481481488
1 0.19598958333333333 0.66484375 0.07222222222222223 0.0885416666666666
1 0.4165277777777778 0.5411458333333334 0.045069444444444426 0.06099537037037024
1 0.26447916666666665 0.5686342592592593 0.06072916666666668 0.06313657407407405
1 0.3464236111111111 0.534375 0.04656250000000002 0.057928240740740836
1 0.4328819444444445 0.4726273148148149 0.033784722222222285 0.044965277777777854
1 0.3384201388888889 0.4730034722222222 0.03527777777777778 0.041898148148148094
1 0.6038715277777778 0.40072337962962956 0.025729166666666713 0.03373842592592595
1 0.36598958333333337 0.42670717592592594 0.028819444444444463 0.03229166666666679
1 0.4537673611111111 0.37583912037037037 0.016076388888888894 0.02089120370370372
1 0.43624999999999997 0.42644675925925923 0.025694444444444464 0.032175925925925955
0 0.40758680555555554 0.38145254629629627 0.048819444444444395 0.08923611111111107
1 0.5498784722222222 0.3714988425925926 0.024305555555555535 0.03993055555555554