2 0.32890625 0.54609375 0.1203125 0.203125
1 0.4203125 0.53984375 0.0375 0.05390625
2 0.4421875 0.39296875 0.02265625 0.04453125
2 0.4109375 0.62421875 0.0546875 0.10390625
1 0.60546875 0.434375 0.0203125 0.034375
1 0.528125 0.39296875 0.01640625 0.028125
1 0.4125 0.44609375 0.02421875 0.03359375
1 0.4078125 0.41171875 0.0171875 0.0234375
1 0.4625 0.415625 0.01796875 0.025
1 0.5546875 0.40390625 0.015625 0.021875
2 0.5578125 0.36640625 0.01484375 0.03359375
1 0.4234375 0.421875 0.0203125 0.03203125
1 0.4765625 0.37578125 0.01328125 0.01796875
1 0.3765625 0.43203125 0.01796875 0.01953125