1 0.0484375 0.86171875 0.09609375 0.13203125
2 0.31640625 0.47421875 0.090625 0.1375
2 0.87578125 0.74453125 0.2484375 0.48046875
1 0.290625 0.6578125 0.06953125 0.084375
1 0.22890625 0.63046875 0.065625 0.075
1 0.6015625 0.58671875 0.0515625 0.084375
1 0.4078125 0.61328125 0.04453125 0.06796875
1 0.43828125 0.49296875 0.0265625 0.0390625
1 0.6265625 0.5328125 0.03359375 0.0515625
1 0.55078125 0.459375 0.0234375 0.034375
1 0.4015625 0.465625 0.02578125 0.03359375
1 0.4171875 0.4390625 0.0203125 0.028125
1 0.528125 0.39296875 0.01484375 0.01953125
1 0.46328125 0.4265625 0.0171875 0.021875
1 0.44453125 0.40546875 0.0140625 0.021875
1 0.46875 0.40546875 0.01328125 0.021875
1 0.57265625 0.409375 0.0171875 0.025
1 0.578125 0.40078125 0.01484375 0.02109375
1 0.421875 0.39296875 0.01328125 0.01953125
1 0.5203125 0.36796875 0.0109375 0.01640625
1 0.48125 0.378125 0.01171875 0.01953125