1 0.897193287037037 0.8764062499999999 0.15017361111111108 0.179826388888889
2 0.8805844907407406 0.6909895833333334 0.20873842592592595 0.4975347222222222
1 0.633738425925926 0.7003645833333334 0.08668981481481489 0.10836805555555565
1 0.6762731481481481 0.6083506944444445 0.07170138888888893 0.0827430555555555
1 0.54453125 0.51015625 0.03761574074074083 0.04690972222222225
1 0.3665509259259259 0.5828472222222223 0.05057870370370372 0.059965277777777715
1 0.5745370370370371 0.4817534722222222 0.03425925925925917 0.04052083333333343
0 0.5772858796296296 0.42866319444444445 0.04438657407407405 0.06125000000000007
2 0.38483796296296297 0.4271527777777777 0.03987268518518512 0.06572916666666657
1 0.5417534722222223 0.41612847222222216 0.01967592592592595 0.025833333333333285
1 0.4885416666666666 0.41611111111111115 0.01637731481481488 0.021006944444444463
1 0.51015625 0.4452430555555556 0.031134259259259167 0.04038194444444443
1 0.4310185185185185 0.4057291666666666 0.013194444444444463 0.01930555555555564
1 0.5205439814814815 0.39718749999999997 0.01637731481481488 0.021006944444444463