2 0.0765625 0.7765625 0.153125 0.4
1 0.2640625 0.69921875 0.078125 0.09609375
1 0.4125 0.55546875 0.0375 0.0609375
1 0.7015625 0.54453125 0.04140625 0.05546875
1 0.36640625 0.721875 0.0765625 0.12890625
1 0.6125 0.509375 0.03125 0.05
1 0.3515625 0.54765625 0.04140625 0.05703125
1 0.3890625 0.434375 0.01953125 0.0265625
2 0.55390625 0.3515625 0.0140625 0.0390625
2 0.28125 0.528125 0.07421875 0.09140625
1 0.4484375 0.471875 0.02421875 0.034375
1 0.4671875 0.39765625 0.01484375 0.02109375
1 0.40625 0.40703125 0.0140625 0.021875
1 0.4390625 0.4 0.01484375 0.025
1 0.41875 0.44453125 0.0234375 0.03046875
2 0.45625 0.421875 0.01953125 0.0375