1 0.6071354166666667 0.7868634259259258 0.1047569444444445 0.1452546296296296
1 0.308125 0.7566608796296296 0.10954861111111107 0.1500115740740741
1 0.787326388888889 0.7770370370370371 0.10586805555555542 0.12496527777777758
1 0.27489583333333334 0.6319907407407408 0.08173611111111115 0.09336805555555543
2 0.31059027777777776 0.4810069444444444 0.07743055555555553 0.1104861111111111
1 0.6549826388888889 0.515005787037037 0.038576388888888855 0.048993055555555644
1 0.6708333333333333 0.5605381944444444 0.04020833333333336 0.05214120370370381
1 0.4138715277777778 0.41927662037037033 0.025694444444444464 0.03162037037037031
1 0.44210069444444444 0.42438078703703697 0.024131944444444463 0.031597222222222145
1 0.46260416666666665 0.4684201388888889 0.025902777777777785 0.04099537037037031
1 0.48569444444444443 0.4179976851851851 0.020937499999999963 0.02842592592592581
1 0.43914930555555554 0.39700231481481485 0.019270833333333216 0.02371527777777782
1 0.5744965277777778 0.40759837962962964 0.016076388888888717 0.02054398148148149
1 0.45758680555555553 0.3832175925925926 0.016076388888888894 0.02054398148148149