1 0.1546875 0.91640625 0.134375 0.16640625
2 0.096875 0.7328125 0.19375 0.4484375
1 0.3875 0.68671875 0.0625 0.090625
1 0.3296875 0.60546875 0.05390625 0.06640625
1 0.4390625 0.48828125 0.02734375 0.040625
1 0.6234375 0.52734375 0.0359375 0.0484375
1 0.4046875 0.46640625 0.025 0.03359375
0 0.3921875 0.415625 0.0296875 0.0515625
2 0.5765625 0.38046875 0.02421875 0.05859375
1 0.42421875 0.39765625 0.0140625 0.02109375
1 0.475 0.38828125 0.0125 0.01796875
1 0.459375 0.4203125 0.02109375 0.034375
1 0.528125 0.36796875 0.01015625 0.01640625
1 0.440625 0.37578125 0.01171875 0.01796875