1 0.1328125 0.92421875 0.1328125 0.1515625
1 0.7125 0.6765625 0.06796875 0.096875
1 0.39765625 0.64453125 0.05625 0.08046875
1 0.20859375 0.653125 0.0765625 0.08046875
1 0.5609375 0.50078125 0.02734375 0.04296875
1 0.44140625 0.471875 0.025 0.0359375
1 0.3625 0.465625 0.02578125 0.0375
1 0.5375 0.43828125 0.01953125 0.02890625
1 0.5796875 0.44765625 0.021875 0.03203125
1 0.52578125 0.39140625 0.0125 0.021875
1 0.45 0.390625 0.01171875 0.01953125
1 0.4734375 0.39296875 0.0125 0.01953125
1 0.4015625 0.41484375 0.0171875 0.0234375
1 0.4140625 0.43828125 0.01953125 0.03203125
1 0.45859375 0.41953125 0.01875 0.021875
1 0.55625 0.40390625 0.01484375 0.021875
1 0.571875 0.38671875 0.0125 0.01796875
1 0.3796875 0.44140625 0.01953125 0.03046875
1 0.5234375 0.37265625 0.01171875 0.01796875
1 0.44765625 0.36953125 0.009375 0.01953125