1 0.5616493055555555 0.8630671296296295 0.101423611111111 0.14032407407407418
1 0.6974131944444444 0.835798611111111 0.10222222222222221 0.12318287037037053
2 0.5702430555555555 0.4408912037037037 0.056805555555555644 0.08438657407407409
1 0.6573784722222221 0.6100983796296295 0.05746527777777786 0.06412037037037024
1 0.6019444444444445 0.6076736111111111 0.054479166666666676 0.06715277777777776
1 0.2986979166666667 0.5486226851851852 0.04802083333333336 0.062280092592592595
1 0.35760416666666667 0.5785300925925926 0.04496527777777777 0.06374999999999993
1 0.5222222222222223 0.5356886574074075 0.03496527777777771 0.049409722222222285
1 0.6191319444444444 0.5377777777777778 0.039444444444444574 0.04486111111111128
1 0.4101388888888889 0.4525752314814815 0.02673611111111107 0.0398032407407408
1 0.49456597222222226 0.43630208333333337 0.02149305555555543 0.027164351851851974
1 0.33357638888888885 0.45030671296296293 0.02815972222222225 0.03672453703703695
1 0.5040104166666668 0.47021990740740743 0.026458333333333427 0.0335532407407408
1 0.38888888888888895 0.43786458333333333 0.023194444444444427 0.030335648148148132
1 0.5199826388888888 0.42766782407407405 0.018368055555555606 0.02707175925925931
1 0.5887673611111112 0.4993287037037037 0.031145833333333428 0.03369212962962962
1 0.54984375 0.49504629629629626 0.027881944444444428 0.030474537037036953
1 0.37515625 0.41242476851851856 0.018368055555555606 0.02707175925925931
1 0.48270833333333335 0.4038773148148148 0.016527777777777787 0.020775462962962975