2 0.24375 0.540625 0.15 0.20546875
1 0.3859375 0.67890625 0.06015625 0.09140625
1 0.3109375 0.61796875 0.059375 0.0890625
1 0.6828125 0.5265625 0.03515625 0.05
1 0.3765625 0.50546875 0.03359375 0.04453125
0 0.3703125 0.43046875 0.04375 0.06953125
1 0.7078125 0.94296875 0.10703125 0.1109375
1 0.43515625 0.515625 0.03125 0.04453125
1 0.5484375 0.44921875 0.02265625 0.03203125
1 0.61953125 0.45703125 0.0234375 0.03046875
1 0.4640625 0.41015625 0.01640625 0.0234375
1 0.4546875 0.44921875 0.02109375 0.03203125
1 0.06328125 0.98984375 0.1109375 0.0203125
1 0.47890625 0.38046875 0.0125 0.01953125
1 0.5671875 0.40390625 0.015625 0.03046875
1 0.41640625 0.40390625 0.015625 0.01953125
1 0.44140625 0.40546875 0.015625 0.01953125
1 0.4484375 0.37265625 0.0109375 0.01796875
1 0.521875 0.3703125 0.01015625 0.015625