1 0.19765625 0.803125 0.1140625 0.1515625
1 0.6421875 0.78046875 0.0796875 0.1390625
2 0.4046875 0.39296875 0.03671875 0.06640625
1 0.39296875 0.66796875 0.0546875 0.08359375
1 0.6109375 0.63203125 0.053125 0.0890625
1 0.259375 0.571875 0.05390625 0.0640625
1 0.4453125 0.48125 0.02734375 0.0375
1 0.3640625 0.5265625 0.0421875 0.0609375
1 0.5671875 0.42890625 0.01953125 0.03046875
1 0.35625 0.46328125 0.02890625 0.03203125
1 0.61484375 0.44921875 0.0234375 0.03203125
1 0.43125 0.41640625 0.01875 0.025
1 0.4015625 0.46328125 0.0296875 0.04609375
1 0.525 0.38828125 0.01328125 0.01796875
1 0.575 0.39296875 0.01328125 0.01953125
2 0.7234375 0.63203125 0.16875 0.296875
1 0.46875 0.396875 0.01484375 0.01796875
2 0.55625 0.36640625 0.0125 0.025
1 0.4453125 0.38203125 0.01171875 0.01953125
1 0.46328125 0.39921875 0.0171875 0.02109375