1 0.33318287037037037 0.628125 0.07374999999999998 0.08692129629629637
1 0.790798611111111 0.4757233796296296 0.07153935185185176 0.07592592592592595
1 0.6732754629629629 0.5536747685185185 0.0674074074074074 0.08512731481481488
1 0.7037152777777778 0.48599537037037044 0.056921296296296296 0.06603009259259274
1 0.5848437499999999 0.4222800925925926 0.03512731481481488 0.04027777777777786
1 0.7007465277777778 0.4226851851851852 0.04515046296296284 0.0515625
1 0.6381539351851853 0.4234375 0.04184027777777786 0.04832175925925917
1 0.43200810185185184 0.45925925925925926 0.03531250000000004 0.04340277777777786
1 0.5851446759259259 0.3745081018518518 0.02675925925925924 0.030613425925925954
1 0.6564293981481482 0.3883101851851852 0.03512731481481488 0.040277777777777767
1 0.6322511574074074 0.37667824074074074 0.03016203703703706 0.03541666666666661
1 0.5981886574074073 0.3567997685185185 0.025011574074074082 0.027430555555555534
1 0.5530266203703704 0.3874421296296296 0.026851851851851904 0.032175925925925955
1 0.4426388888888889 0.38761574074074073 0.020324074074074085 0.027256944444444466
0 0.5472106481481481 0.32893518518518516 0.0459837962962963 0.065625
1 0.5396006944444445 0.37228009259259254 0.023449074074074084 0.027372685185185118
1 0.47630787037037037 0.3480034722222222 0.016736111111111108 0.01932870370370372
1 0.5763541666666667 0.3450810185185185 0.018576388888888927 0.024074074074074046