1 0.15625 0.89296875 0.13203125 0.175
1 0.75625 0.61328125 0.06328125 0.090625
1 0.4078125 0.621875 0.046875 0.07109375
1 0.365625 0.53203125 0.03984375 0.05546875
1 0.3953125 0.48671875 0.02890625 0.040625
1 0.34375 0.490625 0.03203125 0.0375
1 0.4546875 0.434375 0.0203125 0.0265625
1 0.4671875 0.403125 0.01484375 0.021875
1 0.57578125 0.39296875 0.0140625 0.01953125
2 0.0765625 0.746875 0.153125 0.2125
1 0.41171875 0.44453125 0.0171875 0.028125
2 0.44296875 0.36015625 0.0234375 0.04609375
1 0.43515625 0.48984375 0.0328125 0.05390625
1 0.16171875 0.67578125 0.0734375 0.10703125
2 0.5453125 0.33828125 0.01328125 0.0234375
2 0.39921875 0.39140625 0.03125 0.06953125
1 0.3765625 0.440625 0.02109375 0.028125
1 0.44921875 0.39296875 0.0140625 0.01953125
2 0.4765625 0.34765625 0.01484375 0.03203125