1 0.19453125 0.83671875 0.1 0.13203125
1 0.1015625 0.76171875 0.10078125 0.10390625
1 0.725 0.67421875 0.07421875 0.0984375
1 0.34140625 0.55859375 0.046875 0.06640625
1 0.5640625 0.50546875 0.02890625 0.05
1 0.32890625 0.496875 0.0328125 0.0390625
1 0.42578125 0.54921875 0.0359375 0.05390625
1 0.7125 0.95625 0.10078125 0.0875
1 0.5984375 0.4765625 0.0265625 0.0390625
1 0.3734375 0.4515625 0.02109375 0.028125
1 0.39609375 0.41796875 0.015625 0.021875
1 0.565625 0.42421875 0.01796875 0.0234375
2 0.55 0.353125 0.01484375 0.03359375
1 0.4171875 0.44765625 0.02109375 0.03203125
1 0.4625 0.415625 0.0171875 0.025
1 0.52890625 0.40546875 0.0140625 0.01953125
1 0.4390625 0.40703125 0.0140625 0.021875
1 0.46875 0.39765625 0.01328125 0.01796875
1 0.45 0.46015625 0.02421875 0.040625
1 0.5234375 0.37265625 0.0109375 0.01796875