1 0.0671875 0.821875 0.13203125 0.1390625
1 0.8359375 0.83046875 0.12265625 0.1640625
1 0.375 0.72265625 0.06875 0.10390625
1 0.3015625 0.64296875 0.06328125 0.09140625
1 0.75 0.61171875 0.05625 0.06796875
1 0.56875 0.52734375 0.03203125 0.05390625
1 0.2578125 0.58671875 0.05390625 0.065625
1 0.34921875 0.54765625 0.0390625 0.05390625
2 0.4015625 0.44921875 0.0390625 0.07109375
1 0.6421875 0.47421875 0.02890625 0.0375
1 0.4234375 0.540625 0.04296875 0.06640625
1 0.4375 0.48046875 0.0265625 0.0359375
2 0.4234375 0.384375 0.03203125 0.065625
1 0.553125 0.3953125 0.01484375 0.0234375
1 0.52578125 0.38671875 0.0140625 0.02109375
1 0.4640625 0.41171875 0.0171875 0.0234375
1 0.37421875 0.44921875 0.0203125 0.034375
1 0.47578125 0.38671875 0.0125 0.01796875
2 0.4421875 0.39921875 0.01796875 0.02890625
1 0.45 0.45078125 0.0203125 0.03203125
1 0.4234375 0.43671875 0.01796875 0.02890625
2 0.4421875 0.36953125 0.02265625 0.04453125