1 0.68671875 0.88515625 0.1015625 0.20703125
1 0.37421875 0.73671875 0.0703125 0.10703125
1 0.18125 0.67734375 0.08125 0.090625
1 0.65390625 0.55390625 0.0421875 0.0609375
1 0.325 0.509375 0.03671875 0.04296875
1 0.39140625 0.48671875 0.028125 0.0375
1 0.43671875 0.50546875 0.0328125 0.046875
1 0.6140625 0.45078125 0.02265625 0.03203125
1 0.55 0.46171875 0.02578125 0.0375
1 0.0859375 0.9875 0.1109375 0.025
1 0.43984375 0.40234375 0.0171875 0.0234375
1 0.40703125 0.45703125 0.0203125 0.03359375
1 0.5375 0.42265625 0.01953125 0.03203125
1 0.40625 0.4140625 0.01796875 0.028125
1 0.475 0.38515625 0.0125 0.02109375
1 0.575 0.39140625 0.0125 0.01953125
1 0.45390625 0.44453125 0.021875 0.03359375
2 0.546875 0.34921875 0.01328125 0.02890625