2 0.13984375 0.78671875 0.2796875 0.4265625
1 0.6390625 0.70703125 0.06796875 0.13359375
1 0.4265625 0.53671875 0.03359375 0.0515625
1 0.6921875 0.52265625 0.03984375 0.05390625
1 0.3578125 0.46484375 0.02578125 0.034375
1 0.39375 0.48671875 0.03125 0.04609375
1 0.3453125 0.56015625 0.0390625 0.05703125
1 0.55625 0.40234375 0.0140625 0.02109375
1 0.39453125 0.41796875 0.0171875 0.021875
2 0.36875 0.690625 0.08125 0.171875
1 0.46171875 0.41953125 0.0171875 0.025
1 0.4765625 0.38203125 0.0125 0.01953125
1 0.53125 0.37578125 0.01171875 0.01796875
1 0.446875 0.39765625 0.0140625 0.01796875
2 0.4296875 0.378125 0.01796875 0.0359375
1 0.5203125 0.35546875 0.009375 0.01640625