1 0.11640625 0.93359375 0.1359375 0.1328125
1 0.9546875 0.89453125 0.090625 0.18359375
1 0.703125 0.66640625 0.06171875 0.09453125
1 0.2875 0.94921875 0.11171875 0.0984375
1 0.0265625 0.89765625 0.05234375 0.1125
1 0.7375 0.59453125 0.0546875 0.06640625
1 0.2890625 0.64453125 0.05703125 0.075
1 0.4375 0.49921875 0.03046875 0.04609375
1 0.26484375 0.584375 0.05 0.0625
1 0.3671875 0.51171875 0.03359375 0.04609375
1 0.5609375 0.49296875 0.0296875 0.04140625
1 0.425 0.43515625 0.01953125 0.02890625
1 0.4515625 0.44296875 0.01953125 0.03046875
2 0.3859375 0.4265625 0.02734375 0.05
1 0.4703125 0.396875 0.0140625 0.01796875
1 0.38984375 0.47265625 0.025 0.034375
2 0.565625 0.36640625 0.021875 0.05
1 0.525 0.390625 0.0125 0.01953125
2 0.4453125 0.36953125 0.01953125 0.0390625
2 0.48125 0.36484375 0.01328125 0.02890625
1 0.52265625 0.37265625 0.0109375 0.01796875
1 0.5484375 0.39296875 0.015625 0.021875
1 0.5375 0.41171875 0.01953125 0.034375