1 0.1859375 0.84921875 0.11953125 0.15390625
1 0.1734375 0.68046875 0.08359375 0.096875
1 0.940625 0.853125 0.1171875 0.1875
1 0.5765625 0.546875 0.0359375 0.05390625
1 0.3359375 0.56796875 0.04609375 0.0609375
1 0.41953125 0.5765625 0.0421875 0.0609375
1 0.6546875 0.48984375 0.03359375 0.04609375
1 0.55546875 0.47578125 0.0265625 0.04296875
1 0.60546875 0.490625 0.0296875 0.04453125
1 0.3328125 0.49921875 0.02890625 0.04296875
1 0.396875 0.42421875 0.01953125 0.0265625
1 0.45 0.46171875 0.02421875 0.034375
1 0.5984375 0.4265625 0.01796875 0.025
1 0.4375 0.40859375 0.01796875 0.021875
1 0.41328125 0.40546875 0.0171875 0.021875
2 0.478125 0.37421875 0.015625 0.02890625
1 0.525 0.37734375 0.0125 0.02109375
1 0.765625 0.97578125 0.08671875 0.04609375
2 0.3578125 0.71171875 0.09375 0.2015625
1 0.57578125 0.39296875 0.0140625 0.01953125
1 0.45546875 0.4265625 0.0203125 0.028125
1 0.56171875 0.37421875 0.0125 0.01796875