1 0.65 0.79609375 0.08203125 0.15
1 0.26640625 0.67421875 0.08125 0.10390625
1 0.3875 0.63984375 0.05703125 0.084375
1 0.7609375 0.61796875 0.06171875 0.08046875
1 0.2453125 0.60390625 0.06640625 0.08046875
1 0.56328125 0.51171875 0.0296875 0.05390625
1 0.3484375 0.54921875 0.04140625 0.05390625
1 0.646875 0.48671875 0.03046875 0.0484375
1 0.42890625 0.528125 0.0328125 0.053125
1 0.371875 0.44765625 0.0234375 0.03203125
1 0.40625 0.45859375 0.02109375 0.03359375
1 0.4046875 0.41640625 0.01796875 0.021875
1 0.4265625 0.42578125 0.01953125 0.02890625
1 0.453125 0.43671875 0.02109375 0.02890625
1 0.52890625 0.38828125 0.0125 0.02109375
2 0.55859375 0.365625 0.01875 0.03359375
2 0.44375 0.36328125 0.0171875 0.03203125
1 0.4625 0.40234375 0.0171875 0.0265625
1 0.44375 0.378125 0.0125 0.01953125