1 0.6072337962962963 0.7747800925925926 0.10763888888888892 0.15033564814814823
1 0.691579861111111 0.676238425925926 0.09751157407407404 0.1186805555555555
1 0.5190972222222222 0.5357581018518518 0.044791666666666605 0.058356481481481384
1 0.5883101851851852 0.44189236111111113 0.034375 0.04380787037037024
1 0.5366319444444445 0.44612847222222224 0.03101851851851851 0.04052083333333343
1 0.5605613425925926 0.4067534722222222 0.02251157407407405 0.03074074074074069
1 0.34296875 0.42348379629629634 0.022395833333333302 0.029178240740740692
1 0.3841435185185185 0.40344907407407404 0.019039351851851904 0.0258912037037037
1 0.5229456018518519 0.4102604166666667 0.022395833333333216 0.029178240740740692
1 0.4721354166666666 0.3817650462962963 0.01880787037037024 0.0227662037037037
1 0.48512731481481486 0.40599537037037037 0.02262731481481488 0.03230324074074069
2 0.7791087962962964 0.5977662037037037 0.17690972222222215 0.18194444444444446
0 0.5414930555555555 0.3594907407407407 0.03553240740740744 0.059432870370370414
2 0.3961516203703704 0.33589699074074075 0.019270833333333303 0.029016203703703704
1 0.5609375 0.4752199074074074 0.03975694444444446 0.05342592592592599
2 0.5022569444444445 0.44791087962962967 0.039988425925925955 0.05655092592592581