2 0.6578298611111111 0.50078125 0.06652777777777778 0.11520833333333336
1 0.6202256944444444 0.7846354166666666 0.07750000000000004 0.11750000000000008
1 0.6897916666666667 0.7172916666666667 0.0642708333333335 0.0838541666666666
1 0.3680902777777778 0.5823958333333333 0.05486111111111107 0.08166666666666664
1 0.7051909722222222 0.6228645833333333 0.043333333333333356 0.05437499999999993
1 0.5820833333333333 0.5645833333333334 0.03208333333333328 0.039583333333333214
1 0.6197743055555556 0.5584895833333333 0.032013888888888786 0.03645833333333339
1 0.44020833333333337 0.57625 0.038680555555555426 0.055625000000000036
1 0.41015625 0.48505208333333333 0.027256944444444466 0.03302083333333332
1 0.5967013888888889 0.5053124999999999 0.022534722222222213 0.031145833333333428
1 0.5878298611111111 0.48203125 0.016145833333333394 0.024479166666666607
1 0.4501215277777778 0.48223958333333333 0.022604166666666713 0.03427083333333343
1 0.5611979166666666 0.4833854166666667 0.019340277777777713 0.027812499999999928
1 0.49873263888888886 0.4424479166666666 0.014583333333333216 0.02437499999999986
2 0.5506423611111111 0.4302604166666667 0.017847222222222216 0.03083333333333336
1 0.4340451388888889 0.46630208333333334 0.020902777777777715 0.02791666666666668
0 0.18828125 0.6463020833333333 0.19833333333333333 0.28937500000000005
1 0.5555381944444444 0.45640625 0.014513888888888892 0.02124999999999986
1 0.4762326388888889 0.43390625 0.014513888888888892 0.021250000000000036
1 0.5063541666666668 0.4163541666666667 0.011284722222222144 0.016354166666666715