1 0.11796875 0.9390625 0.1484375 0.121875
1 0.35390625 0.74921875 0.075 0.1125
1 0.13125 0.7328125 0.09375 0.0984375
1 0.415625 0.59765625 0.04453125 0.06796875
1 0.34375 0.56171875 0.04765625 0.05703125
1 0.325 0.50546875 0.03203125 0.04140625
1 0.3625 0.46015625 0.025 0.03203125
1 0.55234375 0.46796875 0.0234375 0.04140625
1 0.3921875 0.43046875 0.02109375 0.021875
1 0.56875 0.43203125 0.01796875 0.028125
2 0.565625 0.37265625 0.015625 0.02890625
1 0.4546875 0.44921875 0.021875 0.03203125
1 0.5375 0.384375 0.01328125 0.01796875
1 0.4703125 0.40390625 0.01484375 0.021875