1 0.0609375 0.81640625 0.12109375 0.15859375
1 0.3109375 0.871875 0.1015625 0.15703125
1 0.2890625 0.66015625 0.0671875 0.090625
1 0.7671875 0.63046875 0.06484375 0.08359375
1 0.2984375 0.5375 0.04453125 0.05
1 0.4203125 0.54609375 0.03671875 0.053125
1 0.64375 0.48046875 0.03125 0.04140625
1 0.44375 0.4765625 0.02578125 0.0390625
1 0.3484375 0.478125 0.02734375 0.03359375
2 0.43828125 0.365625 0.0234375 0.0484375
1 0.40546875 0.465625 0.0265625 0.0390625
1 0.571875 0.43828125 0.02109375 0.02890625
1 0.4609375 0.42734375 0.01796875 0.0265625
1 0.40625 0.41328125 0.01875 0.0234375
1 0.4328125 0.41171875 0.0171875 0.0234375
1 0.4703125 0.390625 0.01328125 0.01953125
2 0.55 0.35859375 0.0171875 0.0359375
1 0.52421875 0.36796875 0.0109375 0.01640625
1 0.52734375 0.36796875 0.0109375 0.01640625
1 0.48125 0.37109375 0.01171875 0.01640625
1 0.55703125 0.37421875 0.0109375 0.015625