2 0.28052083333333333 0.6049421296296297 0.23190972222222223 0.33768518518518514
1 0.11756944444444443 0.8305729166666665 0.12750000000000003 0.13017361111111114
1 0.36609375 0.8388136574074074 0.1260416666666666 0.16758101851851848
1 0.3998090277777778 0.5717592592592593 0.051284722222222176 0.06549768518518526
1 0.36895833333333333 0.475925925925926 0.03468749999999998 0.04315972222222229
1 0.4211631944444445 0.4423900462962963 0.029722222222222074 0.03677083333333329
1 0.39656250000000004 0.41659143518518515 0.02142361111111111 0.025601851851851976
1 0.36333333333333334 0.42693865740740744 0.02156250000000002 0.028726851851851976
1 0.40875000000000006 0.3881423611111111 0.019791666666666784 0.023993055555555552
1 0.4944618055555556 0.37311921296296297 0.019861111111111107 0.025555555555555554
1 0.4332465277777778 0.38117476851851856 0.018090277777777785 0.02082175925925931
1 0.5432465277777778 0.36387152777777776 0.019791666666666784 0.023993055555555552
1 0.5122743055555555 0.3585474537037037 0.019791666666666607 0.023993055555555552
2 0.37703125000000004 0.3820601851851852 0.041770833333333354 0.06209490740740744
2 0.4056597222222223 0.35234375 0.02850694444444457 0.04453703703703704
1 0.4404340277777778 0.3598958333333333 0.014965277777777786 0.020729166666666642
1 0.5100520833333333 0.3383275462962963 0.016527777777777787 0.020775462962962975