1 0.9301041666666666 0.8419097222222222 0.03791666666666664 0.17050925925925925
1 0.759375 0.6854398148148148 0.10260416666666679 0.11008101851851855
1 0.21140625000000002 0.6473321759259258 0.08249999999999993 0.08962962962962955
1 0.32255208333333335 0.6082465277777778 0.06645833333333329 0.08326388888888889
1 0.7444270833333333 0.5465567129629629 0.0723958333333334 0.07862268518518523
1 0.5838020833333333 0.5664872685185185 0.059375 0.07071759259259255
1 0.5379687499999999 0.46921875 0.03760416666666657 0.048692129629629655
1 0.5784895833333333 0.4470543981481481 0.035520833333333356 0.040868055555555574
2 0.67234375 0.4565104166666667 0.09552083333333332 0.12096064814814814
2 0.5566666666666666 0.3527314814814815 0.04499999999999993 0.0659259259259259
1 0.5219791666666667 0.41623842592592597 0.025624999999999964 0.03298611111111107
2 0.5483333333333333 0.38402777777777775 0.041458333333333285 0.05965277777777782
1 0.5067708333333333 0.39839120370370373 0.02364583333333332 0.026724537037037078
1 0.4953645833333333 0.37036458333333333 0.0154166666666665 0.02041666666666666
1 0.3894791666666667 0.3891087962962963 0.01708333333333334 0.021990740740740745
2 0.6074479166666666 0.37578125 0.04645833333333336 0.06437500000000007
2 0.6778124999999999 0.3979050925925926 0.06437500000000007 0.0754398148148148
1 0.48708333333333337 0.3540277777777778 0.01541666666666668 0.02041666666666666
2 0.5105208333333333 0.33042824074074073 0.026458333333333427 0.045486111111111074