2 0.72921875 0.5307812500000001 0.16611111111111115 0.23519675925925937
1 0.6325520833333333 0.5415914351851852 0.049861111111111 0.06478009259259246
2 0.5823437499999999 0.39228587962962963 0.032361111111111104 0.05046296296296297
2 0.6586979166666667 0.6279513888888889 0.07763888888888885 0.11986111111111111
1 0.41982638888888885 0.46424768518518517 0.029027777777777784 0.04104166666666664
1 0.49203125 0.4076909722222222 0.022569444444444288 0.03157407407407416
1 0.6225173611111112 0.4417071759259259 0.030520833333333285 0.03793981481481481
1 0.6217013888888889 0.404988425925926 0.02250000000000014 0.028449074074073977
1 0.5649652777777778 0.41911458333333335 0.024097222222222214 0.030034722222222143
1 0.4665972222222223 0.4236979166666666 0.01930555555555564 0.025277777777777642
2 0.4571527777777778 0.3855439814814815 0.021111111111111212 0.036238425925925896
1 0.6071354166666667 0.4177083333333334 0.027395833333333286 0.03789351851851848
1 0.5422048611111111 0.3795949074074074 0.01763888888888889 0.020567129629629654
1 0.657986111111111 0.42008101851851853 0.022395833333333216 0.023761574074073977