2 0.3921875 0.44140625 0.053125 0.13046875
1 0.1140625 0.9515625 0.13828125 0.096875
1 0.7453125 0.603125 0.06015625 0.08046875
1 0.27265625 0.69296875 0.075 0.09140625
1 0.378125 0.68828125 0.06484375 0.090625
1 0.59921875 0.59765625 0.0484375 0.0734375
1 0.63125 0.52578125 0.0375 0.0515625
1 0.29375 0.546875 0.04296875 0.0515625
1 0.42734375 0.528125 0.034375 0.053125
1 0.5734375 0.43828125 0.02109375 0.03203125
1 0.45078125 0.46171875 0.0203125 0.034375
1 0.46875 0.40234375 0.0140625 0.02109375
1 0.53125 0.39453125 0.01328125 0.01953125
1 0.5796875 0.4 0.01484375 0.025
1 0.2046875 0.63359375 0.08359375 0.1109375
1 0.43125 0.38984375 0.0125 0.02109375
1 0.4296875 0.41484375 0.015625 0.0265625
2 0.43984375 0.3640625 0.0171875 0.0390625
1 0.4828125 0.37421875 0.01171875 0.01796875
1 0.5234375 0.359375 0.009375 0.0125