1 0.8741493055555555 0.857349537037037 0.1827430555555555 0.21836805555555544
1 0.8354513888888888 0.6533159722222223 0.10947916666666657 0.11324074074074061
1 0.6073090277777778 0.6947337962962964 0.08427083333333343 0.10725694444444436
1 0.6375694444444445 0.5952893518518518 0.06909722222222214 0.08152777777777764
1 0.33512152777777776 0.5819560185185185 0.04326388888888886 0.06148148148148138
1 0.5884722222222223 0.46667245370370375 0.039583333333333214 0.04881944444444457
1 0.5288541666666667 0.539537037037037 0.04944444444444436 0.060243055555555536
1 0.5484375 0.48652199074074076 0.03788194444444439 0.04561342592592581
1 0.5334722222222222 0.43563078703703706 0.02631944444444443 0.030983796296296263
1 0.4951388888888889 0.48767361111111107 0.03454861111111107 0.040763888888889
1 0.5133506944444445 0.44789930555555557 0.026388888888888927 0.03254629629629626
1 0.4611284722222222 0.42483217592592587 0.02142361111111111 0.02605324074074069
1 0.37657986111111114 0.42436342592592596 0.018159722222222285 0.0227662037037037
1 0.44171875000000005 0.4034664351851852 0.018159722222222285 0.0227662037037037
1 0.48340277777777774 0.39936342592592594 0.018159722222222285 0.0227662037037037
1 0.47765625 0.4053298611111112 0.02142361111111111 0.02605324074074069