1 0.68125 0.8175925925925925 0.12121527777777778 0.14027777777777786
1 0.26722222222222225 0.5683738425925926 0.08122685185185183 0.1075810185185185
1 0.8525462962962962 0.9361111111111111 0.0706018518518519 0.06504629629629619
1 0.22490740740740742 0.521556712962963 0.0729976851851852 0.09322916666666678
1 0.5532523148148147 0.6600115740740741 0.07152777777777786 0.09629629629629619
2 0.7667824074074074 0.6700520833333334 0.170451388888889 0.22170138888888893
1 0.6639872685185185 0.5310474537037037 0.05175925925925924 0.06122685185185191
1 0.6069502314814814 0.559693287037037 0.0565393518518519 0.06452546296296298
1 0.6338310185185185 0.4689525462962963 0.037280092592592594 0.046643518518518515
1 0.5385648148148148 0.47092013888888895 0.034062499999999926 0.04340277777777786
1 0.43896412037037036 0.43480902777777775 0.030891203703703594 0.041724537037037025
1 0.5695023148148148 0.4276331018518519 0.02923611111111111 0.038541666666666786
1 0.600318287037037 0.4147858796296296 0.024224537037036954 0.027430555555555715
1 0.5370138888888889 0.4179108796296296 0.02431712962962962 0.030555555555555714
0 0.3701099537037037 0.38819444444444445 0.05700231481481488 0.08015046296296298
1 0.448125 0.3626736111111111 0.019444444444444466 0.024131944444444463
1 0.531712962962963 0.3861111111111111 0.021053240740740796 0.02575231481481479
1 0.5537731481481482 0.37905092592592593 0.017835648148148132 0.02251157407407405
1 0.43516782407407406 0.35222800925925923 0.016226851851851798 0.02089120370370372