1 0.3514641203703704 0.9400752314814815 0.11062499999999993 0.11984953703703702
1 0.9984895833333333 0.9534432870370371 0.0030208333333334282 0.09311342592592595
1 0.23125 0.850462962962963 0.11752314814814815 0.14155092592592594
1 0.3346527777777778 0.6484953703703704 0.06234953703703701 0.0787037037037038
1 0.15037037037037035 0.7484664351851851 0.09783564814814812 0.0987268518518519
2 0.10511574074074073 0.8793113425925926 0.11986111111111111 0.2336226851851851
1 0.4373495370370371 0.6187789351851851 0.04892361111111114 0.06261574074074083
2 0.39596064814814813 0.44652777777777775 0.05206018518518522 0.08923611111111107
1 0.6901909722222223 0.6102141203703704 0.04414351851851848 0.06087962962962976
1 0.6949884259259259 0.5464699074074074 0.03890046296296301 0.05133101851851851
1 0.41235532407407405 0.5258680555555555 0.030347222222222213 0.038541666666666786
1 0.4365972222222222 0.47453703703703703 0.023726851851851905 0.03206018518518512
1 0.3514641203703704 0.5243923611111111 0.03384259259259252 0.044907407407407264
1 0.4785069444444444 0.47141203703703705 0.023726851851851905 0.03206018518518512
1 0.49071759259259257 0.4406828703703704 0.01692129629629626 0.02245370370370381
2 0.4472743055555556 0.40477430555555555 0.03964120370370381 0.06383101851851851
1 0.45969907407407407 0.44343171296296297 0.020046296296296263 0.022569444444444465
1 0.5021469907407408 0.4099247685185185 0.015173611111111106 0.019270833333333393
1 0.5490162037037036 0.3984085648148148 0.01195601851851862 0.01759259259259256
1 0.579670138888889 0.402662037037037 0.01195601851851862 0.01759259259259256