1 0.0984375 0.8380208333333334 0.15625 0.20422453703703702
1 0.36796875 0.6105034722222222 0.0578125 0.09432870370370364
1 0.5671875 0.6381944444444445 0.059375 0.09438657407407405
1 0.30703125 0.5355902777777779 0.0578125 0.07245370370370381
1 0.29296875 0.4796006944444445 0.0390625 0.05457175925925917
1 0.3828125 0.44855324074074077 0.0296875 0.03859953703703702
1 0.64296875 0.48943865740740744 0.0453125 0.07980324074074083
0 0.5953125 0.40876736111111106 0.04375 0.07349537037037024
1 0.3765625 0.39675925925925926 0.0234375 0.028993055555555536
1 0.5375 0.4761574074074074 0.03125 0.046469907407407265
1 0.57265625 0.4532407407407407 0.028125 0.036979166666666605
1 0.45703125 0.3872395833333333 0.0171875 0.024074074074074046
1 0.43203125 0.43475115740740744 0.025 0.03686342592592595
0 0.565625 0.37485532407407407 0.025 0.046238425925925954
1 0.521875 0.3974537037037037 0.021875 0.03049768518518512
1 0.41640625 0.3935474537037037 0.0203125 0.027314814814814792
1 0.52890625 0.42349537037037044 0.0203125 0.02887731481481488
1 0.7796875 0.7085648148148148 0.103125 0.13038194444444445
2 0.75859375 0.6585648148148149 0.1640625 0.23107638888888893
2 0.7296875 0.6129629629629629 0.0953125 0.13478009259259255
1 0.51953125 0.3668981481481482 0.0140625 0.02083333333333339