1 0.6723553240740741 0.9305208333333332 0.12259259259259263 0.13895833333333343
1 0.5720254629629629 0.6444270833333333 0.054166666666666786 0.07364583333333333
1 0.6535127314814815 0.6326041666666666 0.05857638888888879 0.06927083333333321
1 0.2845486111111111 0.5719270833333333 0.043773148148148165 0.05583333333333336
1 0.5482638888888889 0.5424479166666666 0.03549768518518519 0.04750000000000014
1 0.6036400462962963 0.5477083333333332 0.037245370370370526 0.050729166666666714
1 0.38547453703703705 0.56296875 0.04423611111111114 0.06364583333333336
1 0.6469849537037037 0.5309895833333333 0.03531250000000004 0.04437499999999996
1 0.6032581018518519 0.4747395833333334 0.023634259259259237 0.031145833333333428
1 0.5294502314814815 0.47609375 0.025289351851851903 0.0328125
1 0.5140277777777778 0.43192708333333335 0.015266203703703596 0.021250000000000036
1 0.3952025462962963 0.4914583333333333 0.03412037037037034 0.050520833333333216
2 0.8165972222222223 0.7520833333333334 0.31273148148148167 0.49583333333333324
1 0.38202546296296297 0.46234374999999994 0.02207175925925924 0.03104166666666668
1 0.5509664351851852 0.4571354166666667 0.021886574074074083 0.02791666666666668
1 0.5763368055555556 0.4525520833333333 0.02013888888888893 0.024687499999999928
1 0.43130787037037044 0.42484374999999996 0.015173611111111285 0.019687499999999858
1 0.4497280092592593 0.4448958333333334 0.022256944444444572 0.03416666666666668
2 0.43624421296296295 0.38125 0.017476851851851903 0.0322916666666667