1 0.8328125 0.709375 0.0859375 0.1140625
1 0.3984375 0.61796875 0.04765625 0.078125
1 0.7359375 0.57734375 0.06171875 0.07890625
1 0.3515625 0.55859375 0.0453125 0.05546875
1 0.4078125 0.415625 0.01640625 0.025
1 0.55703125 0.40546875 0.0140625 0.021875
1 0.10625 0.9875 0.1 0.025
2 0.5578125 0.36171875 0.015625 0.034375
1 0.4609375 0.43671875 0.01640625 0.02890625
2 0.44140625 0.46171875 0.03125 0.065625
1 0.4703125 0.39921875 0.01484375 0.02109375
1 0.4375 0.41796875 0.01953125 0.025
1 0.434375 0.403125 0.0171875 0.0234375
2 0.346875 0.46328125 0.04609375 0.0765625