2 0.190625 0.596875 0.20703125 0.27109375
1 0.6640625 0.796875 0.0859375 0.1484375
1 0.21171875 0.81171875 0.1015625 0.12109375
1 0.3703125 0.73671875 0.0640625 0.10703125
1 0.3359375 0.58203125 0.04765625 0.06640625
1 0.5734375 0.52890625 0.03203125 0.05546875
1 0.43046875 0.51640625 0.0296875 0.04453125
1 0.4453125 0.46875 0.025 0.0375
1 0.575 0.440625 0.01953125 0.03046875
1 0.609375 0.434375 0.01875 0.0265625
1 0.4078125 0.45546875 0.021875 0.03046875
1 0.43125 0.41796875 0.01953125 0.028125
1 0.3875 0.43046875 0.01875 0.025
1 0.41015625 0.40859375 0.015625 0.021875
1 0.46171875 0.42734375 0.01875 0.0265625
1 0.5453125 0.38046875 0.01171875 0.01640625
1 0.46953125 0.403125 0.0140625 0.021875
2 0.4515625 0.37890625 0.0203125 0.0359375