1 0.94375 0.8828125 0.1125 0.1734375
1 0.35625 0.78203125 0.07734375 0.11953125
1 0.23671875 0.74296875 0.0796875 0.103125
2 0.3984375 0.4015625 0.0421875 0.071875
1 0.3 0.54453125 0.04453125 0.053125
1 0.35 0.54765625 0.04375 0.05703125
1 0.63125 0.528125 0.0375 0.053125
1 0.575 0.54765625 0.03359375 0.05390625
1 0.43046875 0.49140625 0.0265625 0.04140625
1 0.34375 0.48359375 0.03046875 0.0359375
1 0.54140625 0.42890625 0.0203125 0.03359375
1 0.4671875 0.40546875 0.01640625 0.021875
1 0.6109375 0.43515625 0.02109375 0.03203125
1 0.4546875 0.43515625 0.0203125 0.02890625
1 0.56328125 0.41796875 0.0171875 0.025
1 0.4453125 0.39453125 0.01484375 0.021875
1 0.375 0.45234375 0.02421875 0.02890625
1 0.4109375 0.45234375 0.02109375 0.0265625
1 0.578125 0.39609375 0.01484375 0.021875
1 0.48203125 0.378125 0.0125 0.01640625