2 0.2046875 0.71171875 0.296875 0.49296875
1 0.3953125 0.63515625 0.04765625 0.0734375
1 0.44140625 0.47890625 0.0265625 0.0359375
1 0.0203125 0.9 0.040625 0.1
1 0.378125 0.503125 0.02734375 0.04140625
1 0.43828125 0.409375 0.0171875 0.0234375
1 0.4203125 0.43515625 0.01796875 0.0234375
2 0.4078125 0.38828125 0.028125 0.059375
1 0.38203125 0.43671875 0.01875 0.0265625
1 0.5671875 0.384375 0.01171875 0.01796875
1 0.528125 0.37890625 0.01171875 0.01953125
2 0.44296875 0.36171875 0.025 0.0484375
1 0.46875 0.40390625 0.01484375 0.021875
1 0.48125 0.37734375 0.0125 0.02109375