1 0.19770833333333332 0.9403877314814814 0.16081018518518517 0.11922453703703724
1 0.825457175925926 0.6894386574074074 0.10887731481481495 0.1294560185185185
1 0.5294733796296296 0.5245081018518519 0.043773148148148165 0.055532407407407544
1 0.6260358796296297 0.5090625 0.042025462962962834 0.05231481481481488
1 0.5612615740740742 0.45112847222222224 0.03761574074074083 0.05672453703703706
1 0.33977430555555554 0.4975868055555555 0.03200231481481479 0.04082175925925924
1 0.3666145833333333 0.49447337962962956 0.030347222222222213 0.03916666666666657
2 0.21751157407407407 0.6424363425925925 0.12322916666666668 0.1614467592592593
1 0.4162152777777778 0.4644849537037037 0.025196759259259238 0.031076388888888928
1 0.3594618055555555 0.4564178240740741 0.024918981481481417 0.026388888888888927
1 0.39936342592592594 0.43134259259259267 0.018483796296296262 0.02289351851851862
1 0.4034548611111111 0.5342881944444444 0.045798611111111144 0.06343750000000004
2 0.49383101851851857 0.37186921296296294 0.022256944444444572 0.03401620370370369
1 0.41999421296296297 0.4404050925925926 0.020046296296296263 0.022986111111111106
2 0.815804398148148 0.9011979166666666 0.23951388888888872 0.19760416666666672
1 0.3750983796296296 0.4306886574074074 0.021793981481481418 0.026203703703703774
2 0.38678819444444446 0.6038599537037037 0.07716435185185189 0.11979166666666678
1 0.48605324074074074 0.3972800925925926 0.015081018518518442 0.018020833333333375