1 0.196875 0.64140625 0.07578125 0.08359375
1 0.65078125 0.81171875 0.0796875 0.14296875
1 0.29921875 0.6390625 0.0578125 0.075
1 0.4 0.60546875 0.04921875 0.06953125
1 0.31875 0.50703125 0.03671875 0.04453125
1 0.6578125 0.490625 0.03359375 0.0484375
1 0.359375 0.53359375 0.0375 0.053125
1 0.403125 0.41328125 0.01640625 0.0234375
1 0.43125 0.49296875 0.03046875 0.04453125
2 0.46640625 0.396875 0.015625 0.02890625
1 0.4109375 0.44765625 0.0203125 0.03203125
2 0.5609375 0.39296875 0.02265625 0.04453125
1 0.5234375 0.378125 0.0109375 0.01640625
1 0.44375 0.39609375 0.01328125 0.021875
2 0.5453125 0.34296875 0.01328125 0.028125
2 0.425 0.38046875 0.01953125 0.03359375
2 0.484375 0.36328125 0.01328125 0.02890625