1 0.1828125 0.85703125 0.12109375 0.1609375
1 0.1453125 0.72265625 0.1 0.1015625
1 0.6203125 0.68203125 0.05859375 0.10546875
1 0.2984375 0.63359375 0.05859375 0.075
1 0.6421875 0.546875 0.04375 0.05703125
1 0.440625 0.48125 0.0265625 0.0375
1 0.4234375 0.528125 0.03359375 0.046875
1 0.65390625 0.49453125 0.0296875 0.0390625
1 0.39765625 0.62890625 0.059375 0.1
1 0.459375 0.43046875 0.01796875 0.025
1 0.60625 0.43046875 0.01953125 0.028125
1 0.54375 0.44453125 0.0203125 0.03359375
1 0.40703125 0.45390625 0.0203125 0.03046875
1 0.346875 0.48203125 0.02734375 0.0390625
1 0.47109375 0.39765625 0.0140625 0.02109375
0 0.4078125 0.39140625 0.0296875 0.05859375
1 0.43125 0.41484375 0.01875 0.02890625
1 0.5234375 0.37265625 0.01171875 0.01796875
1 0.5453125 0.378125 0.01171875 0.01953125
0 0.4359375 0.37421875 0.02109375 0.04609375
1 0.4453125 0.39296875 0.0140625 0.01953125