1 0.33671875 0.834375 0.0953125 0.14609375
2 0.80625 0.60390625 0.20859375 0.31640625
1 0.4046875 0.58671875 0.04140625 0.0625
1 0.2515625 0.590625 0.05390625 0.0609375
1 0.7125 0.69921875 0.06796875 0.109375
1 0.43046875 0.50546875 0.0328125 0.05
2 0.0265625 0.82890625 0.053125 0.29453125
1 0.3359375 0.49296875 0.034375 0.05
2 0.3875 0.41171875 0.03671875 0.06796875
1 0.39453125 0.471875 0.025 0.0359375
1 0.3625 0.46171875 0.025 0.03203125
1 0.625 0.45546875 0.02109375 0.03359375
1 0.425 0.428125 0.01796875 0.0265625
1 0.596875 0.42109375 0.01875 0.025
1 0.45625 0.44296875 0.01953125 0.028125
1 0.5265625 0.37890625 0.0109375 0.01640625
1 0.46171875 0.41484375 0.01875 0.0234375