2 0.3046875 0.565625 0.13359375 0.246875
1 0.04140625 0.8890625 0.08125 0.1359375
1 0.1796875 0.67109375 0.07578125 0.0859375
1 0.37890625 0.71640625 0.0671875 0.10546875
1 0.6421875 0.54921875 0.04140625 0.0625
1 0.5625 0.43671875 0.01875 0.03203125
1 0.39375 0.48046875 0.02421875 0.0359375
1 0.41171875 0.40234375 0.0140625 0.02109375
1 0.0671875 0.96796875 0.13359375 0.0609375
2 0.4296875 0.50078125 0.03984375 0.08203125
1 0.46875 0.39453125 0.01328125 0.01953125
1 0.38671875 0.43046875 0.0171875 0.025
1 0.525 0.378125 0.01171875 0.01953125
1 0.41953125 0.43984375 0.0234375 0.034375
1 0.5515625 0.39140625 0.01484375 0.021875
1 0.44765625 0.45546875 0.021875 0.0359375
1 0.57109375 0.38671875 0.0140625 0.02109375
1 0.48515625 0.36796875 0.0109375 0.01640625
1 0.521875 0.359375 0.009375 0.015625
2 0.4390625 0.37109375 0.01640625 0.0359375