2 0.8082986111111111 0.8539699074074074 0.2773611111111112 0.2920601851851853
1 0.5875347222222222 0.7390104166666667 0.09795138888888885 0.13515046296296288
1 0.16215277777777776 0.6871701388888889 0.11597222222222223 0.15491898148148148
1 0.5653472222222222 0.60375 0.0594444444444445 0.07520833333333332
1 0.6677430555555556 0.6615162037037037 0.08208333333333329 0.09369212962962958
1 0.37835069444444447 0.5636863425925925 0.05986111111111114 0.08458333333333332
2 0.6083333333333334 0.4472858796296296 0.08565972222222236 0.13909722222222226
1 0.4323090277777778 0.4423379629629629 0.03149305555555557 0.04238425925925924
1 0.5561631944444445 0.47552662037037036 0.03631944444444457 0.04578703703703706
1 0.6631770833333334 0.4998842592592593 0.04107638888888889 0.04762731481481488
2 0.6389236111111112 0.4287326388888889 0.06368055555555543 0.10039351851851848
1 0.38446180555555554 0.3909375 0.028020833333333252 0.03438657407407408
1 0.4677604166666667 0.38490740740740736 0.023194444444444427 0.030983796296296263
2 0.4341145833333334 0.3312152777777778 0.030486111111111214 0.05479166666666666
1 0.43015625 0.38502893518518516 0.023194444444444427 0.030983796296296263
1 0.5473784722222221 0.4264409722222222 0.02809027777777793 0.035949074074074085
1 0.5781944444444445 0.4204340277777778 0.02482638888888893 0.032638888888888926
1 0.5411284722222222 0.3908217592592592 0.01993055555555543 0.027673611111111107
1 0.5760416666666666 0.39837384259259256 0.02149305555555543 0.027766203703703685
1 0.43170138888888887 0.3678877314814815 0.019930555555555608 0.027673611111111107
1 0.48753472222222227 0.3453472222222222 0.018159722222222285 0.02289351851851853