1 0.22526041666666669 0.79125 0.11125000000000007 0.11564814814814817
1 0.3607986111111111 0.6550289351851852 0.08406250000000001 0.10079861111111103
1 0.3433333333333334 0.5436805555555555 0.049236111111111036 0.05451388888888893
2 0.4094270833333334 0.3938715277777778 0.04503472222222218 0.06531249999999993
1 0.4563715277777778 0.5700578703703704 0.051284722222222176 0.06549768518518526
1 0.6814409722222223 0.4593460648148149 0.04454861111111121 0.05437499999999993
1 0.4062673611111111 0.4987905092592593 0.03788194444444439 0.04481481481481477
1 0.6058506944444444 0.448287037037037 0.039583333333333214 0.047986111111111104
1 0.43902777777777774 0.40864004629629636 0.019861111111111107 0.025555555555555644
1 0.38645833333333335 0.45791666666666675 0.02802083333333334 0.033599537037036956
1 0.5267534722222222 0.39352430555555556 0.02312499999999993 0.02877314814814813
1 0.5850694444444444 0.3855381944444444 0.02312499999999993 0.02877314814814813
2 0.547638888888889 0.35300925925925924 0.023333333333333428 0.03346064814814813
1 0.42289930555555555 0.45057870370370373 0.03298611111111107 0.039988425925925955
1 0.4613541666666666 0.4533506944444444 0.03142361111111107 0.03994212962962962
1 0.4661458333333333 0.38515046296296296 0.016527777777777787 0.020775462962962975
1 0.51484375 0.3719733796296296 0.016527777777777787 0.020775462962962975
2 0.46651041666666665 0.34054976851851854 0.023263888888888928 0.031898148148148134