2 0.16484375 0.75703125 0.3296875 0.48359375
1 0.34140625 0.79140625 0.0828125 0.125
1 0.596875 0.46953125 0.0265625 0.04140625
1 0.6421875 0.47421875 0.0296875 0.040625
1 0.3328125 0.48515625 0.03046875 0.04609375
1 0.384375 0.48828125 0.0296875 0.04296875
1 0.4703125 0.38984375 0.01484375 0.02109375
1 0.56875 0.38671875 0.0125 0.02109375
1 0.403125 0.45859375 0.02265625 0.03359375
1 0.3859375 0.434375 0.01953125 0.03203125
1 0.453125 0.446875 0.02265625 0.0359375
2 0.4265625 0.4140625 0.02890625 0.053125
2 0.45 0.36953125 0.025 0.05
1 0.52265625 0.36640625 0.0109375 0.01640625
2 0.55 0.35546875 0.01484375 0.0390625