1 0.2302662037037037 0.8957118055555556 0.1369212962962963 0.1798379629629629
1 0.609375 0.7015219907407408 0.07820601851851858 0.1154745370370371
1 0.1189699074074074 0.7157523148148148 0.1033912037037037 0.1294560185185185
1 0.6582638888888889 0.5628067129629629 0.05255787037037045 0.0702430555555555
1 0.9045891203703704 0.7433506944444445 0.0659837962962964 0.1334837962962963
2 0.6372800925925926 0.3985706018518519 0.07358796296296291 0.11988425925925927
1 0.7396180555555556 0.5509606481481482 0.06195601851851844 0.07236111111111114
1 0.35530092592592594 0.4644560185185185 0.033506944444444464 0.04881944444444457
1 0.5431886574074074 0.47986111111111107 0.03663194444444447 0.04900462962962955
1 0.5936168981481481 0.44799189814814816 0.03513888888888879 0.05359953703703706
1 0.3718518518518518 0.4010300925925926 0.022337962962962976 0.03254629629629626
2 0.7979050925925926 0.7262557870370371 0.18240740740740743 0.29961805555555543
1 0.4450520833333334 0.360005787037037 0.014386574074073977 0.022708333333333285
1 0.409537037037037 0.38630787037037034 0.017604166666666643 0.02914351851851853
1 0.5046006944444444 0.34476851851851853 0.014340277777777822 0.019583333333333286
1 0.567806712962963 0.3987847222222222 0.025462962962962975 0.03273148148148142
1 0.42163773148148154 0.3598321759259259 0.015949074074073977 0.022800925925925954
1 0.5190277777777779 0.3720138888888889 0.01912037037037031 0.026111111111111106
0 0.5770486111111112 0.35452546296296295 0.030567129629629618 0.061134259259259235
1 0.3990625 0.3557060185185185 0.0143634259259259 0.021145833333333287
1 0.546880787037037 0.3360185185185185 0.01592592592592599 0.021238425925925952
1 0.5247337962962962 0.40836226851851853 0.02394675925925931 0.03576388888888893
1 0.4149305555555555 0.33837384259259257 0.01280092592592581 0.021053240740740796
1 0.4924247685185185 0.32363425925925926 0.012800925925925988 0.021053240740740796