1 0.29765625 0.91640625 0.11875 0.16640625
1 0.946875 0.88671875 0.10625 0.18203125
1 0.2078125 0.81171875 0.11015625 0.134375
1 0.3796875 0.696875 0.0625 0.084375
2 0.35625 0.440625 0.04921875 0.0890625
1 0.31015625 0.51640625 0.0390625 0.04453125
1 0.428125 0.51796875 0.03203125 0.04453125
1 0.5453125 0.465625 0.02265625 0.0359375
1 0.42890625 0.421875 0.0203125 0.025
1 0.61953125 0.509375 0.0296875 0.05
1 0.5375 0.41796875 0.01796875 0.025
1 0.52578125 0.38671875 0.0125 0.01796875
2 0.375 0.496875 0.08203125 0.1234375
1 0.4609375 0.41953125 0.01796875 0.025
1 0.45 0.4578125 0.02421875 0.034375
1 0.471875 0.39296875 0.0125 0.01953125
1 0.553125 0.396875 0.01484375 0.02109375
2 0.5609375 0.365625 0.0171875 0.0390625
1 0.4109375 0.40859375 0.01484375 0.021875
1 0.58046875 0.40234375 0.0140625 0.0234375
1 0.4375 0.38671875 0.0125 0.01796875
1 0.52109375 0.36640625 0.0109375 0.0140625