1 0.9702604166666667 0.7596354166666666 0.05947916666666657 0.15572916666666678
1 0.729375 0.7941666666666667 0.11812500000000004 0.16187500000000005
1 0.448125 0.5775 0.05177083333333332 0.0765625
1 0.34671874999999996 0.64546875 0.07072916666666665 0.10427083333333335
1 0.6986979166666666 0.45171875000000006 0.03895833333333343 0.04770833333333328
1 0.41390625 0.48796875 0.03604166666666657 0.05062499999999996
1 0.6688541666666666 0.41604166666666664 0.031874999999999966 0.034791666666666644
1 0.6295833333333334 0.42729166666666674 0.03229166666666661 0.04104166666666664
1 0.6040104166666667 0.47921874999999997 0.03583333333333325 0.047499999999999966
1 0.58 0.42510416666666667 0.028958333333333287 0.03770833333333332
1 0.6347395833333334 0.3869270833333333 0.021875 0.024791666666666677
1 0.5766666666666667 0.36333333333333334 0.01875 0.024583333333333356
1 0.4582812499999999 0.3884895833333334 0.020416666666666573 0.026250000000000016
1 0.4825520833333334 0.4111979166666667 0.022187500000000072 0.029479166666666678
1 0.5528645833333333 0.3711979166666667 0.01875 0.024583333333333356
1 0.4897916666666666 0.37854166666666667 0.01875 0.024583333333333356
1 0.5730729166666666 0.40359375000000003 0.023958333333333214 0.03270833333333325
1 0.5733854166666668 0.33765625000000005 0.015312499999999929 0.019687500000000035