1 0.25203125000000004 0.8974479166666667 0.1538541666666667 0.20510416666666664
1 0.8488020833333334 0.8086979166666666 0.10666666666666665 0.13000000000000006
1 0.9516927083333332 0.7786979166666667 0.09661458333333357 0.12249999999999979
1 0.6545833333333333 0.6370833333333333 0.05645833333333332 0.07687500000000007
1 0.7127604166666667 0.5297395833333333 0.0421875 0.04947916666666678
1 0.7477604166666667 0.6347395833333334 0.06104166666666675 0.07562500000000014
1 0.66734375 0.52515625 0.0423958333333335 0.052604166666666785
1 0.38755208333333335 0.5049479166666666 0.03760416666666666 0.050729166666666714
2 0.6200520833333334 0.41078125 0.04343749999999993 0.06822916666666679
1 0.5969270833333333 0.48390625 0.025729166666666713 0.0359375
1 0.44703125000000005 0.48713541666666665 0.030729166666666786 0.04093750000000007
1 0.46984375 0.4559895833333333 0.022291666666666644 0.03104166666666668
1 0.6730208333333334 0.48197916666666674 0.027291666666666714 0.03604166666666657
1 0.6096354166666667 0.4528645833333334 0.02385416666666664 0.031145833333333428
1 0.6446354166666667 0.4528645833333333 0.025208333333333322 0.028125
1 0.4729166666666666 0.5370833333333334 0.04656249999999993 0.06843749999999993
1 0.4338020833333333 0.4403645833333334 0.02052083333333332 0.027812499999999928
1 0.5689062500000001 0.4369270833333333 0.0220833333333335 0.02791666666666668
1 0.45161458333333326 0.4158854166666666 0.018645833333333427 0.02302083333333336
1 0.5549479166666667 0.41421875 0.015520833333333428 0.022812499999999857