1 0.91328125 0.7591840277777777 0.12401620370370381 0.14482638888888885
1 0.5887152777777779 0.6557986111111112 0.06886574074074084 0.08895833333333343
1 0.780005787037037 0.6209548611111112 0.07638888888888892 0.0813194444444445
1 0.6788483796296296 0.6288715277777778 0.07662037037037024 0.0875694444444445
2 0.54921875 0.41331597222222227 0.05833333333333339 0.09965277777777785
1 0.6660590277777778 0.5097395833333334 0.05225694444444447 0.06204861111111111
1 0.5342013888888889 0.5021180555555556 0.03611111111111107 0.04763888888888897
1 0.6010127314814815 0.45043402777777775 0.029398148148148097 0.03499999999999996
1 0.5780092592592593 0.4804166666666667 0.03420138888888893 0.03822916666666672
1 0.33382523148148147 0.48671875 0.029456018518518513 0.03656249999999996
1 0.3799479166666667 0.48696180555555557 0.03142361111111107 0.047534722222222214
1 0.5066550925925926 0.44364583333333335 0.022974537037037022 0.030173611111111144
1 0.4919560185185185 0.39718749999999997 0.01799768518518512 0.022256944444444392
1 0.5205150462962963 0.4072048611111111 0.016493055555555535 0.023784722222222145
1 0.39510995370370366 0.43647569444444445 0.02285879629629628 0.02704861111111114
2 0.5019386574074074 0.35987847222222225 0.026793981481481488 0.048993055555555554
1 0.39415509259259257 0.39892361111111113 0.011631944444444464 0.018993055555555572
2 0.4137731481481481 0.35479166666666667 0.015277777777777857 0.03312499999999998