1 0.06853587962962962 0.872366898148148 0.13707175925925924 0.2103587962962962
1 0.6444328703703703 0.9207175925925926 0.13099537037037035 0.15856481481481488
1 0.37115740740740744 0.59828125 0.05423611111111111 0.07814814814814816
1 0.6234027777777778 0.5670949074074074 0.049409722222222285 0.06849537037037035
1 0.4215509259259259 0.4691203703703703 0.031874999999999966 0.044039351851851906
1 0.34704282407407405 0.4842534722222222 0.03980324074074071 0.05231481481481488
1 0.30046875 0.4611631944444444 0.035069444444444466 0.04891203703703706
1 0.43062500000000004 0.3844270833333333 0.01755787037037031 0.02601851851851853
1 0.5416319444444444 0.491875 0.03516203703703695 0.05516203703703706
1 0.599519675925926 0.4374421296296296 0.025532407407407476 0.037418981481481595
1 0.36929398148148146 0.40737847222222223 0.025462962962962975 0.03273148148148142
1 0.39935185185185185 0.38413773148148145 0.020706018518518478 0.027766203703703685
1 0.5310937499999999 0.41149305555555554 0.019166666666666644 0.02923611111111111
1 0.4059085648148148 0.41658564814814814 0.02704861111111114 0.03438657407407408
1 0.5553587962962963 0.4098032407407407 0.017534722222222143 0.02445601851851862
1 0.45296875 0.4068634259259259 0.023900462962962978 0.032638888888888926
1 0.46917245370370375 0.36872685185185183 0.015972222222222145 0.02436342592592595
1 0.5260416666666666 0.3830439814814815 0.015949074074073977 0.022800925925925954
2 0.6978414351851852 0.5566493055555556 0.0767129629629629 0.12006944444444442
2 0.45558449074074076 0.3358622685185185 0.0241087962962963 0.04670138888888893
1 0.5689525462962963 0.38949652777777777 0.015949074074073977 0.022800925925925954