1 0.3421875 0.80546875 0.10390625 0.21953125
1 0.0546875 0.828125 0.1078125 0.1390625
1 0.2578125 0.71171875 0.08203125 0.1015625
1 0.39453125 0.64296875 0.05 0.078125
2 0.5625 0.36640625 0.01875 0.04140625
1 0.346875 0.55859375 0.04453125 0.05546875
1 0.43125 0.53359375 0.03203125 0.046875
1 0.55234375 0.46796875 0.0265625 0.04140625
1 0.6515625 0.48515625 0.02890625 0.04296875
1 0.44453125 0.46328125 0.0234375 0.03203125
1 0.3640625 0.459375 0.025 0.03203125
1 0.33515625 0.49921875 0.03125 0.040625
1 0.4671875 0.41171875 0.01640625 0.0234375
1 0.3859375 0.4375 0.01875 0.025
1 0.4359375 0.41328125 0.01484375 0.0234375
1 0.41875 0.39921875 0.01328125 0.02109375
1 0.415625 0.44921875 0.0203125 0.03203125
1 0.553125 0.415625 0.0171875 0.0265625
2 0.2578125 0.55546875 0.07265625 0.10859375
1 0.58125 0.40234375 0.01484375 0.02109375
1 0.5390625 0.3828125 0.0125 0.015625
1 0.440625 0.38046875 0.0125 0.01953125
1 0.47578125 0.38203125 0.0125 0.01953125