1 0.2166724537037037 0.6765914351851852 0.08509259259259264 0.1
1 0.31740162037037034 0.6732928240740741 0.07096064814814813 0.09010416666666679
1 0.3555613425925926 0.5528645833333334 0.05049768518518523 0.06903935185185191
1 0.4249305555555555 0.5335648148148149 0.039456018518518474 0.05457175925925917
1 0.5534837962962962 0.4906828703703704 0.03158564814814824 0.046469907407407265
1 0.332662037037037 0.5192129629629629 0.039421296296296225 0.04988425925925917
1 0.38870949074074074 0.49395254629629637 0.028402777777777822 0.038541666666666786
1 0.3898148148148148 0.43229166666666663 0.02207175925925924 0.027372685185185118
1 0.4424479166666666 0.473292824074074 0.02526620370370374 0.03686342592592595
1 0.4187673611111111 0.43961226851851853 0.02207175925925924 0.027372685185185118
1 0.5687615740740741 0.44438657407407406 0.025231481481481487 0.032175925925925955
2 0.5605324074074074 0.38784722222222223 0.026921296296296405 0.049421296296296366
1 0.45534143518518516 0.4214409722222222 0.01736111111111107 0.024074074074074046
1 0.43109374999999994 0.4166377314814815 0.015798611111111072 0.02401620370370363
2 0.47052083333333333 0.36186342592592596 0.014236111111111071 0.023958333333333394
1 0.501880787037037 0.37786458333333334 0.012638888888889 0.019212962962962977