1 0.9533680555555556 0.6912673611111112 0.08391203703703702 0.14966435185185176
1 0.9576909722222222 0.8458738425925926 0.07260416666666672 0.09950231481481495
1 0.6374652777777777 0.6279861111111111 0.07258101851851854 0.09637731481481478
1 0.38995949074074077 0.7167997685185185 0.10738425925925928 0.1546990740740739
1 0.5571354166666667 0.5049710648148148 0.04572916666666664 0.056921296296296296
2 0.3483101851851852 0.4338541666666667 0.0616087962962963 0.09152777777777779
1 0.4184780092592593 0.45234375 0.03311342592592581 0.04111111111111114
1 0.5376041666666667 0.39980324074074075 0.025219907407407406 0.03005787037037031
1 0.5996701388888889 0.4574710648148148 0.04412037037037031 0.05064814814814813
1 0.3944097222222222 0.43239004629629624 0.025231481481481487 0.03162037037037031
1 0.6000289351851852 0.4090335648148148 0.02993055555555557 0.03325231481481481
1 0.5549421296296296 0.3792361111111111 0.02364583333333332 0.028472222222222232
1 0.5147280092592592 0.4298263888888889 0.028391203703703738 0.036354166666666646
1 0.5324131944444443 0.36238425925925927 0.020486111111111073 0.0237384259259259
1 0.49391782407407414 0.3918576388888889 0.023645833333333498 0.028472222222222142
1 0.47381365740740744 0.3640335648148148 0.017349537037037167 0.022129629629629655
1 0.5020891203703703 0.34330439814814817 0.017349537037037167 0.022129629629629655
1 0.4269039351851852 0.36941550925925926 0.014189814814814738 0.017395833333333322