1 0.28671875 0.659375 0.0640625 0.090625
2 0.38125 0.465625 0.06484375 0.1265625
1 0.403125 0.640625 0.05078125 0.075
1 0.75625 0.61171875 0.06015625 0.09609375
1 0.55625 0.490625 0.03515625 0.0625
2 0.44375 0.490625 0.03125 0.05859375
1 0.62265625 0.51953125 0.03125 0.0640625
2 0.575 0.37578125 0.02421875 0.05703125
1 0.60625 0.43828125 0.0203125 0.03203125
1 0.43203125 0.41953125 0.0171875 0.025
1 0.525 0.38671875 0.0125 0.02109375
1 0.46953125 0.396875 0.0140625 0.02109375
2 0.44921875 0.378125 0.0203125 0.03359375
2 0.4828125 0.359375 0.0140625 0.03203125
1 0.5484375 0.384375 0.01484375 0.025
1 0.43671875 0.39921875 0.0140625 0.02109375