1 0.34140625 0.81328125 0.1 0.18203125
1 0.2546875 0.715625 0.08359375 0.1125
1 0.8046875 0.66953125 0.06796875 0.09453125
1 0.2296875 0.621875 0.06015625 0.075
1 0.39453125 0.60078125 0.0484375 0.06796875
1 0.7015625 0.91171875 0.11953125 0.1765625
2 0.6171875 0.42890625 0.04296875 0.075
1 0.421875 0.52265625 0.0328125 0.04296875
1 0.4015625 0.465625 0.02421875 0.03359375
1 0.3671875 0.46015625 0.02421875 0.03203125
1 0.47109375 0.39765625 0.0140625 0.02109375
1 0.52734375 0.39140625 0.0140625 0.01953125
1 0.575 0.39453125 0.01328125 0.01953125
1 0.4109375 0.40859375 0.01796875 0.021875
1 0.45390625 0.43515625 0.0203125 0.03203125
1 0.55625 0.36640625 0.01171875 0.01953125
1 0.521875 0.36171875 0.01015625 0.015625