1 0.3466724537037037 0.8199942129629629 0.13391203703703702 0.2090856481481481
1 0.7108217592592593 0.8451678240740741 0.11412037037037041 0.15225694444444465
1 0.7229166666666667 0.6087673611111111 0.06840277777777785 0.08200231481481488
1 0.828298611111111 0.6430555555555555 0.08269675925925953 0.0856481481481481
0 0.14840856481481485 0.6677372685185186 0.22945601851851852 0.426099537037037
1 0.629832175925926 0.5616898148148148 0.0565393518518519 0.06909722222222214
1 0.30789930555555556 0.5069155092592593 0.05630787037037042 0.06597222222222214
1 0.4418981481481482 0.5383680555555556 0.062268518518518515 0.08333333333333322
1 0.6536458333333334 0.472974537037037 0.042766203703703806 0.051446759259259164
1 0.46912615740740743 0.4536747685185185 0.036400462962962975 0.04965277777777786
1 0.48738425925925927 0.3951388888888888 0.027662037037037023 0.03686342592592595
1 0.6495659722222222 0.40737847222222223 0.02228009259259256 0.027314814814814882
1 0.566869212962963 0.3638020833333333 0.01892361111111107 0.024074074074074046
1 0.4552083333333334 0.3814814814814815 0.024074074074074046 0.030497685185185208
1 0.5967592592592592 0.3781539351851852 0.01915509259259256 0.02719907407407405
1 0.5858506944444445 0.4307291666666666 0.03125 0.043229166666666784
1 0.440943287037037 0.3677083333333333 0.020486111111111073 0.024131944444444463
1 0.6232060185185185 0.41964699074074074 0.027430555555555534 0.03373842592592595
2 0.39305555555555555 0.42592592592592593 0.0828125 0.12928240740740743
1 0.4913483796296296 0.33295717592592594 0.015451388888888928 0.019270833333333393
1 0.5953993055555555 0.3492766203703704 0.017129629629629762 0.02089120370370372