1 0.31171875 0.89296875 0.1015625 0.1609375
1 0.4109375 0.59765625 0.04453125 0.065625
1 0.33203125 0.58515625 0.05 0.059375
1 0.690625 0.53203125 0.03671875 0.05
1 0.43515625 0.49921875 0.0296875 0.04296875
1 0.38203125 0.50390625 0.03125 0.04453125
1 0.59296875 0.521875 0.0375 0.05703125
1 0.3390625 0.48671875 0.03125 0.040625
1 0.3828125 0.43359375 0.01953125 0.028125
1 0.45390625 0.43515625 0.0203125 0.02890625
1 0.46875 0.39296875 0.01328125 0.01953125
1 0.58359375 0.45234375 0.028125 0.04609375
2 0.1484375 0.7375 0.296875 0.525
1 0.596875 0.42421875 0.0171875 0.0265625
1 0.4328125 0.41640625 0.01796875 0.025
1 0.4078125 0.41171875 0.01640625 0.02109375
1 0.55 0.38671875 0.0125 0.01796875
1 0.53125 0.40546875 0.01796875 0.03046875
2 0.5453125 0.34453125 0.0140625 0.03046875