1 0.6533275462962963 0.74375 0.08084490740740743 0.115625
1 0.25983796296296297 0.58203125 0.06359953703703702 0.071875
1 0.4345486111111111 0.553125 0.04942129629629619 0.06875
1 0.3498553240740741 0.565625 0.06059027777777777 0.075
1 0.6021122685185185 0.5421875 0.04774305555555554 0.065625
2 0.7128472222222222 0.57890625 0.14409722222222215 0.2203125
1 0.36059027777777775 0.47578125 0.04103009259259256 0.053125
1 0.8035011574074075 0.621875 0.07662037037037024 0.0859375
1 0.641869212962963 0.49765625 0.032928240740740834 0.0453125
2 0.41215277777777776 0.39140625 0.05 0.084375
1 0.45954861111111106 0.46875 0.034490740740740836 0.0453125
1 0.5824652777777779 0.496875 0.03269675925925917 0.0390625
1 0.48275462962962956 0.39921875 0.021412037037037025 0.0296875
2 0.630931712962963 0.3921875 0.038425925925925954 0.0671875
2 0.6010416666666667 0.4078125 0.04334490740740744 0.0734375
1 0.6528935185185185 0.43671875 0.024652777777777857 0.0328125
1 0.5689525462962963 0.42734375 0.024652777777777857 0.0328125
1 0.4966724537037036 0.37421875 0.01643518518518512 0.021875
1 0.5577835648148148 0.4 0.018171296296296192 0.0265625
1 0.4413194444444445 0.37734375 0.016493055555555535 0.0234375