1 0.2 0.81640625 0.09921875 0.125
1 0.3515625 0.74453125 0.07890625 0.121875
1 0.95625 0.8828125 0.0875 0.1765625
1 0.709375 0.57265625 0.04765625 0.05703125
1 0.3 0.53515625 0.0421875 0.0484375
1 0.425 0.53671875 0.0375 0.05703125
1 0.3640625 0.52265625 0.03828125 0.04609375
1 0.5546875 0.465625 0.02578125 0.04453125
1 0.45078125 0.45546875 0.0234375 0.0359375
1 0.5875 0.44921875 0.02109375 0.03203125
1 0.384375 0.43828125 0.01953125 0.02890625
1 0.4375 0.40859375 0.01796875 0.021875
1 0.5296875 0.396875 0.0140625 0.02109375
1 0.41875 0.44609375 0.02265625 0.028125
1 0.93203125 0.97734375 0.1140625 0.0453125
2 0.4140625 0.38046875 0.03046875 0.0609375
1 0.5234375 0.37421875 0.0109375 0.01796875
1 0.46015625 0.40390625 0.0171875 0.021875
2 0.4890625 0.35078125 0.01171875 0.0234375