1 0.2046875 0.63984375 0.0734375 0.0875
1 0.3046875 0.64296875 0.0609375 0.08046875
1 0.35546875 0.528125 0.0421875 0.0609375
1 0.42578125 0.51328125 0.0328125 0.0484375
1 0.55625 0.48046875 0.02578125 0.04140625
1 0.3359375 0.49296875 0.034375 0.04453125
1 0.39375 0.47265625 0.025 0.034375
1 0.40234375 0.41171875 0.01875 0.0234375
1 0.45 0.45546875 0.02109375 0.03359375
1 0.4296875 0.42109375 0.01796875 0.025
1 0.5765625 0.43515625 0.02109375 0.02890625
2 0.575 0.38046875 0.02109375 0.046875
1 0.4671875 0.40546875 0.01484375 0.021875
1 0.44453125 0.39921875 0.0140625 0.02109375
2 0.4890625 0.34921875 0.01171875 0.02109375
1 0.51875 0.36640625 0.0109375 0.01640625