2 0.33428819444444446 0.47114583333333326 0.09868055555555558 0.1543865740740742
1 0.2167013888888889 0.6967187499999999 0.08336805555555556 0.09771990740740755
1 0.4024131944444445 0.6772048611111112 0.06597222222222214 0.08783564814814823
2 0.8613020833333334 0.642332175925926 0.2589930555555554 0.4120949074074073
1 0.36062500000000003 0.5876273148148148 0.0546875 0.07188657407407409
1 0.6037673611111112 0.48147569444444444 0.03381944444444436 0.04628472222222228
1 0.4060243055555556 0.479525462962963 0.03208333333333328 0.038425925925925954
1 0.5557986111111111 0.45894675925925926 0.029027777777777784 0.041458333333333285
1 0.42321180555555554 0.4448553240740741 0.024097222222222214 0.030381944444444465
1 0.4605555555555556 0.45299768518518524 0.027361111111111214 0.03672453703703695
1 0.44376736111111115 0.3993402777777778 0.016111111111111142 0.022337962962962976
1 0.6771180555555556 0.48755787037037035 0.03861111111111111 0.05111111111111111
1 0.5709201388888889 0.41170717592592593 0.02250000000000014 0.02877314814814813
1 0.5391319444444445 0.39982060185185186 0.017708333333333215 0.02394675925925922
1 0.46939236111111116 0.40713541666666664 0.01930555555555564 0.025555555555555644
2 0.4763541666666667 0.37528935185185186 0.022673611111111214 0.03658564814814813
0 0.4348784722222222 0.3771875 0.022673611111111214 0.03658564814814813
2 0.6331423611111111 0.4260590277777778 0.05024305555555557 0.08268518518518526
1 0.6142881944444445 0.39501157407407406 0.019374999999999965 0.028680555555555553
1 0.5252083333333333 0.357974537037037 0.012881944444444394 0.017557870370370397
1 0.5739756944444444 0.37974537037037037 0.016076388888888894 0.020775462962962975