1 0.2828125 0.94140625 0.12265625 0.11640625
1 0.07734375 0.96015625 0.1453125 0.07890625
1 0.275 0.67578125 0.0703125 0.09296875
1 0.1953125 0.64921875 0.07265625 0.07890625
1 0.3921875 0.61171875 0.05390625 0.07890625
1 0.36953125 0.50859375 0.03125 0.04140625
2 0.40546875 0.403125 0.0265625 0.04453125
1 0.53828125 0.43671875 0.0203125 0.02890625
1 0.37890625 0.44296875 0.0203125 0.03046875
1 0.6078125 0.478125 0.01484375 0.03359375
1 0.425 0.42109375 0.01796875 0.025
1 0.5828125 0.40703125 0.0140625 0.025
2 0.5421875 0.35703125 0.01640625 0.04140625
1 0.43984375 0.4015625 0.0140625 0.021875
2 0.45390625 0.43046875 0.021875 0.0390625