1 0.34921875 0.809375 0.0875 0.13203125
1 0.7296875 0.69765625 0.07578125 0.11796875
2 0.08671875 0.72890625 0.1734375 0.25546875
1 0.61640625 0.653125 0.0578125 0.1
1 0.290625 0.66015625 0.06875 0.090625
1 0.2578125 0.58515625 0.05859375 0.06796875
1 0.43671875 0.51171875 0.03125 0.04609375
1 0.75625 0.61171875 0.06328125 0.090625
1 0.0890625 0.98125 0.11796875 0.0375
1 0.3578125 0.4703125 0.02421875 0.034375
1 0.7375 0.96328125 0.11015625 0.07109375
1 0.63046875 0.46328125 0.025 0.034375
1 0.3703125 0.51171875 0.0328125 0.04296875
1 0.40859375 0.41015625 0.0171875 0.02109375
1 0.4453125 0.39765625 0.01484375 0.02109375
2 0.4828125 0.36796875 0.0140625 0.028125
1 0.46328125 0.40703125 0.0171875 0.021875
1 0.5921875 0.41640625 0.015625 0.025
1 0.53125 0.40390625 0.01484375 0.028125
1 0.45703125 0.43515625 0.0203125 0.02890625
2 0.4015625 0.58046875 0.059375 0.121875
1 0.5703125 0.38828125 0.01328125 0.02109375