1 0.8241145833333332 0.7194965277777777 0.10114583333333335 0.11302083333333321
1 0.8355729166666667 0.5979687499999999 0.08854166666666678 0.08777777777777782
1 0.6482291666666666 0.5927430555555555 0.05333333333333332 0.07451388888888885
1 0.7420833333333333 0.49833333333333335 0.052604166666666605 0.06357638888888886
1 0.6022916666666667 0.46701388888888895 0.03354166666666671 0.035069444444444285
1 0.6416666666666666 0.45909722222222216 0.03083333333333336 0.04125000000000014
1 0.6385416666666666 0.40048611111111115 0.01885416666666657 0.025381944444444395
1 0.66296875 0.4265451388888889 0.025416666666666643 0.030208333333333393
1 0.4304166666666667 0.41215277777777776 0.02375000000000007 0.028611111111111143
1 0.4645833333333333 0.40826388888888887 0.020729166666666642 0.030104166666666644
1 0.7001041666666666 0.5962847222222222 0.03614583333333332 0.07413194444444446
1 0.5027083333333333 0.3698611111111111 0.013958333333333428 0.02215277777777782
1 0.4872916666666667 0.43201388888888886 0.022499999999999964 0.03326388888888889
1 0.5564583333333333 0.3663194444444445 0.015520833333333428 0.022187500000000072
1 0.593125 0.38819444444444445 0.017291666666666573 0.025347222222222143
1 0.5756249999999999 0.4073611111111111 0.02197916666666657 0.02545138888888889
0 0.4538541666666667 0.36468749999999994 0.02489583333333343 0.045798611111111144