1 0.35625 0.72109375 0.075 0.1390625
1 0.803125 0.68828125 0.0796875 0.10703125
1 0.6109375 0.63671875 0.053125 0.084375
1 0.3390625 0.56328125 0.04375 0.05703125
1 0.425 0.56640625 0.03828125 0.05546875
1 0.31328125 0.509375 0.0359375 0.04296875
1 0.55703125 0.47421875 0.025 0.034375
1 0.39921875 0.41640625 0.01875 0.025
1 0.38515625 0.49140625 0.03125 0.04453125
1 0.61875 0.51484375 0.03203125 0.0484375
1 0.44375 0.46796875 0.02421875 0.03359375
1 0.5390625 0.43359375 0.01875 0.028125
2 0.4375 0.38671875 0.02734375 0.065625
1 0.4578125 0.4328125 0.01953125 0.0265625
1 0.61875 0.45703125 0.0234375 0.03046875
1 0.5609375 0.415625 0.01640625 0.021875
1 0.571875 0.39140625 0.01171875 0.01953125
1 0.4703125 0.403125 0.01640625 0.025
2 0.00625 0.88203125 0.0125 0.21640625
1 0.59140625 0.41171875 0.0203125 0.03203125
2 0.4421875 0.36171875 0.02265625 0.04296875