1 0.353125 0.771875 0.0828125 0.140625
1 0.75625 0.62421875 0.06328125 0.0875
1 0.59375 0.596875 0.05078125 0.075
1 0.40625 0.59921875 0.04375 0.06796875
2 0.3703125 0.48671875 0.07578125 0.140625
1 0.70390625 0.92109375 0.1140625 0.1578125
2 0.63203125 0.4390625 0.0546875 0.1
2 0.41640625 0.390625 0.03125 0.0609375
1 0.91328125 0.95234375 0.1421875 0.0953125
1 0.5484375 0.44453125 0.0234375 0.0359375
1 0.440625 0.48671875 0.028125 0.04296875
1 0.465625 0.41328125 0.01640625 0.0234375
1 0.4515625 0.45546875 0.0203125 0.03359375
1 0.3015625 0.52109375 0.04140625 0.05859375
1 0.99296875 0.93515625 0.0140625 0.065625
1 0.59375 0.42109375 0.01875 0.028125
1 0.57734375 0.39921875 0.015625 0.02109375
1 0.4734375 0.39296875 0.01328125 0.01953125
1 0.5296875 0.41171875 0.015625 0.0265625
2 0.4375 0.39140625 0.02890625 0.05546875