1 0.8398958333333333 0.8092592592592591 0.13156250000000008 0.1758796296296296
1 0.22104166666666666 0.8177199074074075 0.14156249999999995 0.2091550925925926
1 0.22989583333333333 0.6353761574074074 0.07958333333333334 0.09653935185185177
1 0.6672916666666666 0.7181018518518518 0.07385416666666664 0.10398148148148145
1 0.32729166666666665 0.9000202546296296 0.1526041666666667 0.19995949074074063
1 0.73203125 0.5569675925925927 0.04854166666666657 0.05112268518518519
1 0.4005208333333333 0.45172453703703697 0.03458333333333332 0.051851851851851906
1 0.5939062500000001 0.4227199074074074 0.0189583333333335 0.02758101851851862
1 0.5807291666666666 0.48185763888888894 0.026041666666666786 0.040451388888888926
1 0.6255208333333334 0.4767303240740741 0.025833333333333285 0.03732638888888893
1 0.4494791666666667 0.40404513888888893 0.01875 0.02445601851851844
1 0.6266666666666667 0.43555555555555553 0.0203125 0.024548611111111108
1 0.5018750000000001 0.38458333333333333 0.016874999999999928 0.01967592592592595
1 0.56828125 0.42353587962962963 0.022291666666666644 0.030891203703703594
1 0.5517708333333333 0.3859837962962963 0.015312499999999929 0.019583333333333286
1 0.5065625 0.36151620370370374 0.011979166666666785 0.01627314814814813
1 0.4844270833333333 0.3679861111111111 0.013749999999999929 0.019490740740740798