1 0.035390624999999995 0.8406886574074075 0.07078124999999999 0.1792824074074076
1 0.27468750000000003 0.888605324074074 0.12263888888888896 0.17675925925925923
1 0.2477777777777778 0.6586111111111111 0.07885416666666671 0.10425925925925927
1 0.7723611111111112 0.5992939814814815 0.07708333333333321 0.0948611111111111
1 0.25706597222222227 0.5217997685185185 0.05281249999999993 0.05701388888888879
1 0.3905555555555556 0.5245081018518519 0.04350694444444443 0.060000000000000143
1 0.6353125000000001 0.44043981481481487 0.03701388888888886 0.048969907407407476
1 0.41571180555555554 0.4468171296296296 0.030694444444444358 0.04575231481481481
1 0.31090277777777775 0.4538368055555556 0.03211805555555554 0.03952546296296298
2 0.40744791666666663 0.32666666666666666 0.027777777777777856 0.055081018518518474
1 0.37296874999999996 0.4372974537037037 0.030694444444444448 0.04575231481481481
1 0.5557986111111111 0.3986631944444444 0.025729166666666713 0.03318287037037031
1 0.4333333333333334 0.39188657407407407 0.020937500000000143 0.0284259259259259
1 0.3734722222222222 0.3794965277777778 0.022430555555555554 0.025324074074074155
1 0.4024305555555555 0.376724537037037 0.020868055555555643 0.0253009259259259
1 0.4428298611111111 0.3511342592592593 0.016111111111111142 0.022106481481481487
2 0.5303993055555556 0.311568287037037 0.021215277777777784 0.04092592592592599
1 0.5020138888888889 0.3237037037037037 0.012916666666666642 0.018935185185185156
1 0.5051388888888889 0.3236574074074074 0.012916666666666642 0.018935185185185156
1 0.4557986111111111 0.3298553240740741 0.012916666666666642 0.018935185185185156
1 0.53859375 0.3294097222222222 0.012881944444444394 0.017372685185185154