1 0.59921875 0.61640625 0.0453125 0.0859375
1 0.271875 0.97421875 0.11015625 0.0484375
1 0.2875 0.66796875 0.06328125 0.08359375
1 0.2515625 0.58828125 0.05546875 0.0625
1 0.3984375 0.60546875 0.04765625 0.071875
1 0.4328125 0.53046875 0.03359375 0.05
1 0.3828125 0.49765625 0.03046875 0.04296875
1 0.6015625 0.49140625 0.02734375 0.04453125
1 0.3796875 0.440625 0.02265625 0.028125
1 0.353125 0.47109375 0.02578125 0.03359375
2 0.4359375 0.38203125 0.03203125 0.06953125
1 0.4609375 0.42734375 0.01875 0.0265625
1 0.40625 0.4140625 0.01875 0.025
1 0.4734375 0.39453125 0.0125 0.01953125
1 0.48125 0.37578125 0.0125 0.01796875
1 0.5234375 0.37421875 0.01015625 0.01796875
1 0.55 0.403125 0.01796875 0.025
2 0.57265625 0.384375 0.015625 0.034375