1 0.2296875 0.9541753472222222 0.10765046296296302 0.09164930555555557
1 0.8729282407407407 0.9846875 0.1598032407407409 0.030624999999999857
1 0.6218460648148147 0.6886631944444443 0.055625000000000036 0.08673611111111121
1 0.3420196759259259 0.6809201388888889 0.05226851851851855 0.07878472222222221
1 0.38577546296296295 0.5506597222222223 0.02923611111111111 0.03874999999999993
1 0.27739583333333334 0.6178125 0.04872685185185181 0.06458333333333321
1 0.5138078703703703 0.5594791666666666 0.03604166666666657 0.05777777777777775
1 0.2774826388888889 0.5356770833333334 0.032453703703703776 0.04201388888888893
1 0.3532928240740741 0.5116666666666666 0.02601851851851853 0.03548611111111111
1 0.39190972222222226 0.4492361111111111 0.01627314814814813 0.022569444444444465
1 0.35638310185185185 0.46017361111111105 0.017835648148148132 0.022638888888888785
2 0.5435185185185185 0.4544097222222222 0.03939814814814824 0.06572916666666657
1 0.33135416666666667 0.48644097222222216 0.01967592592592595 0.03208333333333328
1 0.40488425925925925 0.4865798611111112 0.019583333333333286 0.028958333333333287
1 0.4875173611111111 0.4699131944444444 0.019583333333333286 0.028958333333333287
1 0.4208622685185185 0.4489583333333333 0.01627314814814813 0.022569444444444465
1 0.3887673611111111 0.42328124999999994 0.014618055555555554 0.019375000000000142
1 0.4301041666666666 0.42746527777777776 0.013055555555555643 0.01930555555555564
1 0.5113715277777778 0.4568923611111111 0.016180555555555642 0.019444444444444466
1 0.47479745370370363 0.42397569444444444 0.013055555555555643 0.01930555555555564