2 0.3140625 0.46796875 0.09453125 0.15546875
1 0.37890625 0.70078125 0.0609375 0.09296875
1 0.78515625 0.80234375 0.1015625 0.1515625
1 0.3046875 0.63203125 0.0609375 0.071875
1 0.27734375 0.97890625 0.1046875 0.04140625
1 0.4328125 0.51328125 0.0296875 0.04296875
2 0.11953125 0.83984375 0.2390625 0.3203125
1 0.39921875 0.478125 0.0265625 0.0375
1 0.6171875 0.453125 0.02578125 0.03359375
1 0.5453125 0.43671875 0.01953125 0.02890625
1 0.53046875 0.40546875 0.0140625 0.021875
1 0.45 0.46015625 0.02421875 0.03203125
1 0.3796875 0.44140625 0.021875 0.028125
1 0.1609375 0.53671875 0.08359375 0.07890625
1 0.47578125 0.38515625 0.0125 0.01796875
1 0.40625 0.41171875 0.01875 0.0265625
2 0.43125 0.3703125 0.0234375 0.0484375
1 0.4453125 0.39921875 0.01328125 0.02109375
1 0.4609375 0.42578125 0.01796875 0.0265625
1 0.559375 0.40703125 0.01484375 0.01953125
2 0.0421875 0.684375 0.0828125 0.21796875