1 0.18203125 0.83203125 0.1234375 0.15546875
1 0.3609375 0.81640625 0.08359375 0.128125
1 0.2109375 0.63671875 0.06953125 0.0734375
1 0.4265625 0.54140625 0.040625 0.0640625
1 0.31171875 0.52421875 0.04375 0.04609375
1 0.65625 0.4953125 0.03046875 0.040625
1 0.575 0.5203125 0.03046875 0.0515625
1 0.4140625 0.43515625 0.0203125 0.02890625
1 0.3796875 0.50703125 0.03125 0.04140625
1 0.5390625 0.44296875 0.01953125 0.03046875
1 0.3609375 0.459375 0.02421875 0.03203125
1 0.40625 0.409375 0.01796875 0.02109375
1 0.58203125 0.446875 0.0203125 0.0265625
1 0.45078125 0.45234375 0.0234375 0.0375
1 0.53046875 0.39921875 0.0140625 0.02109375
1 0.55546875 0.39921875 0.0140625 0.02109375
1 0.46015625 0.425 0.0171875 0.025
1 0.46875 0.39453125 0.0125 0.01953125
1 0.5234375 0.37265625 0.01015625 0.01796875
2 0.54453125 0.34296875 0.0125 0.028125