1 0.12109375 0.93828125 0.1453125 0.12109375
1 0.15625 0.69765625 0.09375 0.1125
1 0.38203125 0.715625 0.0640625 0.1
1 0.31640625 0.62265625 0.053125 0.07109375
1 0.58125 0.5703125 0.03828125 0.0625
1 0.41953125 0.54765625 0.0328125 0.05390625
1 0.3390625 0.48203125 0.03359375 0.04140625
2 0.2578125 0.546875 0.08046875 0.13203125
1 0.371875 0.44296875 0.0234375 0.0359375
1 0.384375 0.503125 0.03203125 0.046875
1 0.4328125 0.4203125 0.0171875 0.0234375
1 0.4078125 0.40859375 0.0171875 0.021875
1 0.56796875 0.41796875 0.0171875 0.021875
1 0.4625 0.41640625 0.01796875 0.025
1 0.45546875 0.44921875 0.01875 0.02890625
1 0.575 0.39296875 0.0125 0.01953125
1 0.42890625 0.390625 0.0125 0.01953125
1 0.471875 0.39453125 0.01484375 0.01953125
1 0.5453125 0.39765625 0.01328125 0.02109375
0 0.675 0.49140625 0.0671875 0.10546875
2 0.465625 0.34765625 0.01796875 0.03203125
1 0.55703125 0.36796875 0.0109375 0.01640625