1 0.09296875 0.75859375 0.1265625 0.13359375
2 0.9328125 0.78359375 0.13203125 0.4140625
1 0.28046875 0.67421875 0.08125 0.10390625
1 0.590625 0.6078125 0.04765625 0.0765625
1 0.40625 0.62109375 0.04921875 0.075
1 0.2921875 0.54609375 0.04375 0.053125
1 0.35078125 0.553125 0.0421875 0.053125
1 0.4296875 0.50234375 0.03125 0.04609375
1 0.38984375 0.48359375 0.028125 0.0390625
1 0.5875 0.47734375 0.03125 0.04609375
1 0.4515625 0.44140625 0.02265625 0.03046875
1 0.346875 0.47265625 0.028125 0.03203125
1 0.5734375 0.42421875 0.01953125 0.02890625
1 0.5421875 0.4265625 0.01796875 0.028125
1 0.62109375 0.45390625 0.0234375 0.03359375
1 0.46953125 0.39765625 0.0140625 0.01796875
1 0.3890625 0.42578125 0.0171875 0.0234375
1 0.525 0.38046875 0.0125 0.01953125
1 0.44140625 0.403125 0.015625 0.021875
1 0.5796875 0.4 0.01640625 0.025
1 0.8890625 0.96015625 0.11953125 0.07890625
1 0.55625 0.39296875 0.01796875 0.028125
2 0.4203125 0.378125 0.02890625 0.05546875
1 0.4796875 0.378125 0.01171875 0.01640625