1 0.9396556712962962 0.7073842592592593 0.12068865740740761 0.12587962962962962
1 0.17427662037037037 0.8875231481481481 0.1252314814814815 0.1727083333333333
1 0.40639467592592593 0.64796875 0.07042824074074065 0.08641203703703706
1 0.6456886574074074 0.6739467592592593 0.08518518518518511 0.09589120370370381
1 0.658420138888889 0.48742476851851857 0.051041666666666784 0.056597222222222146
1 0.5748842592592592 0.5297511574074074 0.04791666666666661 0.05657407407407398
1 0.5790798611111111 0.47043981481481484 0.0375 0.042442129629629656
1 0.6127893518518518 0.45116898148148155 0.0375 0.042442129629629476
1 0.5453703703703704 0.4053819444444445 0.02251157407407405 0.029837962962962906
1 0.3734953703703704 0.4462731481481482 0.025868055555555537 0.03298611111111107
1 0.42071759259259256 0.4302256944444444 0.025636574074074048 0.02986111111111107
1 0.5082175925925926 0.43087384259259254 0.034375 0.04241898148148149
1 0.425 0.40370949074074075 0.020486111111111073 0.02357638888888882
1 0.3798611111111111 0.42679976851851853 0.022395833333333302 0.028275462962962905
1 0.49071180555555555 0.41590856481481475 0.02251157407407405 0.029837962962962906
1 0.46993634259259254 0.38842592592592595 0.01880787037037024 0.02200231481481474
1 0.5159722222222223 0.38798611111111114 0.022395833333333393 0.028275462962962905