1 0.10078125 0.7890625 0.1125 0.125
1 0.87109375 0.7625 0.0953125 0.125
1 0.30625 0.621875 0.0578125 0.075
1 0.4234375 0.546875 0.03671875 0.05390625
2 0.2828125 0.52578125 0.07109375 0.12109375
1 0.6796875 0.528125 0.03828125 0.0484375
1 0.5859375 0.57421875 0.04609375 0.09296875
1 0.34375 0.48671875 0.03203125 0.040625
1 0.6125 0.49765625 0.03046875 0.04296875
1 0.6125 0.434375 0.02421875 0.0359375
2 0.4390625 0.465625 0.03359375 0.06953125
1 0.3921875 0.42734375 0.0171875 0.0234375
1 0.37265625 0.51640625 0.0359375 0.05
1 0.4109375 0.44921875 0.02109375 0.03203125
1 0.525 0.38046875 0.0109375 0.01953125
1 0.46953125 0.39921875 0.0171875 0.02109375
1 0.4265625 0.39140625 0.0140625 0.01953125
1 0.5359375 0.409375 0.01640625 0.0234375
1 0.45625 0.43671875 0.01875 0.02890625
1 0.5484375 0.37578125 0.01171875 0.01796875
2 0.4890625 0.35234375 0.01328125 0.02109375
2 0.30390625 0.86015625 0.1296875 0.25703125
1 0.440625 0.37578125 0.0125 0.01796875