1 0.25625 0.73203125 0.08203125 0.10546875
1 0.3859375 0.64453125 0.05390625 0.08046875
1 0.5578125 0.50546875 0.02890625 0.05
1 0.0296875 0.88984375 0.059375 0.1453125
1 0.66171875 0.49765625 0.0328125 0.04609375
1 0.31953125 0.51171875 0.0359375 0.04296875
2 0.4375 0.365625 0.02421875 0.0515625
1 0.3890625 0.484375 0.03203125 0.04296875
1 0.4484375 0.459375 0.02421875 0.0359375
1 0.4234375 0.425 0.01875 0.025
1 0.3765625 0.43984375 0.02265625 0.02890625
1 0.5375 0.428125 0.01953125 0.03046875
2 0.5828125 0.40546875 0.0234375 0.04453125
1 0.41171875 0.403125 0.0140625 0.0234375
1 0.578125 0.43515625 0.01953125 0.02890625
1 0.525 0.384375 0.01171875 0.01796875
1 0.465625 0.40859375 0.01484375 0.025
2 0.43671875 0.40390625 0.01875 0.03046875