1 0.2855787037037037 0.8856539351851851 0.09622685185185187 0.17274305555555572
1 0.5612847222222223 0.7487326388888889 0.06230324074074076 0.09579861111111114
1 0.6961053240740741 0.7793981481481481 0.07167824074074076 0.09635416666666678
1 0.11991319444444444 0.7202314814814815 0.08116898148148151 0.10472222222222224
1 0.6162037037037036 0.630787037037037 0.04947916666666678 0.07318287037037034
1 0.7158217592592593 0.662494212962963 0.055636574074074116 0.06730324074074065
1 0.5310185185185186 0.5749131944444444 0.03677083333333329 0.058379629629629545
1 0.2650578703703704 0.5818287037037038 0.043020833333333286 0.05875000000000004
1 0.39303819444444443 0.54640625 0.030381944444444465 0.04863425925925924
1 0.5884027777777778 0.5016840277777778 0.02394675925925931 0.03576388888888893
2 0.5372337962962963 0.4720659722222223 0.03700231481481495 0.07400462962962955
1 0.4143344907407408 0.4812037037037037 0.01918981481481481 0.030798611111111106
2 0.5301157407407407 0.4247280092592593 0.022523148148148132 0.045046296296296265
1 0.4980671296296296 0.4767824074074074 0.02075231481481481 0.030891203703703775
1 0.428744212962963 0.45859953703703704 0.01599537037037031 0.025925925925925953
1 0.36951388888888886 0.49809606481481483 0.02238425925925931 0.035671296296296263
1 0.5122627314814816 0.521412037037037 0.025555555555555644 0.038981481481481596
1 0.35270833333333335 0.47129629629629627 0.01599537037037031 0.025925925925925953
1 0.37580439814814814 0.44295138888888885 0.01599537037037031 0.025925925925925953
2 0.5090914351851852 0.4187905092592592 0.024131944444444286 0.048263888888888926