1 0.165625 0.878125 0.13203125 0.15546875
1 0.28359375 0.9375 0.1359375 0.125
1 0.3875 0.634375 0.05234375 0.08203125
1 0.31875 0.603125 0.05625 0.0734375
2 0.01328125 0.86171875 0.0265625 0.27109375
1 0.4390625 0.50078125 0.03046875 0.04609375
1 0.6296875 0.459375 0.02421875 0.034375
1 0.5734375 0.43828125 0.02109375 0.02890625
1 0.378125 0.44765625 0.02421875 0.03203125
1 0.4203125 0.44453125 0.02109375 0.03359375
2 0.55 0.346875 0.0125 0.03203125
1 0.43125 0.41171875 0.0171875 0.0234375
1 0.39765625 0.42109375 0.0203125 0.021875
2 0.2390625 0.56953125 0.09453125 0.1140625
2 0.41640625 0.37578125 0.025 0.05390625
2 0.45234375 0.434375 0.025 0.0484375
2 0.4046875 0.46171875 0.02734375 0.04296875
1 0.47265625 0.384375 0.0140625 0.01796875