2 0.6232175925925926 0.42371527777777773 0.06649305555555554 0.12010416666666668
1 0.13759837962962962 0.7186458333333333 0.08997685185185186 0.1273958333333333
1 0.3734664351851852 0.6121006944444444 0.05219907407407405 0.08822916666666672
1 0.5795543981481481 0.6248090277777777 0.05212962962962955 0.07885416666666671
1 0.22570601851851851 0.9490277777777777 0.12710648148148146 0.07906249999999986
1 0.3460243055555555 0.5211631944444445 0.03637731481481481 0.060972222222222074
1 0.5544386574074074 0.5361111111111111 0.03633101851851848 0.054722222222222075
1 0.5560416666666667 0.42513888888888884 0.01895833333333332 0.028958333333333287
1 0.6046643518518519 0.5034201388888888 0.033159722222222146 0.04833333333333343
2 0.9751909722222223 0.7743576388888889 0.03394675925925909 0.36545138888888895
1 0.36541666666666667 0.43361111111111106 0.022129629629629655 0.03534722222222229
2 0.6512326388888889 0.5427430555555556 0.08693287037037045 0.13819444444444445
1 0.5186111111111111 0.4174305555555556 0.018935185185185156 0.025833333333333285
1 0.5795717592592593 0.4115972222222222 0.015798611111111072 0.024131944444444463
1 0.38557291666666665 0.45380208333333333 0.025277777777777823 0.03861111111111111
1 0.44212384259259263 0.4106770833333334 0.01895833333333332 0.028958333333333287
1 0.41163773148148153 0.414375 0.01894675925925924 0.027395833333333286
1 0.5277372685185184 0.45060763888888894 0.02054398148148131 0.03215277777777779
1 0.39141203703703703 0.40355902777777775 0.015798611111111072 0.024131944444444463
1 0.4461747685185185 0.3909722222222222 0.015810185185185156 0.025694444444444464
1 0.5109895833333333 0.3919965277777778 0.014224537037037166 0.022499999999999964
2 0.7117708333333332 0.4885069444444444 0.08052083333333329 0.11604166666666664
1 0.805144675925926 0.5351215277777778 0.08359953703703696 0.10993055555555564
1 0.40798611111111105 0.3801736111111111 0.012638888888889 0.019305555555555555
1 0.5563368055555555 0.3852951388888889 0.015775462962962904 0.021006944444444463