1 0.3515625 0.7328125 0.0734375 0.1125
1 0.27578125 0.671875 0.0625 0.08203125
1 0.296875 0.54921875 0.04921875 0.0515625
1 0.36875 0.51484375 0.03984375 0.0625
1 0.42578125 0.52578125 0.0328125 0.04609375
1 0.3484375 0.47578125 0.02578125 0.034375
1 0.4296875 0.41796875 0.01796875 0.028125
1 0.4578125 0.41484375 0.01796875 0.0265625
1 0.4109375 0.40546875 0.01953125 0.03046875
1 0.471875 0.39296875 0.01328125 0.01953125
1 0.4484375 0.38671875 0.01328125 0.01796875
1 0.4828125 0.37265625 0.01171875 0.01796875
1 0.4421875 0.37578125 0.0109375 0.01796875