1 0.29921875 0.89609375 0.1109375 0.2078125
1 0.9 0.784375 0.10625 0.1375
1 0.4109375 0.61640625 0.04609375 0.06953125
1 0.3046875 0.62421875 0.053125 0.07109375
1 0.3671875 0.521875 0.03828125 0.05703125
1 0.7015625 0.56171875 0.0453125 0.0625
1 0.2859375 0.54296875 0.04609375 0.05546875
1 0.4359375 0.48671875 0.02890625 0.04296875
1 0.5703125 0.51953125 0.02890625 0.046875
1 0.3890625 0.42421875 0.01953125 0.0265625
2 0.43125 0.40078125 0.03046875 0.06796875
1 0.58984375 0.46328125 0.0234375 0.034375
1 0.6015625 0.43046875 0.0171875 0.021875
1 0.54375 0.43671875 0.01796875 0.02890625
1 0.465625 0.41171875 0.01640625 0.0265625
1 0.53125 0.41171875 0.01484375 0.0234375
1 0.5546875 0.39921875 0.01328125 0.02109375
1 0.5796875 0.396875 0.01640625 0.025
2 0.4375 0.36640625 0.01953125 0.04453125
2 0.4578125 0.365625 0.0203125 0.046875
1 0.4703125 0.39921875 0.0140625 0.02109375
1 0.4515625 0.44296875 0.01953125 0.03046875