1 0.07859374999999999 0.7672395833333333 0.10928240740740743 0.12562500000000015
1 0.5699710648148149 0.70984375 0.07565972222222221 0.1078125
1 0.6423263888888888 0.5390625 0.04626157407407412 0.05135416666666668
1 0.300630787037037 0.5672395833333334 0.05003472222222225 0.0640625
1 0.28044560185185186 0.5180729166666667 0.03804398148148156 0.043020833333333286
1 0.5620775462962964 0.49921875 0.03171296296296298 0.04104166666666664
1 0.31770833333333337 0.47979166666666667 0.03335648148148147 0.04270833333333339
1 0.5603472222222222 0.4418749999999999 0.023414351851851832 0.031145833333333428
1 0.5379456018518518 0.45057291666666666 0.021851851851851834 0.03104166666666668
1 0.5191319444444444 0.5261458333333333 0.04238425925925924 0.06666666666666679
1 0.4930381944444444 0.43973958333333335 0.021851851851851834 0.03104166666666668
1 0.3908449074074074 0.4148958333333333 0.01864583333333325 0.029270833333333357
1 0.41371527777777783 0.4273958333333333 0.02020833333333343 0.02937499999999993
1 0.5174884259259259 0.4217708333333333 0.021689814814814846 0.02791666666666668
1 0.591579861111111 0.47453124999999996 0.035081018518518546 0.045937499999999964
1 0.42281250000000004 0.3880208333333333 0.01511574074074069 0.021250000000000036
1 0.5112152777777779 0.4973958333333333 0.031388888888889 0.034791666666666644
1 0.48578124999999994 0.41338541666666667 0.018483796296296262 0.026145833333333358
1 0.5419907407407407 0.4179166666666667 0.018483796296296262 0.026145833333333358
1 0.8281192129629631 0.7356770833333333 0.13434027777777757 0.15843749999999995
1 0.5119560185185186 0.39239583333333333 0.01511574074074069 0.021250000000000036