1 0.1625 0.878125 0.12890625 0.1515625
1 0.0515625 0.86796875 0.103125 0.14453125
1 0.3984375 0.634375 0.0515625 0.07890625
1 0.26171875 0.61796875 0.0578125 0.06640625
2 0.3671875 0.41640625 0.0609375 0.11640625
1 0.5859375 0.59765625 0.0453125 0.06796875
1 0.7640625 0.634375 0.06171875 0.08203125
1 0.8828125 0.93125 0.13671875 0.1375
1 0.34765625 0.54765625 0.0421875 0.05390625
1 0.665625 0.51015625 0.03359375 0.0484375
1 0.43671875 0.490625 0.0296875 0.046875
1 0.74453125 0.9640625 0.1015625 0.071875
1 0.5765625 0.43984375 0.02109375 0.034375
1 0.60078125 0.4328125 0.01875 0.0265625
1 0.4359375 0.41328125 0.01640625 0.0234375
1 0.5359375 0.421875 0.0171875 0.025
1 0.471875 0.396875 0.01328125 0.01796875
1 0.403125 0.459375 0.03125 0.0484375
1 0.5484375 0.38046875 0.01171875 0.01953125
1 0.48203125 0.36953125 0.0109375 0.01953125
1 0.43125 0.38671875 0.01328125 0.02109375