1 0.0609375 0.83046875 0.12109375 0.1390625
1 0.85078125 0.73046875 0.09375 0.13359375
2 0.61796875 0.42265625 0.0484375 0.084375
1 0.41015625 0.61640625 0.046875 0.06953125
1 0.31328125 0.9703125 0.1015625 0.059375
1 0.33125 0.58515625 0.04921875 0.0625
1 0.65234375 0.759375 0.0828125 0.1875
1 0.31328125 0.51953125 0.0375 0.046875
1 0.421875 0.53359375 0.034375 0.05
1 0.3859375 0.50078125 0.03203125 0.04296875
1 0.5546875 0.48203125 0.02734375 0.04140625
1 0.4234375 0.434375 0.0203125 0.025
1 0.440625 0.40078125 0.01484375 0.0234375
1 0.41171875 0.40546875 0.0171875 0.01953125
1 0.5359375 0.421875 0.01875 0.02890625
1 0.5828125 0.453125 0.02265625 0.03359375
1 0.4546875 0.453125 0.02109375 0.03359375
1 0.57578125 0.396875 0.0140625 0.01796875
1 0.465625 0.39921875 0.015625 0.02109375
0 0.5609375 0.36796875 0.01875 0.03359375
1 0.525 0.37421875 0.01171875 0.01796875
1 0.53125 0.40546875 0.01484375 0.025