2 0.215162037037037 0.6184027777777777 0.25960648148148147 0.329224537037037
1 0.3891203703703704 0.9642939814814815 0.12777777777777777 0.05150462962962976
1 0.31599537037037034 0.7344618055555555 0.08570601851851851 0.10451388888888893
1 0.4415219907407407 0.5669560185185185 0.05057870370370363 0.06423611111111108
1 0.3862210648148148 0.5322048611111111 0.042025462962963014 0.051446759259259164
1 0.5561805555555555 0.4538773148148148 0.03228009259259253 0.04484953703703702
1 0.41615162037037035 0.455931712962963 0.030254629629629548 0.036979166666666785
1 0.5998784722222222 0.43816550925925923 0.03402777777777786 0.04803240740740744
1 0.5271527777777777 0.3868344907407407 0.02013888888888893 0.024131944444444463
1 0.5504976851851853 0.38440393518518523 0.02013888888888893 0.024131944444444463
1 0.4030844907407407 0.42039930555555555 0.021886574074074083 0.027314814814814882
1 0.43506944444444445 0.418431712962963 0.023449074074074084 0.027372685185185118
1 0.4564930555555556 0.4364293981481481 0.02712962962962955 0.03686342592592595
1 0.4687384259259259 0.3788194444444445 0.01692129629629626 0.022453703703703632
2 0.5643171296296297 0.35335648148148147 0.025937499999999857 0.043055555555555534
2 0.4377083333333333 0.35726273148148147 0.025937500000000037 0.043055555555555534