1 0.2203125 0.79140625 0.10859375 0.14140625
1 0.32578125 0.8640625 0.0921875 0.146875
1 0.15703125 0.69296875 0.0765625 0.0859375
1 0.3234375 0.59921875 0.053125 0.065625
1 0.6375 0.53671875 0.03828125 0.06796875
2 0.3640625 0.415625 0.06484375 0.1125
1 0.4375 0.49609375 0.03125 0.05
1 0.3828125 0.49609375 0.03046875 0.04140625
1 0.5734375 0.43671875 0.01796875 0.02890625
2 0.45078125 0.36953125 0.0234375 0.04453125
1 0.40390625 0.4140625 0.01875 0.028125
1 0.575 0.39296875 0.01328125 0.01953125
1 0.4671875 0.4078125 0.0171875 0.0234375
1 0.45390625 0.44296875 0.021875 0.03046875
1 0.43125 0.41484375 0.01796875 0.0265625
1 0.4359375 0.43671875 0.0234375 0.02890625
2 0.546875 0.34296875 0.0140625 0.03046875