1 0.3375 0.82109375 0.09453125 0.15
1 0.0765625 0.803125 0.11953125 0.1234375
1 0.24375 0.74765625 0.08515625 0.10390625
1 0.6234375 0.68046875 0.06171875 0.09453125
1 0.328125 0.58671875 0.05078125 0.065625
1 0.71328125 0.56796875 0.0484375 0.0609375
1 0.4140625 0.56328125 0.0421875 0.06796875
1 0.875 0.73359375 0.11328125 0.16640625
1 0.65 0.48828125 0.03125 0.04609375
1 0.4359375 0.49921875 0.02890625 0.04296875
1 0.3625 0.46015625 0.0296875 0.04296875
1 0.5859375 0.46328125 0.0234375 0.03203125
1 0.55703125 0.39296875 0.0140625 0.021875
1 0.4390625 0.40546875 0.015625 0.025
1 0.4609375 0.4265625 0.01640625 0.025
1 0.71875 0.9828125 0.10078125 0.034375
1 0.3875 0.428125 0.01875 0.0234375
1 0.41640625 0.40234375 0.015625 0.0234375
1 0.5359375 0.41171875 0.01640625 0.0265625
1 0.4171875 0.44921875 0.02421875 0.0375
1 0.54453125 0.44921875 0.0234375 0.03203125
2 0.4484375 0.35703125 0.0203125 0.04140625
1 0.5234375 0.37578125 0.01171875 0.01796875
1 0.46953125 0.39296875 0.0140625 0.01953125