1 0.1265625 0.725 0.10703125 0.1
2 0.43125 0.41171875 0.0234375 0.04609375
2 0.64140625 0.45234375 0.0484375 0.090625
1 0.3078125 0.51953125 0.03828125 0.04453125
1 0.4359375 0.53046875 0.0328125 0.04453125
1 0.3953125 0.47578125 0.02734375 0.034375
1 0.36875 0.51796875 0.03203125 0.04453125
1 0.603125 0.42578125 0.01875 0.02890625
1 0.46796875 0.40390625 0.0171875 0.025
1 0.4625 0.425 0.01875 0.025
1 0.4078125 0.42109375 0.01796875 0.025
1 0.40859375 0.40703125 0.0171875 0.025
2 0.4515625 0.46171875 0.02734375 0.04296875
2 0.27578125 0.6515625 0.0984375 0.1609375
1 0.4796875 0.378125 0.0125 0.01640625