2 0.8875 0.73671875 0.22421875 0.47890625
1 0.2328125 0.70546875 0.08046875 0.09140625
1 0.6734375 0.60859375 0.0546875 0.0859375
1 0.3390625 0.58515625 0.04453125 0.059375
1 0.43125 0.5140625 0.03046875 0.046875
1 0.70546875 0.93984375 0.1078125 0.1203125
1 0.3359375 0.49453125 0.03203125 0.04453125
1 0.4078125 0.45546875 0.02265625 0.03046875
1 0.38203125 0.43671875 0.0203125 0.0265625
1 0.43203125 0.41484375 0.0171875 0.0234375
1 0.4640625 0.41484375 0.01640625 0.0234375
1 0.6015625 0.434375 0.02109375 0.02890625
1 0.40859375 0.40859375 0.0171875 0.021875
2 0.2578125 0.54609375 0.09765625 0.15
1 0.62421875 0.45546875 0.0234375 0.03359375
1 0.475 0.39140625 0.01328125 0.01953125
2 0.5515625 0.36796875 0.02265625 0.05859375
1 0.52734375 0.39765625 0.0140625 0.01796875
1 0.4328125 0.38671875 0.01171875 0.01796875