1 0.8636921296296297 0.7006423611111112 0.08133101851851876 0.11211805555555543
1 0.20921874999999995 0.672048611111111 0.0778356481481481 0.0870717592592591
1 0.4204803240740741 0.5853067129629629 0.04306712962962962 0.060000000000000143
1 0.635005787037037 0.6133854166666667 0.056053240740740765 0.09299768518518511
1 0.3462152777777778 0.58328125 0.05251157407407412 0.06482638888888878
1 0.45265046296296296 0.4887152777777778 0.028726851851851976 0.04104166666666664
1 0.3662094907407408 0.50875 0.039733796296296295 0.04589120370370381
1 0.4063310185185185 0.4214178240740741 0.020729166666666642 0.028425925925925986
1 0.40857638888888886 0.4674884259259259 0.031898148148148134 0.044212962962962975
1 0.5477025462962963 0.4169791666666667 0.017604166666666643 0.028379629629629654
1 0.4382349537037037 0.41234953703703703 0.01912037037037031 0.025277777777777823
1 0.5726446759259259 0.41270254629629627 0.01443287037037031 0.025208333333333322
1 0.5305324074074074 0.36565972222222226 0.012777777777777643 0.018935185185185156
2 0.44732060185185185 0.3926793981481481 0.017673611111111143 0.033067129629629655
2 0.4662152777777778 0.34942129629629626 0.0209837962962963 0.04561342592592599
2 0.4650057870370371 0.4260185185185185 0.0287962962962963 0.04572916666666664