2 0.90703125 0.759375 0.1828125 0.415625
1 0.14921875 0.91484375 0.1453125 0.1703125
1 0.03125 0.88046875 0.06171875 0.11953125
1 0.38125 0.67421875 0.05625 0.08203125
1 0.6515625 0.56796875 0.04296875 0.06640625
1 0.3421875 0.56171875 0.04296875 0.05703125
2 0.375 0.4203125 0.04375 0.084375
1 0.28671875 0.54296875 0.0453125 0.05
1 0.58203125 0.47265625 0.025 0.0375
1 0.43671875 0.51484375 0.0296875 0.04609375
1 0.60625 0.434375 0.0203125 0.03203125
1 0.4015625 0.46640625 0.02578125 0.03359375
1 0.565625 0.42265625 0.01796875 0.0265625
1 0.4203125 0.43359375 0.0203125 0.028125
1 0.3765625 0.50546875 0.03125 0.053125
1 0.47578125 0.38828125 0.0125 0.01796875
1 0.29453125 0.9890625 0.0953125 0.021875
1 0.45625 0.44296875 0.01953125 0.03046875
1 0.590625 0.41328125 0.01640625 0.0234375
1 0.46015625 0.42265625 0.01875 0.0265625
1 0.4015625 0.41484375 0.01640625 0.0265625
1 0.48125 0.36953125 0.01171875 0.01640625
1 0.56875 0.390625 0.0125 0.01953125