1 0.7445138888888888 0.8559201388888888 0.1500694444444445 0.2135416666666668
1 0.19708333333333333 0.8373263888888889 0.12336805555555559 0.13993055555555572
1 0.3749652777777778 0.6657523148148148 0.07121527777777778 0.09112268518518522
2 0.9218576388888889 0.7140277777777777 0.11225694444444442 0.4522453703703704
1 0.16480902777777778 0.7024537037037037 0.09166666666666665 0.09439814814814813
1 0.31161458333333336 0.597494212962963 0.0608680555555555 0.0691782407407409
1 0.39911458333333333 0.5265567129629629 0.041284722222222216 0.050289351851851904
2 0.3496180555555556 0.42773726851851845 0.056805555555555554 0.08320601851851847
1 0.3664236111111111 0.47134837962962967 0.036666666666666715 0.05181712962962966
2 0.7115972222222222 0.5070601851851851 0.1197916666666666 0.1648958333333333
1 0.5893923611111112 0.4275231481481481 0.02965277777777775 0.03458333333333332
1 0.534357638888889 0.40059606481481486 0.02312499999999993 0.02828703703703699
1 0.42446180555555557 0.44826967592592587 0.028229166666666573 0.037696759259259235
1 0.4369791666666666 0.3950694444444445 0.019791666666666784 0.02357638888888891
1 0.5022222222222222 0.4031770833333333 0.019930555555555608 0.026701388888889
1 0.3205729166666667 0.5013657407407408 0.05184027777777782 0.0769212962962964
2 0.3982986111111111 0.38676504629629627 0.04395833333333332 0.0753009259259259
1 0.5223784722222222 0.3538252314814815 0.014965277777777786 0.02041666666666675