1 0.8746006944444445 0.9434895833333332 0.1744444444444447 0.11302083333333357
1 0.9347048611111111 0.8853877314814815 0.09781249999999986 0.18836805555555536
0 0.7249131944444445 0.5749074074074073 0.16409722222222206 0.2219444444444445
1 0.12553819444444445 0.7928472222222223 0.12232638888888889 0.16797453703703696
2 0.5545312499999999 0.4623321759259259 0.08263888888888893 0.13753472222222224
1 0.6997916666666667 0.6845023148148148 0.09937500000000003 0.11824074074074069
1 0.5686631944444445 0.6360532407407408 0.0609375 0.07383101851851848
1 0.6000347222222222 0.4916261574074074 0.03368055555555553 0.041006944444444395
1 0.5005555555555555 0.4974652777777777 0.03215277777777779 0.042476851851851904
1 0.3671527777777778 0.48095486111111113 0.027326388888888963 0.035949074074074085
1 0.5823958333333333 0.5461226851851853 0.04982638888888893 0.06537037037037034
1 0.37588541666666664 0.44001157407407404 0.019270833333333303 0.024548611111111108
1 0.4019965277777778 0.42669560185185185 0.017673611111111143 0.02289351851851862
1 0.4855381944444444 0.46919560185185183 0.027256944444444285 0.03282407407407408
1 0.47505208333333326 0.4482349537037037 0.019340277777777713 0.027673611111111107
2 0.5338194444444444 0.40869212962962964 0.0484375 0.07309027777777785
2 0.47039930555555554 0.3759895833333333 0.03086805555555543 0.05488425925925924
2 0.3275520833333333 0.5380613425925926 0.06006944444444447 0.10498842592592598
1 0.4569965277777778 0.4158738425925925 0.017708333333333215 0.02445601851851862
1 0.5037673611111112 0.45854166666666674 0.024201388888888786 0.03576388888888893