1 0.115625 0.93828125 0.1375 0.12109375
1 0.2 0.66171875 0.08046875 0.08203125
1 0.39375 0.65546875 0.05703125 0.08359375
1 0.7 0.6515625 0.0609375 0.0859375
1 0.4390625 0.4765625 0.02578125 0.0359375
1 0.5578125 0.49296875 0.0265625 0.04140625
1 0.36015625 0.46796875 0.028125 0.0359375
1 0.57734375 0.44296875 0.0203125 0.03046875
1 0.5375 0.43515625 0.01875 0.02890625
1 0.4484375 0.390625 0.0125 0.01953125
1 0.471875 0.39453125 0.01328125 0.01953125
1 0.52578125 0.38984375 0.0125 0.02109375
1 0.4 0.41640625 0.01796875 0.021875
1 0.5546875 0.40078125 0.01484375 0.02109375
1 0.37890625 0.440625 0.0203125 0.028125
1 0.4578125 0.42421875 0.01953125 0.0265625
1 0.5703125 0.38515625 0.01328125 0.01796875
1 0.4125 0.440625 0.0203125 0.03046875
1 0.446875 0.36796875 0.01015625 0.01640625