1 0.8699421296296297 0.7996875 0.11148148148148138 0.14461805555555554
1 0.21964699074074073 0.7414583333333333 0.10490740740740741 0.12260416666666671
1 0.19585069444444442 0.6122569444444445 0.0841550925925926 0.09246527777777783
1 0.024461805555555556 0.8598958333333332 0.025034722222222215 0.10833333333333357
1 0.36930555555555555 0.45131944444444444 0.034976851851851884 0.04138888888888879
1 0.40079861111111115 0.46703124999999995 0.02870370370370363 0.03968750000000014
1 0.4535590277777778 0.49399305555555556 0.027164351851851797 0.04121527777777771
1 0.40465277777777775 0.4106770833333334 0.025486111111111143 0.033368055555555644
1 0.41886574074074073 0.5260243055555556 0.05621527777777775 0.10434027777777785
1 0.47411458333333334 0.40444444444444444 0.020706018518518478 0.027013888888888893
1 0.4908159722222223 0.37124999999999997 0.014409722222222143 0.023749999999999983
1 0.4328356481481482 0.4139583333333333 0.023923611111111142 0.033333333333333395
1 0.5448148148148148 0.3763020833333333 0.014409722222222143 0.02375000000000007
1 0.583130787037037 0.3777951388888889 0.014363425925925988 0.020624999999999984
1 0.4566608796296297 0.3868576388888889 0.017581018518518475 0.026944444444444392
1 0.4655729166666666 0.35539930555555554 0.011168981481481488 0.015868055555555573