1 0.5467187499999999 0.9559085648148148 0.1423958333333335 0.08818287037037038
1 0.6912499999999999 0.8668692129629629 0.12822916666666656 0.14922453703703695
1 0.7726041666666668 0.7877662037037038 0.12729166666666672 0.13516203703703694
1 0.5291145833333333 0.6752951388888888 0.06843749999999993 0.09276620370370381
1 0.6489583333333334 0.5835706018518518 0.05385416666666672 0.06077546296296301
1 0.6072395833333333 0.503449074074074 0.035520833333333356 0.042569444444444396
1 0.5194270833333333 0.5382465277777777 0.043020833333333286 0.06168981481481488
1 0.39765625 0.4824016203703703 0.039270833333333324 0.05212962962962955
1 0.55765625 0.48247106481481483 0.033749999999999857 0.0393518518518519
1 0.5031770833333333 0.42904513888888884 0.025416666666666643 0.031076388888888928
1 0.5497916666666667 0.447494212962963 0.02385416666666664 0.030983796296296263
1 0.49494791666666665 0.399537037037037 0.0203125 0.024548611111111108
1 0.44296875 0.3792013888888889 0.016979166666666677 0.021238425925925952
2 0.35270833333333335 0.45071759259259264 0.053749999999999964 0.08255787037037052
1 0.5060416666666667 0.468431712962963 0.027395833333333286 0.037418981481481595
2 0.22416666666666668 0.5905555555555555 0.1177083333333333 0.17817129629629633
1 0.5454166666666667 0.4072337962962963 0.0203125 0.024548611111111108
1 0.49296875 0.37039930555555556 0.01875 0.02445601851851844
1 0.44989583333333333 0.357650462962963 0.013749999999999929 0.019490740740740708