1 0.81796875 0.703125 0.0875 0.10859375
1 0.4 0.63671875 0.05078125 0.07890625
1 0.7125 0.684375 0.06875 0.10703125
1 0.24609375 0.61171875 0.065625 0.07109375
1 0.3171875 0.61015625 0.06015625 0.07109375
1 0.3546875 0.471875 0.03046875 0.0359375
1 0.425 0.43203125 0.01875 0.028125
1 0.45625 0.46015625 0.01953125 0.03203125
1 0.4703125 0.40078125 0.01484375 0.02109375
1 0.6078125 0.43671875 0.02109375 0.02890625
1 0.45 0.39140625 0.0125 0.01953125
1 0.5578125 0.403125 0.01484375 0.0234375
1 0.4140625 0.40234375 0.01484375 0.02109375
1 0.44375 0.37109375 0.01171875 0.01640625
1 0.48203125 0.37265625 0.0109375 0.01796875