1 0.3555729166666667 0.5950810185185185 0.06162037037037038 0.0751504629629629
2 0.40013310185185186 0.39814814814814814 0.06776620370370363 0.10341435185185181
1 0.45193287037037033 0.5671875 0.04542824074074083 0.06374999999999993
1 0.6587152777777778 0.5109837962962963 0.04181712962962969 0.054282407407407265
1 0.3356134259259259 0.5119502314814814 0.03820601851851855 0.04481481481481477
1 0.3987326388888889 0.5069502314814814 0.035081018518518546 0.04472222222222229
1 0.23869791666666665 0.6196701388888889 0.03317129629629623 0.06806712962962962
1 0.4592361111111112 0.48168402777777786 0.02850694444444457 0.03828703703703695
1 0.15531250000000002 0.9883275462962964 0.1149537037037037 0.020567129629629477
1 0.6836168981481482 0.4781655092592592 0.035243055555555534 0.047847222222222284
1 0.6128356481481482 0.39575810185185184 0.020046296296296263 0.025555555555555644
1 0.48756365740740737 0.3791261574074074 0.015034722222222286 0.019166666666666644
1 0.5928703703703704 0.3728761574074074 0.013472222222222285 0.0191203703703704
1 0.47836805555555556 0.4130439814814816 0.020046296296296263 0.025555555555555644
1 0.5405787037037036 0.36034143518518513 0.013634259259259096 0.02224537037037031
1 0.5652430555555557 0.3682175925925926 0.015034722222222286 0.019166666666666644
1 0.4623090277777778 0.3900462962962963 0.016759259259259272 0.022337962962962976
2 0.4805266203703704 0.33395254629629634 0.021018518518518547 0.044305555555555556
1 0.5391087962962964 0.3470833333333333 0.010347222222222285 0.01902777777777782