1 0.321875 0.9078125 0.09765625 0.165625
1 0.8859375 0.77421875 0.0953125 0.12890625
1 0.1453125 0.92421875 0.15546875 0.1515625
2 0.3421875 0.453125 0.0734375 0.11640625
1 0.325 0.59921875 0.05 0.06796875
1 0.41875 0.578125 0.04296875 0.0609375
1 0.4390625 0.4953125 0.0265625 0.040625
1 0.3671875 0.52421875 0.03359375 0.0484375
1 0.40625 0.46171875 0.02421875 0.034375
1 0.925 0.96796875 0.11171875 0.0640625
1 0.55390625 0.39296875 0.0140625 0.021875
1 0.58046875 0.446875 0.0203125 0.02890625
1 0.525 0.39140625 0.01328125 0.01953125
1 0.43125 0.415625 0.01796875 0.025
1 0.45546875 0.43359375 0.0203125 0.028125
1 0.4734375 0.39765625 0.01484375 0.02109375
2 0.54921875 0.34453125 0.0125 0.03046875
1 0.42265625 0.39609375 0.015625 0.021875
1 0.5203125 0.36640625 0.01015625 0.01640625