2 0.23125 0.553125 0.15859375 0.221875
1 0.81953125 0.69609375 0.0703125 0.103125
1 0.2484375 0.73671875 0.08671875 0.09609375
1 0.66875 0.52734375 0.0421875 0.0515625
2 0.375 0.42421875 0.0625 0.09296875
1 0.5796875 0.53203125 0.03515625 0.05546875
1 0.4078125 0.571875 0.03984375 0.05703125
1 0.44453125 0.471875 0.0234375 0.034375
1 0.428125 0.42265625 0.01796875 0.0265625
1 0.6125 0.44453125 0.01953125 0.03046875
1 0.56015625 0.415625 0.015625 0.0234375
1 0.3828125 0.51015625 0.03515625 0.0484375
1 0.5328125 0.40234375 0.0140625 0.02109375
1 0.46171875 0.42421875 0.0171875 0.0234375
2 0.4046875 0.453125 0.03359375 0.05546875
1 0.5546875 0.396875 0.01328125 0.01796875
1 0.58203125 0.40703125 0.0140625 0.021875
1 0.3375 0.49140625 0.03125 0.04140625
1 0.44375 0.39765625 0.01328125 0.02109375
1 0.00546875 0.95546875 0.0109375 0.08046875
2 0.47421875 0.38046875 0.0140625 0.025