1 0.7953125 0.81015625 0.1109375 0.1984375
1 0.2640625 0.72421875 0.08046875 0.0984375
1 0.3859375 0.68046875 0.06953125 0.10859375
1 0.84296875 0.70390625 0.0828125 0.10546875
1 0.1453125 0.7265625 0.096875 0.096875
1 0.6125 0.66015625 0.05625 0.09609375
1 0.32265625 0.51328125 0.0359375 0.04296875
1 0.6890625 0.54140625 0.03828125 0.05546875
1 0.43671875 0.51953125 0.0328125 0.046875
1 0.63125 0.46640625 0.02578125 0.0359375
1 0.36875 0.46171875 0.0234375 0.03203125
1 0.5609375 0.496875 0.02578125 0.04296875
1 0.4296875 0.42421875 0.01796875 0.0265625
1 0.40078125 0.46484375 0.0265625 0.034375
1 0.3984375 0.421875 0.01796875 0.0234375
1 0.45 0.46328125 0.02421875 0.034375
1 0.54375 0.45546875 0.01953125 0.0359375
1 0.525 0.390625 0.0125 0.01953125
1 0.3734375 0.51171875 0.04140625 0.05703125
1 0.4625 0.41796875 0.01796875 0.028125
1 0.5890625 0.415625 0.015625 0.025
1 0.47265625 0.39453125 0.0140625 0.021875
1 0.44453125 0.39765625 0.0140625 0.02109375
1 0.56328125 0.41328125 0.0171875 0.0265625
1 0.5421875 0.43046875 0.01875 0.03359375
1 0.58125 0.44296875 0.01875 0.03046875
2 0.4859375 0.33828125 0.01328125 0.0234375