1 0.14453125 0.90078125 0.1265625 0.15390625
1 0.35546875 0.82265625 0.0796875 0.1265625
1 0.121875 0.76796875 0.10078125 0.10546875
1 0.29375 0.9453125 0.11796875 0.109375
1 0.5890625 0.584375 0.04375 0.06796875
1 0.30625 0.640625 0.05703125 0.075
2 0.2890625 0.50703125 0.11015625 0.16953125
1 0.7046875 0.55078125 0.04296875 0.05703125
1 0.41328125 0.55546875 0.0359375 0.053125
1 0.446875 0.47421875 0.02421875 0.034375
1 0.3859375 0.49765625 0.03203125 0.04296875
1 0.6234375 0.45078125 0.02265625 0.03203125
1 0.3625 0.46171875 0.025 0.034375
1 0.4296875 0.42578125 0.0203125 0.0265625
1 0.46015625 0.42734375 0.01875 0.0265625
1 0.40703125 0.42578125 0.0171875 0.0234375
1 0.4140625 0.40390625 0.0140625 0.021875
1 0.4703125 0.40234375 0.01484375 0.02109375
1 0.5671875 0.37734375 0.01171875 0.015625