1 0.7139467592592592 0.8567245370370371 0.1197106481481482 0.17378472222222213
1 0.95921875 0.8173263888888889 0.08156250000000007 0.14648148148148152
1 0.8055960648148147 0.7704166666666667 0.10336805555555557 0.12488425925925917
1 0.3918865740740741 0.7292650462962963 0.07815972222222226 0.11008101851851855
1 0.6946064814814814 0.605480324074074 0.0636111111111111 0.07685185185185191
1 0.2816608796296296 0.6158912037037038 0.060416666666666605 0.07207175925925924
1 0.5998321759259259 0.5862731481481481 0.054282407407407265 0.07969907407407409
1 0.12985532407407407 0.8058391203703703 0.1418865740740741 0.19474537037037046
1 0.3388888888888889 0.5254398148148148 0.039849537037037044 0.05428240740740744
1 0.5683912037037038 0.5197453703703704 0.03667824074074062 0.05106481481481477
1 0.6418807870370371 0.4727256944444445 0.03667824074074062 0.05106481481481495
1 0.4040162037037037 0.4937905092592592 0.028680555555555643 0.03833333333333329
1 0.4255034722222222 0.4155555555555555 0.019143518518518476 0.02711805555555564
1 0.5528472222222222 0.4193287037037036 0.019166666666666644 0.028680555555555643
1 0.5321238425925926 0.44370370370370366 0.022291666666666644 0.028773148148148308
1 0.6109375 0.4397916666666667 0.023831018518518477 0.027256944444444285
1 0.5769849537037037 0.4145775462962963 0.019143518518518476 0.02711805555555564
1 0.45076967592592593 0.4342650462962963 0.022314814814814808 0.030335648148148132
1 0.5831944444444443 0.4647395833333333 0.03033564814814831 0.044629629629629616
1 0.4466956018518518 0.4755324074074074 0.028680555555555643 0.03833333333333329
2 0.5372627314814815 0.36888888888888893 0.027233796296296298 0.04609953703703695
1 0.4603240740740741 0.3939409722222222 0.01436342592592581 0.020729166666666642
1 0.5191030092592592 0.40817708333333336 0.017534722222222143 0.02394675925925931