2 0.3484375 0.496875 0.09140625 0.15703125
2 0.18515625 0.59296875 0.2140625 0.25859375
1 0.7125 0.65703125 0.0578125 0.0890625
1 0.37734375 0.66171875 0.0546875 0.08203125
1 0.7375 0.58671875 0.05546875 0.06796875
1 0.665625 0.50546875 0.034375 0.04453125
1 0.25703125 0.97421875 0.10625 0.0515625
2 0.4015625 0.4078125 0.028125 0.0515625
0 0.4265625 0.36796875 0.028125 0.05546875
1 0.465625 0.41171875 0.0171875 0.0234375
1 0.45078125 0.44921875 0.0203125 0.03203125
1 0.475 0.38203125 0.01328125 0.01953125