1 0.2453125 0.728125 0.0875 0.1140625
1 0.41640625 0.59921875 0.04375 0.065625
1 0.26875 0.57890625 0.05 0.06640625
1 0.4390625 0.48515625 0.02734375 0.04296875
1 0.3453125 0.48046875 0.025 0.03359375
1 0.3828125 0.43671875 0.01953125 0.0265625
1 0.62421875 0.45078125 0.0234375 0.03203125
1 0.4140625 0.45078125 0.02109375 0.03203125
1 0.45 0.44296875 0.01953125 0.028125
1 0.56875 0.42421875 0.01796875 0.02890625
0 0.53125 0.38671875 0.01953125 0.0375
1 0.5796875 0.39765625 0.01328125 0.01796875
1 0.4609375 0.40546875 0.01640625 0.021875
1 0.471875 0.39296875 0.01484375 0.01953125
1 0.5578125 0.37265625 0.01171875 0.01796875
1 0.4390625 0.41015625 0.01484375 0.02109375