1 0.33046875 0.92421875 0.1078125 0.1484375
1 0.2203125 0.778125 0.09375 0.11953125
1 0.16171875 0.69453125 0.0953125 0.10546875
1 0.3984375 0.63359375 0.04921875 0.075
1 0.30703125 0.5328125 0.0390625 0.0484375
1 0.3578125 0.46796875 0.025 0.03359375
1 0.43046875 0.51328125 0.0296875 0.0515625
1 0.5484375 0.48359375 0.02734375 0.04140625
1 0.40625 0.45703125 0.02421875 0.03046875
1 0.46328125 0.41796875 0.01875 0.025
1 0.41875 0.42734375 0.01796875 0.0265625
1 0.47578125 0.39296875 0.0140625 0.01953125
1 0.52578125 0.384375 0.0125 0.01796875
2 0.59453125 0.46171875 0.0359375 0.06796875
1 0.45390625 0.453125 0.01875 0.03046875
2 0.6859375 0.6078125 0.08046875 0.1484375
1 0.42890625 0.39140625 0.0140625 0.01953125
1 0.4828125 0.36796875 0.0125 0.01953125
1 0.5234375 0.36328125 0.01015625 0.015625