1 0.5711458333333332 0.72578125 0.08968750000000014 0.15
1 0.21734375 0.53671875 0.06062500000000002 0.065625
1 0.33890624999999996 0.58828125 0.06031250000000003 0.084375
1 0.9029166666666667 0.940625 0.03604166666666657 0.11875
1 0.6727604166666666 0.68984375 0.09020833333333336 0.1109375
1 0.29291666666666666 0.4578125 0.037395833333333336 0.0453125
1 0.33348958333333334 0.48203125 0.04124999999999997 0.05625
1 0.5263020833333334 0.49609375 0.04072916666666657 0.0484375
1 0.5671354166666667 0.44609375 0.03208333333333328 0.0359375
1 0.4397916666666667 0.3640625 0.01875 0.0234375
1 0.5905729166666667 0.42265625 0.024062500000000143 0.0328125
1 0.50578125 0.39375 0.022291666666666644 0.0296875
1 0.42333333333333334 0.4 0.024062499999999966 0.0328125
1 0.40932291666666665 0.3640625 0.01875 0.0234375
1 0.3677604166666667 0.425 0.029166666666666608 0.0390625
1 0.5201041666666667 0.43671875 0.028958333333333287 0.0359375
2 0.5401562500000001 0.33515625 0.03135416666666657 0.0484375
2 0.39921875 0.33984375 0.022499999999999964 0.0328125
1 0.5604166666666667 0.3828125 0.01895833333333332 0.0265625
2 0.5026041666666667 0.32421875 0.025208333333333322 0.05