1 0.6321990740740742 0.7753587962962963 0.10721064814814803 0.142025462962963
1 0.8584895833333335 0.6836284722222222 0.12054398148148167 0.12837962962962965
1 0.6987037037037037 0.636099537037037 0.09637731481481496 0.11362268518518519
1 0.39369791666666665 0.5008275462962963 0.04009259259259261 0.05111111111111111
1 0.6601851851851851 0.49137152777777776 0.04494212962962969 0.05437499999999993
1 0.5854571759259259 0.4733043981481481 0.03836805555555554 0.047939814814814775
1 0.5139467592592593 0.4684027777777778 0.029988425925925988 0.03677083333333329
1 0.3225810185185185 0.473292824074074 0.03023148148148147 0.041458333333333285
1 0.5469791666666667 0.4331018518518519 0.02686342592592599 0.03667824074074062
1 0.5260243055555556 0.40096064814814814 0.023252314814814844 0.02721064814814813
1 0.5026388888888889 0.4156944444444444 0.02662037037037024 0.0319907407407408
1 0.48723379629629626 0.3818287037037037 0.018564814814814666 0.02707175925925931
1 0.5515914351851852 0.3892824074074074 0.018402777777777858 0.02394675925925931
1 0.368912037037037 0.40717592592592594 0.018402777777777768 0.02394675925925931
2 0.6125636574074074 0.43193865740740733 0.044027777777777645 0.0668287037037036
1 0.5202777777777777 0.3613483796296296 0.015277777777777857 0.02385416666666664
1 0.47430555555555554 0.36037037037037034 0.01511574074074069 0.020729166666666642