1 0.2453125 0.59921875 0.06171875 0.06796875
1 0.36015625 0.46328125 0.025 0.03203125
1 0.5609375 0.48203125 0.02578125 0.0390625
1 0.58125 0.4390625 0.01875 0.028125
1 0.4234375 0.43515625 0.02265625 0.0265625
1 0.3953125 0.42421875 0.01953125 0.0265625
1 0.46171875 0.42890625 0.0171875 0.025
1 0.45 0.446875 0.0234375 0.0359375
1 0.53046875 0.396875 0.0140625 0.02109375
2 0.45546875 0.35546875 0.0171875 0.03359375
1 0.44375 0.39765625 0.01484375 0.0234375
1 0.4046875 0.465625 0.03046875 0.046875
1 0.4703125 0.40390625 0.01484375 0.025
1 0.4203125 0.396875 0.01484375 0.0234375