2 0.36171875 0.43046875 0.0609375 0.1109375
1 0.8171875 0.69921875 0.08359375 0.115625
1 0.5953125 0.60390625 0.0484375 0.08046875
1 0.3984375 0.621875 0.046875 0.07109375
1 0.728125 0.94296875 0.11953125 0.1109375
1 0.6234375 0.51640625 0.03359375 0.05546875
1 0.425 0.53671875 0.03359375 0.0515625
1 0.425 0.43046875 0.01796875 0.028125
1 0.37734375 0.50703125 0.0296875 0.04453125
2 0.0140625 0.79765625 0.028125 0.39296875
1 0.6078125 0.434375 0.02109375 0.03203125
2 0.33125 0.5453125 0.08125 0.1265625
1 0.4609375 0.42265625 0.0171875 0.0234375
1 0.403125 0.41796875 0.015625 0.021875
1 0.5875 0.453125 0.0234375 0.0359375
1 0.53515625 0.4140625 0.0171875 0.028125
1 0.56328125 0.41640625 0.0171875 0.025
1 0.4515625 0.45390625 0.01953125 0.03046875
1 0.5828125 0.40546875 0.01484375 0.021875
1 0.53125 0.3953125 0.0140625 0.0234375
1 0.46875 0.39765625 0.01328125 0.02109375
2 0.275 0.49453125 0.07421875 0.10546875
1 0.18515625 0.54140625 0.078125 0.1
1 0.56796875 0.384375 0.0125 0.01796875
1 0.09296875 0.98984375 0.0921875 0.0203125
1 0.42578125 0.39296875 0.0140625 0.01953125