1 0.9625 0.91015625 0.075 0.1765625
1 0.28125 0.69296875 0.06796875 0.09453125
1 0.7296875 0.58046875 0.0578125 0.08359375
1 0.171875 0.69921875 0.090625 0.09609375
1 0.40703125 0.58671875 0.0421875 0.0625
1 0.31875 0.94140625 0.10625 0.11640625
1 0.5765625 0.54453125 0.03359375 0.053125
1 0.36875 0.5265625 0.03671875 0.05
1 0.6453125 0.484375 0.02890625 0.0375
1 0.3421875 0.48125 0.03125 0.0375
1 0.6109375 0.50390625 0.028125 0.04453125
1 0.4046875 0.46015625 0.02578125 0.0375
1 0.54140625 0.4265625 0.0171875 0.025
1 0.39921875 0.41796875 0.0171875 0.025
1 0.5640625 0.41953125 0.01640625 0.025
1 0.6140625 0.44296875 0.01953125 0.028125
1 0.52734375 0.39921875 0.0125 0.01796875
1 0.4421875 0.4078125 0.01484375 0.0234375
1 0.5828125 0.40546875 0.01484375 0.021875
1 0.46640625 0.41640625 0.0171875 0.025
1 0.5546875 0.39765625 0.01328125 0.02109375
2 0.45 0.44765625 0.03046875 0.05390625
2 0.5453125 0.35078125 0.0171875 0.04296875