1 0.8046354166666667 0.5519965277777777 0.07583333333333328 0.0880208333333334
1 0.4184375 0.5649016203703704 0.057395833333333354 0.09131944444444429
1 0.7001041666666666 0.4325520833333334 0.047395833333333394 0.057928240740740836
1 0.66703125 0.39574652777777775 0.035208333333333286 0.03836805555555554
1 0.6247916666666666 0.3980902777777778 0.03229166666666679 0.04126157407407405
1 0.3656770833333334 0.4094328703703704 0.032187500000000036 0.039699074074074046
1 0.5792708333333334 0.4454282407407407 0.03770833333333332 0.05254629629629637
1 0.5992708333333333 0.36857638888888883 0.02562500000000014 0.03454861111111107
1 0.57734375 0.4047453703703704 0.03208333333333328 0.038136574074074045
2 0.16942708333333334 0.6218171296296295 0.2778125 0.3657407407407408
1 0.68171875 0.5100694444444445 0.03260416666666668 0.06927083333333321
1 0.4297916666666667 0.33480902777777777 0.01895833333333332 0.027835648148148096
1 0.5475520833333334 0.32294560185185184 0.01875 0.024710648148148096
1 0.5697916666666666 0.36212384259259256 0.02250000000000014 0.034317129629629586
2 0.24510416666666668 0.5439814814814815 0.10968749999999998 0.19936342592592596
1 0.5827083333333334 0.3321180555555555 0.022499999999999964 0.034317129629629586
2 0.55625 0.2767650462962963 0.02822916666666675 0.050289351851851904
1 0.47619791666666667 0.3007523148148148 0.015312499999999929 0.019791666666666607
1 0.13588541666666668 0.860619212962963 0.17177083333333334 0.24438657407407405