1 0.22703124999999996 0.9265451388888888 0.16619212962962965 0.14496527777777785
1 0.967326388888889 0.7225578703703703 0.065347222222222 0.15680555555555564
1 0.9426099537037036 0.8539988425925926 0.11478009259259281 0.13218749999999985
1 0.4021006944444444 0.8244560185185185 0.13738425925925934 0.20412037037037045
1 0.3049594907407408 0.5962442129629629 0.055636574074074116 0.06446759259259274
1 0.4287962962962963 0.5695428240740741 0.054166666666666606 0.07070601851851847
1 0.5987847222222222 0.54640625 0.055636574074074116 0.06446759259259256
1 0.562505787037037 0.47088541666666667 0.036539351851851795 0.040891203703703735
2 0.6822800925925926 0.48640625000000004 0.17562499999999998 0.2543981481481481
1 0.3831423611111111 0.49409143518518517 0.0366087962962963 0.04557870370370374
1 0.5967129629629631 0.4065625 0.02704861111111114 0.03300925925925924
1 0.3945428240740741 0.4197800925925925 0.020729166666666642 0.028275462962962905
1 0.4233449074074073 0.41253472222222226 0.02068287037037031 0.025150462962962906
1 0.7545717592592592 0.5139988425925927 0.03210648148148145 0.05804398148148149
1 0.44715856481481475 0.3850115740740741 0.015902777777777644 0.018865740740740745
1 0.5354340277777778 0.4367071759259259 0.028657407407407475 0.03614583333333332
1 0.5738136574074074 0.3903240740740741 0.022291666666666644 0.02828703703703699
1 0.5185416666666667 0.4040162037037037 0.02385416666666664 0.028298611111111073
2 0.5591087962962963 0.3998090277777778 0.03516203703703695 0.05337962962962965
1 0.415162037037037 0.3875925925925926 0.01590277777777782 0.018865740740740745
1 0.5010416666666666 0.3830497685185185 0.017511574074073978 0.02200231481481483