1 0.3359375 0.915625 0.1 0.16640625
1 0.6046875 0.65546875 0.0546875 0.09140625
1 0.3109375 0.621875 0.0578125 0.071875
1 0.65 0.571875 0.0421875 0.0625
1 0.40625 0.5703125 0.0375 0.0765625
1 0.3 0.54140625 0.04453125 0.05
1 0.63984375 0.471875 0.028125 0.0359375
1 0.371875 0.51796875 0.03359375 0.05546875
1 0.40625 0.471875 0.02578125 0.034375
1 0.5875 0.45859375 0.02421875 0.03359375
1 0.546875 0.459375 0.021875 0.0375
1 0.36875 0.45703125 0.02421875 0.028125
1 0.4375 0.4078125 0.01484375 0.0234375
1 0.4140625 0.440625 0.01953125 0.03046875
1 0.4109375 0.41171875 0.0171875 0.0234375
1 0.5296875 0.403125 0.01484375 0.021875
1 0.45546875 0.45078125 0.0203125 0.0375
1 0.58125 0.409375 0.01484375 0.02109375
1 0.45859375 0.41640625 0.01875 0.021875
1 0.47109375 0.39765625 0.0140625 0.01796875
1 0.565625 0.40546875 0.01640625 0.025
2 0.4640625 0.34921875 0.02109375 0.04296875