1 0.24841435185185184 0.6730902777777777 0.09958333333333336 0.10260416666666661
1 0.4067939814814815 0.6302083333333334 0.07724537037037038 0.0938194444444445
1 0.91015625 0.8010763888888889 0.08820601851851854 0.14729166666666665
1 0.601550925925926 0.5257118055555555 0.06906250000000007 0.08722222222222235
1 0.3987673611111111 0.4895312499999999 0.0499305555555555 0.05364583333333321
1 0.35476851851851854 0.4299305555555556 0.03181712962962964 0.037256944444444426
2 0.5431944444444444 0.30078125 0.039548611111111145 0.06253472222222226
1 0.39921296296296294 0.41626736111111107 0.02859953703703706 0.035555555555555604
1 0.543130787037037 0.34130208333333334 0.02381944444444457 0.033784722222222285
1 0.44505787037037037 0.3526736111111111 0.02013888888888893 0.024270833333333287
1 0.4404976851851853 0.37703125000000004 0.02666666666666657 0.02923611111111111
1 0.433912037037037 0.40927083333333336 0.03549768518518519 0.04677083333333325
2 0.4230150462962963 0.31703125 0.028969907407407368 0.04180555555555561
1 0.4069502314814815 0.37774305555555554 0.02013888888888893 0.024270833333333287
2 0.4455381944444444 0.3051215277777778 0.02703703703703706 0.03548611111111111