1 0.884375 0.78671875 0.0984375 0.134375
1 0.23125 0.7703125 0.09296875 0.1125
1 0.19765625 0.64296875 0.075 0.08359375
1 0.0265625 0.903125 0.053125 0.103125
1 0.359375 0.471875 0.03125 0.0375
1 0.3921875 0.48515625 0.02578125 0.0375
1 0.446875 0.50859375 0.0234375 0.0390625
1 0.3921875 0.42890625 0.021875 0.03046875
1 0.4140625 0.54296875 0.04765625 0.1
1 0.4609375 0.41796875 0.01796875 0.025
1 0.475 0.38359375 0.01328125 0.021875
1 0.4203125 0.43046875 0.0203125 0.03046875
1 0.52890625 0.38515625 0.0125 0.02109375
1 0.5671875 0.384375 0.01171875 0.01796875
1 0.4421875 0.4015625 0.015625 0.025
1 0.4484375 0.36953125 0.01015625 0.01640625