1 0.23671875 0.6078125 0.0609375 0.0734375
1 0.5921875 0.61171875 0.04375 0.07890625
1 0.33125 0.496875 0.0375 0.0484375
1 0.3609375 0.46171875 0.028125 0.03203125
1 0.4 0.46328125 0.0265625 0.034375
1 0.6390625 0.46796875 0.02578125 0.03359375
1 0.44296875 0.50546875 0.0296875 0.04453125
1 0.4234375 0.43515625 0.0203125 0.02890625
1 0.44375 0.46796875 0.025 0.03046875
2 0.8359375 0.66015625 0.246875 0.30703125
1 0.3484375 0.56640625 0.02265625 0.0609375
1 0.57890625 0.4015625 0.0140625 0.021875
1 0.4703125 0.39296875 0.0140625 0.01953125
1 0.45078125 0.42890625 0.0171875 0.028125
2 0.7515625 0.5890625 0.08125 0.171875
1 0.43828125 0.4015625 0.0171875 0.028125
2 0.4609375 0.35078125 0.01953125 0.04296875
1 0.5359375 0.37109375 0.01171875 0.01640625
1 0.8828125 0.88671875 0.1875 0.2234375