1 0.24453125 0.64765625 0.0734375 0.07890625
1 0.396875 0.64453125 0.05390625 0.078125
1 0.87890625 0.93984375 0.1421875 0.1203125
1 0.5921875 0.59296875 0.04609375 0.071875
1 0.409375 0.51015625 0.03515625 0.04296875
1 0.37734375 0.44453125 0.021875 0.03046875
2 0.5703125 0.36796875 0.02265625 0.053125
1 0.4203125 0.44140625 0.01953125 0.03046875
1 0.5640625 0.40546875 0.01484375 0.028125
1 0.471875 0.39296875 0.01484375 0.01953125
1 0.4640625 0.41484375 0.01953125 0.0234375
1 0.453125 0.44296875 0.02265625 0.0390625
2 0.45625 0.35390625 0.01875 0.0359375
1 0.4328125 0.40703125 0.01484375 0.01953125
2 0.47890625 0.34765625 0.0171875 0.02890625