1 0.8252893518518519 0.9268229166666668 0.16539351851851833 0.14635416666666642
1 0.6443287037037037 0.9000173611111112 0.140486111111111 0.19836805555555587
1 0.8963368055555556 0.8510416666666668 0.11973379629629619 0.13809027777777771
1 0.2365798611111111 0.6622916666666667 0.13105324074074076 0.19013888888888886
1 0.6168402777777777 0.6018229166666667 0.061562499999999964 0.08708333333333336
1 0.3663078703703704 0.6625868055555555 0.0836342592592592 0.11461805555555564
2 0.02839699074074074 0.7411979166666667 0.05679398148148148 0.36364583333333333
1 0.4016724537037037 0.4250173611111111 0.036250000000000074 0.04378472222222225
1 0.6757233796296296 0.5653645833333334 0.053587962962962976 0.06486111111111122
2 0.6791724537037037 0.41624999999999995 0.06640046296296305 0.10760416666666668
1 0.7080729166666666 0.5238194444444444 0.0425462962962964 0.05031250000000007
1 0.4425173611111111 0.39713541666666663 0.026793981481481488 0.03243055555555552
1 0.5902372685185184 0.3951041666666667 0.01894675925925924 0.027395833333333286
1 0.6015219907407408 0.45421875000000006 0.028402777777777645 0.03874999999999993
1 0.4516550925925927 0.4295833333333333 0.030011574074073975 0.045069444444444426
1 0.5037384259259259 0.36156249999999995 0.01892361111111107 0.024270833333333287
1 0.5231886574074074 0.3733680555555556 0.018935185185185156 0.025833333333333285
1 0.6197800925925926 0.41595486111111113 0.02364583333333332 0.029166666666666608
1 0.6175462962962963 0.40100694444444446 0.01894675925925924 0.027395833333333286
1 0.5382291666666668 0.3474652777777778 0.015775462962962904 0.021006944444444463
1 0.640630787037037 0.44970486111111113 0.02996527777777782 0.03881944444444443