1 0.08689236111111111 0.9339641203703704 0.17378472222222222 0.13207175925925937
2 0.26285300925925925 0.5140335648148148 0.1319212962962963 0.19736111111111115
1 0.3622222222222222 0.7102430555555556 0.07353009259259258 0.09422453703703706
1 0.6304108796296296 0.578130787037037 0.05890046296296312 0.08287037037037041
2 0.5513657407407407 0.39739004629629626 0.03440972222222225 0.061863425925925954
1 0.5694270833333334 0.6224884259259259 0.053888888888888965 0.0764814814814816
1 0.41289351851851847 0.5176967592592593 0.03500000000000014 0.04315972222222229
1 0.3710590277777778 0.49454861111111115 0.030150462962962976 0.03989583333333328
1 0.31903935185185184 0.5923784722222222 0.046666666666666676 0.05754629629629626
1 0.40103587962962967 0.4445775462962963 0.021770833333333427 0.028726851851851976
1 0.4367997685185186 0.4339004629629629 0.02020833333333343 0.028680555555555643
1 0.5507002314814815 0.4404050925925926 0.021851851851851834 0.030289351851851797
1 0.5137789351851852 0.44322337962962965 0.021770833333333427 0.028726851851851976
1 0.4198032407407407 0.41461805555555553 0.018402777777777858 0.02394675925925931
1 0.3955439814814815 0.414681712962963 0.018402777777777678 0.02394675925925931
1 0.44171875000000005 0.4144849537037037 0.018402777777777858 0.02394675925925931
2 0.4308275462962962 0.36799768518518516 0.02061342592592581 0.036493055555555556