1 0.84765625 0.91171875 0.125 0.1734375
1 0.25 0.58671875 0.0609375 0.06796875
1 0.33359375 0.58671875 0.0484375 0.065625
1 0.60390625 0.62734375 0.053125 0.0984375
1 0.39921875 0.584375 0.0421875 0.0625
2 0.6671875 0.47421875 0.07109375 0.13203125
2 0.421875 0.40546875 0.03828125 0.08359375
1 0.5671875 0.52890625 0.03125 0.053125
1 0.4265625 0.52578125 0.03515625 0.0484375
1 0.3875 0.49296875 0.03203125 0.05
2 0.3796875 0.41484375 0.04296875 0.07890625
1 0.60625 0.43515625 0.02421875 0.02890625
1 0.5515625 0.45234375 0.02421875 0.034375
1 0.4421875 0.48203125 0.02578125 0.0359375
1 0.47421875 0.390625 0.0140625 0.01953125
1 0.4546875 0.43984375 0.01953125 0.02890625
1 0.4625 0.41484375 0.01875 0.0265625
1 0.5359375 0.4078125 0.01484375 0.0234375
1 0.5265625 0.38828125 0.0125 0.01796875
2 0.47890625 0.340625 0.0140625 0.034375
1 0.52265625 0.35546875 0.009375 0.01640625