2 0.8448263888888888 0.6276388888888889 0.2984027777777779 0.5379166666666666
1 0.3837037037037037 0.8714236111111111 0.15324074074074084 0.22541666666666665
1 0.28487268518518516 0.5861631944444444 0.06839120370370369 0.08423611111111118
1 0.6449363425925926 0.47100694444444446 0.05090277777777778 0.06315972222222221
1 0.6149710648148148 0.38567708333333334 0.033368055555555644 0.03895833333333334
1 0.5621932870370371 0.47000000000000003 0.04453703703703695 0.05506944444444439
1 0.5685821759259259 0.3549479166666667 0.023831018518518477 0.027604166666666607
1 0.5848321759259258 0.4174652777777778 0.04297453703703695 0.05500000000000007
1 0.40476851851851847 0.3981423611111111 0.022291666666666644 0.029097222222222198
1 0.5035300925925925 0.3718923611111111 0.02543981481481481 0.030798611111111106
1 0.47975115740740737 0.34328125 0.019097222222222144 0.024270833333333287
1 0.42484374999999996 0.3605555555555556 0.017534722222222143 0.024201388888888876
2 0.6456481481481482 0.5810590277777778 0.1134606481481482 0.17524305555555558
1 0.5116550925925927 0.3504513888888889 0.020636574074073977 0.022777777777777786
1 0.24765625 0.7267881944444444 0.17049768518518515 0.23086805555555562
2 0.524537037037037 0.3241145833333333 0.028703703703703808 0.040312500000000015