1 0.24296875 0.76640625 0.0921875 0.10859375
1 0.3703125 0.721875 0.06328125 0.09296875
1 0.1765625 0.67734375 0.08203125 0.0875
1 0.4234375 0.56328125 0.0375 0.05703125
1 0.69765625 0.65078125 0.0609375 0.10703125
1 0.58203125 0.54296875 0.0328125 0.053125
1 0.4375 0.49296875 0.025 0.0390625
1 0.3625 0.46015625 0.02421875 0.03203125
1 0.3796875 0.50390625 0.02890625 0.04140625
1 0.65078125 0.48515625 0.0296875 0.040625
1 0.54765625 0.45078125 0.021875 0.03203125
1 0.6078125 0.43671875 0.0203125 0.02890625
1 0.41328125 0.45703125 0.0203125 0.03046875
1 0.4546875 0.43984375 0.01953125 0.0265625
2 0.83125 0.66953125 0.12265625 0.20546875
1 0.41796875 0.39921875 0.0140625 0.02109375
1 0.4640625 0.41796875 0.01640625 0.025
1 0.4375 0.409375 0.0140625 0.02109375
1 0.55 0.39453125 0.01328125 0.01953125
2 0.48125 0.37265625 0.0140625 0.03203125