1 0.4809895833333333 0.9389930555555555 0.1424189814814815 0.122013888888889
1 0.728732638888889 0.6666840277777778 0.08356481481481488 0.11729166666666657
1 0.492650462962963 0.6278993055555555 0.06325231481481489 0.07472222222222218
1 0.6859953703703704 0.5003819444444445 0.04467592592592595 0.05559027777777779
2 0.3387731481481482 0.7196354166666667 0.2763310185185185 0.3399652777777778
1 0.598900462962963 0.4617881944444445 0.04143518518518512 0.05395833333333329
1 0.42282986111111115 0.5803298611111111 0.05665509259259256 0.06989583333333335
1 0.43168402777777787 0.44715277777777784 0.027314814814814882 0.03180555555555564
1 0.4434606481481481 0.49031250000000004 0.03425925925925917 0.041319444444444464
1 0.4917534722222222 0.47890625 0.03101851851851851 0.039687499999999966
1 0.3813078703703704 0.5357291666666667 0.049710648148148184 0.060381944444444356
1 0.49574652777777783 0.42751736111111105 0.02575231481481488 0.031770833333333214
1 0.4567418981481482 0.469548611111111 0.028993055555555536 0.03340277777777771
1 0.591869212962963 0.3773958333333333 0.017129629629629585 0.020659722222222232
1 0.47251157407407407 0.4192013888888889 0.020601851851851906 0.025416666666666643
1 0.551244212962963 0.37649305555555557 0.017129629629629585 0.020659722222222232
1 0.5008680555555556 0.4018923611111111 0.01892361111111107 0.023819444444444393
1 0.4507233796296296 0.4093576388888889 0.020601851851851906 0.025416666666666643
1 0.2870949074074074 0.9237326388888889 0.2552083333333333 0.15253472222222228