1 0.8195601851851851 0.7816087962962962 0.10723379629629619 0.12020833333333343
1 0.4424189814814815 0.6417939814814815 0.06261574074074083 0.08677083333333328
1 0.3519675925925926 0.621724537037037 0.06550925925925925 0.08369212962962962
1 0.9589265046296298 0.8129803240740741 0.08214699074074047 0.16908564814814825
1 0.626707175925926 0.5485358796296296 0.041319444444444464 0.05211805555555564
1 0.4849247685185185 0.4886863425925926 0.03304398148148149 0.04575231481481481
1 0.606394675925926 0.4850231481481481 0.03258101851851851 0.03950231481481481
1 0.6353009259259259 0.464380787037037 0.028993055555555536 0.033206018518518475
1 0.6671875 0.4523668981481482 0.029456018518518513 0.039456018518518474
1 0.44239004629629636 0.4201620370370371 0.022164351851851904 0.02530092592592581
2 0.618923611111111 0.41185185185185186 0.037094907407407264 0.05829861111111114
1 0.5130497685185185 0.38375000000000004 0.013888888888888928 0.018935185185185156
1 0.5936921296296296 0.45049768518518524 0.02418981481481488 0.03157407407407398
1 0.477199074074074 0.37385416666666665 0.013888888888888928 0.018935185185185156
1 0.460300925925926 0.3985763888888889 0.017245370370370237 0.022106481481481487
1 0.5815972222222222 0.41364004629629625 0.022164351851851904 0.02530092592592581
1 0.5756076388888889 0.4065277777777778 0.02037037037037024 0.022152777777777643