2 0.20078125 0.56484375 0.1953125 0.27890625
1 0.3015625 0.94765625 0.1109375 0.10390625
1 0.27421875 0.68671875 0.0640625 0.0875
1 0.41875 0.55078125 0.03828125 0.05390625
1 0.3734375 0.51015625 0.0328125 0.04296875
1 0.5453125 0.46328125 0.0234375 0.0375
1 0.4140625 0.44453125 0.02265625 0.03046875
1 0.58828125 0.45546875 0.025 0.04140625
1 0.5296875 0.396875 0.01484375 0.02109375
1 0.5515625 0.39765625 0.01484375 0.02109375
1 0.4078125 0.409375 0.01640625 0.0234375
1 0.43828125 0.41171875 0.0171875 0.0234375
1 0.45546875 0.43203125 0.0203125 0.03046875
1 0.4765625 0.38046875 0.0125 0.01953125
2 0.56953125 0.371875 0.0171875 0.0375
2 0.4515625 0.35625 0.0171875 0.0375