1 0.2328125 0.76640625 0.09140625 0.1109375
2 0.3171875 0.48671875 0.06640625 0.109375
1 0.30078125 0.93984375 0.1171875 0.1203125
1 0.32578125 0.57265625 0.0484375 0.05703125
1 0.6796875 0.52578125 0.03828125 0.0515625
1 0.4453125 0.465625 0.025 0.0375
1 0.36484375 0.459375 0.025 0.0375
1 0.38125 0.51171875 0.03046875 0.04296875
1 0.42265625 0.43046875 0.01875 0.025
1 0.6390625 0.478125 0.02578125 0.0359375
1 0.4390625 0.403125 0.01484375 0.0234375
1 0.3953125 0.421875 0.01953125 0.025
1 0.5375 0.42421875 0.01875 0.02890625
2 0.5890625 0.40078125 0.02109375 0.04296875
2 0.5609375 0.38359375 0.03203125 0.078125
1 0.52890625 0.39921875 0.015625 0.0234375
1 0.465625 0.40390625 0.01640625 0.021875
1 0.4203125 0.38984375 0.01328125 0.02109375
1 0.525 0.37421875 0.0125 0.01796875