1 0.95625 0.66125 0.0875 0.1457638888888889
1 0.6491493055555555 0.6036458333333333 0.06937500000000014 0.08729166666666668
1 0.8298090277777778 0.5470833333333334 0.08024305555555564 0.08621527777777782
2 0.5817708333333333 0.3733680555555555 0.06048611111111111 0.09781249999999994
1 0.7312152777777777 0.5655555555555555 0.07718750000000014 0.087638888888889
1 0.7059027777777778 0.4539583333333333 0.05427083333333336 0.06322916666666671
1 0.6371701388888888 0.40456597222222224 0.03121527777777775 0.03569444444444443
1 0.5779166666666666 0.46277777777777784 0.036388888888888894 0.046840277777777925
1 0.6166145833333333 0.4352256944444445 0.03454861111111107 0.04052083333333343
1 0.3787673611111111 0.4731944444444444 0.03291666666666675 0.03888888888888893
1 0.4255729166666667 0.4695486111111111 0.033194444444444395 0.04513888888888893
1 0.5219791666666667 0.36663194444444447 0.018090277777777785 0.021076388888888874
1 0.5434201388888888 0.4087326388888889 0.02489583333333343 0.03385416666666661
1 0.5518750000000001 0.37 0.016666666666666784 0.024131944444444463
1 0.4349652777777777 0.4166840277777778 0.024687499999999928 0.029166666666666785
1 0.4294965277777777 0.3817013888888889 0.013263888888888787 0.017743055555555554
2 0.5248611111111112 0.32579861111111114 0.027152777777777713 0.049548611111111106
2 0.44307291666666676 0.33491319444444445 0.018645833333333427 0.03357638888888896