1 0.33828125 0.83828125 0.0953125 0.14609375
1 0.0671875 0.79296875 0.11015625 0.11953125
1 0.2828125 0.66796875 0.06171875 0.08359375
1 0.728125 0.565625 0.06171875 0.0875
2 0.4 0.42421875 0.06171875 0.14296875
1 0.58203125 0.58046875 0.0421875 0.06640625
1 0.64140625 0.54296875 0.040625 0.05546875
1 0.415625 0.56796875 0.040625 0.05859375
1 0.2609375 0.56171875 0.046875 0.059375
1 0.12578125 0.8828125 0.1734375 0.234375
1 0.6515625 0.490625 0.03125 0.04453125
1 0.5875 0.44765625 0.02109375 0.02890625
1 0.45625 0.43046875 0.01796875 0.028125
2 0.3453125 0.52421875 0.06171875 0.109375
1 0.55859375 0.40390625 0.015625 0.025
1 0.44375 0.39921875 0.01328125 0.02109375
1 0.46953125 0.39921875 0.0140625 0.02109375
1 0.52890625 0.390625 0.0125 0.01953125
1 0.55 0.43984375 0.01953125 0.0375
1 0.44296875 0.49296875 0.0296875 0.04453125
1 0.44375 0.465625 0.02578125 0.0359375
1 0.31953125 0.49140625 0.01875 0.03359375
2 0.9046875 0.88671875 0.190625 0.2234375
1 0.5203125 0.36796875 0.01015625 0.01640625
1 0.4765625 0.37578125 0.01171875 0.01796875