1 0.36875 0.70546875 0.06796875 0.10546875
1 0.271875 0.56484375 0.05390625 0.0515625
1 0.32421875 0.60546875 0.0546875 0.071875
1 0.3359375 0.49296875 0.0328125 0.0390625
1 0.4265625 0.52265625 0.03125 0.04296875
1 0.3859375 0.484375 0.02734375 0.0390625
1 0.44375 0.4828125 0.025 0.0375
1 0.6078125 0.43671875 0.02109375 0.03203125
1 0.38515625 0.43984375 0.0203125 0.0265625
1 0.5796875 0.440625 0.0203125 0.03046875
1 0.55625 0.39921875 0.01328125 0.02109375
2 0.55 0.34921875 0.0125 0.0375
1 0.5421875 0.43359375 0.0203125 0.0359375
1 0.475 0.38828125 0.01328125 0.01796875
1 0.45625 0.43203125 0.0203125 0.03046875
1 0.425 0.41640625 0.01796875 0.025
1 0.4484375 0.39296875 0.01484375 0.01953125
1 0.5234375 0.371875 0.01015625 0.015625
1 0.4234375 0.39765625 0.01484375 0.0234375