1 0.12711805555555555 0.813460648148148 0.1383449074074074 0.16954861111111086
2 0.4116087962962963 0.3981944444444444 0.06710648148148142 0.10340277777777782
1 0.4048900462962964 0.5878356481481481 0.054166666666666786 0.07306712962962969
1 0.3421875 0.5454918981481481 0.05731481481481478 0.07479166666666667
1 0.3351851851851852 0.49039930555555555 0.042905092592592634 0.05062499999999996
1 0.38826388888888885 0.4962789351851852 0.043043981481481454 0.060000000000000143
1 0.46286458333333336 0.47434606481481484 0.030289351851851977 0.042164351851851835
1 0.4845949074074074 0.4324710648148148 0.022314814814814808 0.030821759259259274
0 0.6956597222222222 0.5403645833333334 0.12131944444444435 0.17959490740740733
1 0.5046817129629629 0.3959837962962963 0.014340277777777822 0.019479166666666714
1 0.4771643518518518 0.4062847222222222 0.019097222222222144 0.024409722222222284
1 0.5556365740740741 0.38689814814814816 0.011192129629629477 0.017754629629629638
1 0.44647569444444446 0.41954861111111114 0.022314814814814808 0.030821759259259274
1 0.5173784722222223 0.3833506944444444 0.015949074074073977 0.02268518518518512
1 0.4751909722222223 0.38116319444444446 0.01592592592592581 0.02112268518518512
1 0.5766377314814815 0.39424189814814814 0.011192129629629654 0.017754629629629638