1 0.3359375 0.85703125 0.0921875 0.1390625
1 0.2125 0.80390625 0.09921875 0.125
1 0.26875 0.57265625 0.0546875 0.05703125
1 0.3484375 0.546875 0.04765625 0.0734375
1 0.4140625 0.56953125 0.0375 0.05546875
1 0.3953125 0.47421875 0.02578125 0.034375
1 0.6625 0.49453125 0.03203125 0.04140625
1 0.4453125 0.446875 0.021875 0.0359375
1 0.70078125 0.91484375 0.1046875 0.1703125
1 0.61796875 0.50546875 0.0265625 0.04453125
2 0.3984375 0.39453125 0.03984375 0.08359375
1 0.6109375 0.440625 0.02265625 0.0359375
1 0.44375 0.39765625 0.0140625 0.02109375
1 0.46875 0.39453125 0.01328125 0.021875
1 0.5546875 0.39921875 0.0140625 0.02109375
1 0.53125 0.390625 0.01328125 0.01953125
1 0.5640625 0.38671875 0.01171875 0.015625
1 0.44140625 0.37890625 0.0125 0.01953125