1 0.15340277777777778 0.8530208333333332 0.16054398148148144 0.15829861111111115
1 0.3703414351851852 0.6086458333333333 0.05885416666666661 0.07274305555555571
1 0.6453761574074074 0.5951562499999999 0.05940972222222207 0.08211805555555571
1 0.4458506944444444 0.6205729166666666 0.06234953703703709 0.07913194444444435
1 0.6810358796296296 0.48687500000000006 0.03890046296296301 0.05159722222222207
1 0.46732638888888883 0.5490625 0.042303240740740836 0.05642361111111107
1 0.4063368055555555 0.5323263888888888 0.04046296296296301 0.05166666666666657
1 0.47060763888888885 0.48609375000000005 0.03384259259259252 0.04513888888888893
1 0.5813715277777778 0.4092013888888889 0.020509259259259238 0.030520833333333285
1 0.45577546296296295 0.40673611111111113 0.015451388888888928 0.024062499999999966
1 0.5474074074074073 0.40145833333333336 0.018576388888888927 0.024201388888888963
1 0.47821180555555554 0.43032986111111116 0.023541666666666572 0.029097222222222285
1 0.4806365740740741 0.40550347222222227 0.018576388888888927 0.024201388888888786
2 0.4057407407407407 0.4302256944444444 0.03733796296296284 0.05152777777777775
1 0.4343576388888889 0.40032986111111113 0.020231481481481416 0.025833333333333285
1 0.45107638888888885 0.38003472222222223 0.015266203703703596 0.020937499999999963