2 0.8027604166666666 0.7618055555555555 0.3687152777777779 0.4763888888888889
1 0.54 0.4973958333333333 0.032187499999999855 0.042881944444444466
1 0.6081944444444445 0.4535763888888889 0.025659722222222216 0.03024305555555564
1 0.6292708333333333 0.49000000000000005 0.032048611111111215 0.03663194444444429
2 0.6354166666666666 0.5651736111111111 0.08999999999999986 0.11444444444444439
1 0.5388368055555556 0.44421874999999994 0.024097222222222214 0.030208333333333216
1 0.6587673611111111 0.9834895833333335 0.11510416666666679 0.033020833333333145
1 0.5838888888888889 0.4217708333333333 0.017708333333333215 0.023819444444444393
1 0.45913194444444444 0.40805555555555556 0.017708333333333215 0.023819444444444393
1 0.5259895833333333 0.42439236111111106 0.019340277777777713 0.026979166666666644
1 0.5218055555555556 0.4016319444444445 0.016076388888888894 0.020659722222222142
2 0.5191145833333334 0.3468576388888889 0.016284722222222214 0.030034722222222233
2 0.542795138888889 0.3716145833333333 0.027777777777777856 0.05527777777777772
1 0.43493055555555554 0.3715625 0.011354166666666643 0.018993055555555572
0 0.5613888888888889 0.4142361111111111 0.03239583333333336 0.05225694444444447
2 0.665798611111111 0.5345833333333333 0.04854166666666657 0.0760416666666666