1 0.2328125 0.75546875 0.0875 0.10546875
1 0.3921875 0.678125 0.05859375 0.0859375
1 0.2515625 0.59765625 0.05859375 0.06796875
1 0.6625 0.58359375 0.04375 0.0640625
1 0.56796875 0.52421875 0.0328125 0.05390625
1 0.6734375 0.5125 0.0359375 0.05
1 0.42578125 0.53515625 0.0359375 0.0484375
2 0.5609375 0.36640625 0.0171875 0.03359375
1 0.3203125 0.49765625 0.02890625 0.02890625
1 0.5390625 0.42890625 0.01796875 0.028125
1 0.5703125 0.4265625 0.01796875 0.028125
1 0.5875 0.415625 0.01796875 0.0265625
1 0.37421875 0.4515625 0.0203125 0.028125
1 0.4609375 0.415625 0.01640625 0.0234375
1 0.3828125 0.49296875 0.02890625 0.0390625
1 0.47265625 0.38515625 0.0125 0.01796875
1 0.3953125 0.4265625 0.01875 0.025
1 0.44375 0.45078125 0.02109375 0.03203125
1 0.4171875 0.43046875 0.01953125 0.03046875
1 0.4828125 0.36796875 0.01171875 0.01640625
1 0.40703125 0.40546875 0.0140625 0.01953125
2 0.33203125 0.56640625 0.0625 0.1140625
1 0.43828125 0.41015625 0.0171875 0.02109375