1 0.08671875 0.94296875 0.1609375 0.1140625
1 0.1953125 0.64921875 0.06953125 0.08203125
1 0.3859375 0.73671875 0.06484375 0.10390625
1 0.68671875 0.63671875 0.0578125 0.084375
1 0.59296875 0.60546875 0.0484375 0.08359375
1 0.359375 0.5328125 0.03984375 0.0515625
1 0.44453125 0.503125 0.0296875 0.04140625
1 0.39921875 0.46796875 0.0265625 0.03359375
1 0.3578125 0.46640625 0.02578125 0.03046875
1 0.43125 0.4125 0.01796875 0.025
1 0.6203125 0.45078125 0.02265625 0.03203125
1 0.41328125 0.40546875 0.0171875 0.01953125
1 0.4578125 0.41640625 0.01796875 0.025
1 0.571875 0.38671875 0.0125 0.01796875
1 0.475 0.38671875 0.01328125 0.02109375
1 0.44765625 0.38984375 0.0140625 0.02109375
1 0.45078125 0.365625 0.0109375 0.01953125
1 0.48125 0.36796875 0.01171875 0.01640625