1 0.15625 0.91015625 0.1375 0.16796875
1 0.0625 0.809375 0.12265625 0.12890625
1 0.32734375 0.60078125 0.0546875 0.06796875
1 0.76015625 0.62265625 0.059375 0.07890625
1 0.259375 0.58359375 0.05625 0.0640625
1 0.41875 0.54296875 0.0359375 0.05
1 0.3109375 0.51171875 0.03515625 0.04296875
1 0.27578125 0.97109375 0.1078125 0.0578125
1 0.3453125 0.48125 0.03203125 0.0375
1 0.4015625 0.46171875 0.02578125 0.03203125
1 0.40625 0.4125 0.01875 0.025
1 0.4484375 0.46640625 0.025 0.0359375
1 0.3875 0.43671875 0.0203125 0.0265625
1 0.60078125 0.428125 0.01875 0.025
1 0.4609375 0.43515625 0.01953125 0.02890625
0 0.440625 0.38203125 0.02890625 0.06953125
1 0.4796875 0.378125 0.01171875 0.01640625
1 0.5515625 0.39140625 0.0125 0.01953125
1 0.64375 0.53984375 0.05 0.090625