1 0.5582928240740741 0.8185185185185185 0.10621527777777776 0.13489583333333321
2 0.07793402777777778 0.7002604166666667 0.15586805555555555 0.4911458333333334
1 0.19323495370370372 0.66328125 0.08800925925925926 0.11707175925925935
1 0.3794733796296296 0.506539351851852 0.04239583333333332 0.05769675925925917
1 0.6361689814814815 0.5481481481481482 0.0452430555555555 0.053125
1 0.5665219907407407 0.49467592592592596 0.03531250000000004 0.04340277777777786
1 0.5232118055555557 0.5384837962962963 0.04027777777777786 0.048263888888888926
1 0.5501793981481482 0.4533564814814815 0.02703703703703688 0.03530092592592595
1 0.5146932870370371 0.4708333333333334 0.030254629629629548 0.036979166666666785
1 0.6109143518518518 0.604369212962963 0.055358796296296295 0.06597222222222214
1 0.3483912037037037 0.4364872685185185 0.028784722222222215 0.03848379629629619
1 0.574681712962963 0.43625578703703705 0.023449074074074084 0.027372685185185118
1 0.5097511574074074 0.4221064814814815 0.021886574074074083 0.027314814814814882
1 0.419230324074074 0.3905671296296297 0.018391203703703597 0.020949074074074047
1 0.5430208333333333 0.4288194444444445 0.023263888888888928 0.02424768518518512
2 0.3966724537037037 0.37485532407407407 0.039826388888888876 0.06695601851851851