1 0.16875 0.9265625 0.14453125 0.146875
1 0.06875 0.846875 0.1375 0.146875
0 0.2578125 0.54609375 0.11953125 0.175
1 0.82421875 0.68828125 0.0875 0.13203125
2 0.3984375 0.43046875 0.05546875 0.1140625
1 0.29375 0.64140625 0.0734375 0.09140625
1 0.40625 0.58671875 0.04453125 0.05703125
1 0.3609375 0.46015625 0.02578125 0.03203125
1 0.45 0.45703125 0.02265625 0.03359375
1 0.56875 0.43046875 0.01875 0.028125
1 0.3828125 0.50859375 0.0375 0.05
1 0.55625 0.39453125 0.0140625 0.01953125
1 0.53046875 0.38515625 0.0125 0.01796875
1 0.4609375 0.43046875 0.01875 0.025
1 0.46796875 0.41015625 0.0140625 0.0234375
2 0.409375 0.38046875 0.03359375 0.05859375
2 0.4625 0.34609375 0.01953125 0.04453125
2 0.6109375 0.478125 0.0390625 0.0859375
1 0.4796875 0.38046875 0.0125 0.01953125
1 0.44296875 0.42265625 0.0171875 0.02890625