1 0.13898148148148148 0.8945833333333333 0.1375347222222222 0.16035879629629618
1 0.2876678240740741 0.7722743055555557 0.11675925925925927 0.14458333333333329
1 0.2860474537037037 0.6121412037037037 0.06449074074074072 0.06765046296296298
1 0.6925231481481482 0.49096064814814805 0.046932870370370416 0.05502314814814824
1 0.33092592592592596 0.5187442129629629 0.04210648148148142 0.050300925925925985
1 0.41852430555555553 0.549074074074074 0.04702546296296291 0.05814814814814824
1 0.44445601851851857 0.5016203703703704 0.04063657407407408 0.05341435185185191
1 0.6326446759259259 0.4998900462962963 0.043761574074073904 0.05343750000000007
1 0.3932407407407407 0.5129571759259259 0.03888888888888884 0.04715277777777782
1 0.36221064814814813 0.46742476851851855 0.02758101851851853 0.03457175925925924
1 0.4230497685185185 0.43819444444444444 0.026111111111111106 0.037685185185185155
1 0.5466261574074075 0.44379629629629636 0.030891203703703594 0.040844907407407406
1 0.5227199074074074 0.4014409722222222 0.02436342592592595 0.03142361111111107
1 0.5860532407407407 0.4300289351851852 0.02601851851851844 0.03456018518518515
1 0.4546180555555555 0.4228067129629629 0.02436342592592595 0.03142361111111107
1 0.9628298611111111 0.9374710648148149 0.07434027777777778 0.024131944444444286
1 0.41566550925925927 0.3998668981481482 0.019444444444444466 0.02357638888888891
1 0.5733159722222222 0.39556712962962964 0.019490740740740798 0.025138888888888822
1 0.4099421296296296 0.8130150462962963 0.12964120370370366 0.21028935185185205
1 0.46274305555555556 0.3806886574074074 0.016226851851851798 0.020428240740740743
1 0.5538252314814814 0.37042824074074077 0.016180555555555642 0.018865740740740745