2 0.7327083333333333 0.4500694444444444 0.13843750000000005 0.18978009259259263
1 0.9440625 0.874988425925926 0.11187499999999986 0.10993055555555564
1 0.65 0.6702314814814814 0.07249999999999997 0.10208333333333322
1 0.7538020833333332 0.6249594907407408 0.08180555555555565 0.09944444444444436
1 0.8538715277777778 0.6228993055555556 0.09590277777777771 0.10173611111111107
1 0.2374652777777778 0.6548611111111111 0.0770138888888889 0.09451388888888879
1 0.7485590277777778 0.9169733796296295 0.1108680555555555 0.07285879629629619
1 0.42848958333333337 0.5573553240740741 0.05003472222222225 0.07438657407407412
1 0.6259722222222223 0.5392939814814814 0.04989583333333343 0.06813657407407411
1 0.2984375 0.6884606481481482 0.08746527777777775 0.14343749999999994
1 0.5661284722222222 0.45088541666666665 0.03225694444444436 0.046932870370370416
1 0.6386111111111111 0.47450231481481475 0.038541666666666606 0.04881944444444457
1 0.6072222222222223 0.4346759259259259 0.030486111111111214 0.03747685185185183
1 0.5815277777777779 0.40472222222222226 0.024166666666666715 0.03402777777777786
1 0.5852083333333333 0.4999537037037037 0.0435416666666665 0.06312500000000014
1 0.3820486111111111 0.4385300925925926 0.025729166666666713 0.03410879629629626
1 0.6435763888888889 0.4163657407407408 0.033611111111111217 0.037638888888889
1 0.4278645833333333 0.42364004629629626 0.022534722222222213 0.030821759259259274
1 0.545138888888889 0.38627314814814817 0.020902777777777715 0.02761574074074069
1 0.4676388888888889 0.3832523148148148 0.017777777777777715 0.027453703703703702
1 0.5257986111111111 0.36068287037037033 0.016076388888888894 0.02112268518518512
1 0.5805381944444445 0.36019097222222224 0.014583333333333216 0.024166666666666715