1 0.18515625 0.84765625 0.109375 0.1375
1 0.36171875 0.69140625 0.0671875 0.10546875
1 0.215625 0.63828125 0.07578125 0.07890625
2 0.3859375 0.41015625 0.0453125 0.084375
1 0.734375 0.58515625 0.04921875 0.065625
1 0.3203125 0.59453125 0.05390625 0.08046875
1 0.43046875 0.51171875 0.0296875 0.04609375
1 0.32890625 0.49921875 0.04375 0.0625
1 0.4109375 0.44140625 0.02265625 0.03359375
1 0.4671875 0.41796875 0.01640625 0.021875
1 0.56875 0.421875 0.01796875 0.0234375
2 0.54765625 0.34921875 0.0125 0.02890625
0 0.6359375 0.44921875 0.05390625 0.09296875
1 0.4515625 0.44609375 0.01953125 0.028125
1 0.475 0.39296875 0.01171875 0.01953125
2 0.4828125 0.36015625 0.01484375 0.03203125
1 0.43046875 0.38828125 0.0140625 0.01796875