1 0.3375 0.83671875 0.08671875 0.12890625
2 0.1546875 0.765625 0.309375 0.465625
1 0.61796875 0.66484375 0.05625 0.09609375
1 0.41875 0.571875 0.03828125 0.05390625
1 0.36796875 0.45546875 0.0265625 0.03359375
1 0.3390625 0.55859375 0.04609375 0.06640625
1 0.44140625 0.465625 0.0234375 0.03359375
1 0.4078125 0.46015625 0.02265625 0.03203125
1 0.55625 0.47890625 0.025 0.0390625
1 0.4296875 0.42265625 0.02109375 0.02890625
1 0.57578125 0.43203125 0.0203125 0.03046875
2 0.425 0.3765625 0.0296875 0.053125
1 0.57421875 0.39296875 0.0140625 0.01953125
1 0.4546875 0.44296875 0.01875 0.028125
1 0.53125 0.38671875 0.01328125 0.02109375
1 0.4578125 0.4265625 0.01875 0.025
1 0.46875 0.403125 0.01484375 0.0234375
1 0.55546875 0.36328125 0.0109375 0.02109375
1 0.5234375 0.371875 0.0109375 0.01796875
2 0.45 0.36953125 0.025 0.046875
1 0.99453125 0.95546875 0.0109375 0.08359375