1 0.2234375 0.79453125 0.09296875 0.11953125
1 0.3625 0.7640625 0.075 0.1140625
1 0.275 0.559375 0.05390625 0.0640625
1 0.675 0.62421875 0.04921875 0.08203125
1 0.41796875 0.55859375 0.0359375 0.05546875
1 0.3640625 0.52734375 0.03828125 0.0484375
1 0.41015625 0.45859375 0.0234375 0.03359375
1 0.359375 0.46796875 0.02890625 0.0359375
1 0.00859375 0.93671875 0.0171875 0.07890625
1 0.6328125 0.46171875 0.0234375 0.034375
1 0.546875 0.47421875 0.0265625 0.040625
1 0.56796875 0.42578125 0.0203125 0.0265625
1 0.4546875 0.428125 0.01796875 0.0265625
2 0.3953125 0.40390625 0.03671875 0.06953125
1 0.5328125 0.39921875 0.015625 0.02109375
1 0.4375 0.4078125 0.0171875 0.0234375
1 0.46953125 0.40546875 0.0140625 0.021875
1 0.5453125 0.378125 0.0125 0.01953125
1 0.5234375 0.37578125 0.0109375 0.01796875
2 0.54375 0.34140625 0.01328125 0.03046875