1 0.1875 0.65078125 0.06875 0.07890625
1 0.33515625 0.57578125 0.0453125 0.0625
1 0.3890625 0.62265625 0.0546875 0.08203125
2 0.378125 0.415625 0.04765625 0.08359375
1 0.43359375 0.48671875 0.0265625 0.0375
1 0.4515625 0.44140625 0.02109375 0.03046875
2 0.4234375 0.396875 0.0375 0.07890625
1 0.54375 0.44140625 0.01953125 0.03046875
1 0.5671875 0.415625 0.01796875 0.025
1 0.47265625 0.38828125 0.0140625 0.01796875
1 0.575 0.38671875 0.0125 0.01796875
1 0.4828125 0.36953125 0.01171875 0.01640625
1 0.5375 0.37265625 0.01171875 0.01796875