2 0.08942708333333332 0.786261574074074 0.16096064814814814 0.4273379629629629
1 0.9562789351851851 0.7014930555555556 0.08744212962962976 0.15136574074074077
1 0.7765856481481481 0.6245023148148148 0.09616898148148145 0.11703703703703709
1 0.6363831018518519 0.578136574074074 0.0584143518518518 0.08210648148148145
1 0.43482060185185184 0.5811226851851852 0.05688657407407405 0.08677083333333328
1 0.7536863425925926 0.48654513888888895 0.05043981481481481 0.06011574074074062
1 0.689693287037037 0.49686921296296294 0.05043981481481481 0.060115740740740796
1 0.6430787037037037 0.42723958333333334 0.03313657407407415 0.04423611111111114
1 0.6002835648148148 0.4513136574074075 0.03788194444444457 0.05211805555555564
1 0.42832175925925925 0.4421412037037037 0.03787037037037031 0.050555555555555645
1 0.5724652777777778 0.38765625000000004 0.026828703703703737 0.03633101851851848
1 0.689849537037037 0.41248263888888886 0.0331018518518519 0.039548611111111145
1 0.4388020833333333 0.38026041666666666 0.023680555555555573 0.03315972222222223
1 0.4731597222222222 0.3774074074074074 0.020532407407407405 0.029988425925925898
1 0.5494675925925925 0.3418981481481481 0.017337962962962906 0.020567129629629654
1 0.6379224537037037 0.36402777777777773 0.020509259259259238 0.02686342592592599
1 0.38984375 0.4161458333333334 0.02526620370370374 0.03630787037037031
1 0.48686342592592596 0.328761574074074 0.014236111111111071 0.02364583333333332
1 0.14235532407407409 0.9698726851851852 0.13010416666666663 0.0581712962962964
1 0.4300115740740741 0.3538252314814815 0.020532407407407405 0.029988425925925988
1 0.5799652777777778 0.34535300925925927 0.01894675925925924 0.02684027777777782
1 0.45573495370370376 0.34563078703703703 0.02055555555555557 0.03311342592592599
0 0.6000636574074074 0.3161458333333333 0.03641203703703688 0.06459490740740748
1 0.5367939814814815 0.31864583333333335 0.014212962962962905 0.02052083333333332