1 0.6534722222222222 0.7497685185185186 0.0807291666666666 0.11533564814814809
1 0.7570023148148148 0.6170717592592593 0.05989583333333322 0.05839120370370363
1 0.7021412037037037 0.6524884259259259 0.06383101851851851 0.08038194444444446
1 0.6939814814814815 0.5375 0.0390625 0.04357638888888893
1 0.600318287037037 0.5574363425925926 0.03605324074074083 0.0465856481481481
1 0.6427372685185185 0.5231192129629629 0.0328125 0.04334490740740744
1 0.584693287037037 0.5147280092592592 0.029571759259259166 0.04010416666666661
1 0.4184606481481481 0.4500578703703704 0.024710648148148096 0.035243055555555715
1 0.6449363425925926 0.47717013888888893 0.024537037037037024 0.030555555555555714
1 0.4468171296296296 0.457349537037037 0.024652777777777857 0.03368055555555553
1 0.47265625 0.4177372685185185 0.014930555555555535 0.023958333333333394
2 0.4801793981481481 0.36808449074074073 0.01701388888888893 0.03807870370370372
1 0.4857060185185185 0.4541087962962963 0.026446759259259166 0.039988425925925955
1 0.5544849537037037 0.41530671296296295 0.014814814814814881 0.02083333333333339
1 0.5725983796296296 0.4620081018518519 0.024652777777777857 0.03368055555555571
1 0.6064814814814815 0.45 0.02129629629629637 0.027314814814814882
1 0.5820891203703704 0.42335069444444445 0.01793981481481488 0.020949074074074047
1 0.5068576388888889 0.39325810185185184 0.01151620370370381 0.016030092592592648
1 0.6073206018518519 0.4305266203703704 0.018171296296296192 0.02719907407407405