1 0.0875 0.77734375 0.11796875 0.12109375
1 0.4 0.64765625 0.05390625 0.0765625
1 0.21328125 0.63203125 0.0640625 0.071875
2 0.4171875 0.409375 0.0421875 0.0890625
1 0.31328125 0.62890625 0.0609375 0.075
1 0.31328125 0.51484375 0.0421875 0.05390625
1 0.3703125 0.453125 0.02421875 0.03046875
1 0.4390625 0.496875 0.02734375 0.040625
1 0.39609375 0.478125 0.0265625 0.03359375
1 0.634375 0.46328125 0.02421875 0.034375
1 0.5890625 0.4703125 0.02421875 0.040625
1 0.47265625 0.390625 0.0140625 0.01953125
1 0.4609375 0.43671875 0.01796875 0.02890625
1 0.4453125 0.40078125 0.01328125 0.02109375
1 0.56875 0.42109375 0.01796875 0.025
1 0.565625 0.38515625 0.01015625 0.015625
2 0.4609375 0.35234375 0.0171875 0.04609375
2 0.54296875 0.34296875 0.0125 0.03046875