1 0.13424189814814813 0.9606770833333332 0.13128472222222226 0.07864583333333357
1 0.16569444444444445 0.6959780092592592 0.09673611111111109 0.10983796296296297
1 0.37269097222222225 0.7369791666666667 0.08166666666666664 0.11805555555555554
1 0.29168981481481476 0.66953125 0.0776157407407407 0.10219907407407405
1 0.7431076388888889 0.5824074074074075 0.06060185185185176 0.07760416666666678
1 0.3361805555555556 0.47526041666666663 0.03687500000000003 0.04473379629629619
1 0.38439814814814816 0.5013888888888889 0.03862268518518519 0.047974537037037024
1 0.40087962962962964 0.4644965277777778 0.02887731481481488 0.04103009259259256
1 0.6432465277777778 0.472337962962963 0.02887731481481488 0.04103009259259256
1 0.4236979166666667 0.41640625 0.023449074074074084 0.028182870370370417
1 0.613454861111111 0.4421296296296296 0.023726851851851905 0.03287037037037024
1 0.39685763888888886 0.4097511574074074 0.021886574074074083 0.028067129629629584
1 0.4457465277777778 0.4997106481481481 0.02887731481481488 0.041030092592592736
1 0.5771354166666667 0.4067708333333334 0.018576388888888927 0.024710648148148096
1 0.44981481481481483 0.4502314814814815 0.025474537037036882 0.03611111111111107
2 0.43047453703703703 0.3601273148148148 0.026030092592592525 0.045486111111111074
1 0.4588541666666666 0.4190104166666666 0.020416666666666573 0.02951388888888893
1 0.4691782407407407 0.3832175925925926 0.013796296296296261 0.022800925925925954
1 0.436875 0.38938078703703705 0.016828703703703596 0.02146990740740744