1 0.06432291666666666 0.7279513888888889 0.12864583333333332 0.16116898148148132
1 0.21218750000000003 0.723582175925926 0.12041666666666666 0.15040509259259274
1 0.19453125 0.48700810185185184 0.08041666666666672 0.08680555555555554
1 0.5840625 0.6377314814814815 0.08166666666666664 0.10555555555555554
1 0.34197916666666667 0.5141782407407407 0.05760416666666668 0.07112268518518512
1 0.29828125 0.46999421296296295 0.0572916666666667 0.06643518518518512
1 0.36864583333333334 0.4057002314814815 0.035520833333333356 0.043055555555555534
1 0.31421875 0.4058449074074074 0.04364583333333334 0.04832175925925917
1 0.5970833333333333 0.4540798611111111 0.03718749999999993 0.04473379629629619
1 0.5040104166666667 0.45086805555555554 0.04239583333333332 0.05289351851851851
1 0.54296875 0.4028935185185185 0.030312499999999964 0.03489583333333339
1 0.4253645833333334 0.3828414351851852 0.027083333333333216 0.0331018518518519
2 0.37197916666666664 0.3440393518518518 0.06489583333333329 0.08721064814814809
1 0.5166145833333333 0.3667534722222222 0.023541666666666572 0.026620370370370416
1 0.4146354166666667 0.35720486111111105 0.026979166666666644 0.0315393518518519
1 0.44859375 0.3609085648148148 0.02375000000000007 0.029745370370370415
1 0.5366145833333333 0.3466145833333333 0.018854166666666748 0.026273148148148094
1 0.5144791666666666 0.340480324074074 0.018645833333333427 0.023148148148148095
2 0.5469791666666667 0.3077546296296296 0.024375000000000036 0.039120370370370416