2 0.13828125 0.7953125 0.2765625 0.409375
1 0.32265625 0.92421875 0.10625 0.1515625
1 0.65625 0.56171875 0.0453125 0.06796875
1 0.415625 0.56171875 0.03984375 0.065625
1 0.36875 0.521875 0.0359375 0.05390625
1 0.61796875 0.46171875 0.0265625 0.034375
1 0.5296875 0.39765625 0.01484375 0.02109375
1 0.5515625 0.46640625 0.02734375 0.046875
1 0.5796875 0.54609375 0.03671875 0.071875
1 0.3984375 0.42109375 0.01875 0.028125
1 0.41015625 0.44921875 0.0234375 0.03203125
1 0.45 0.44609375 0.025 0.0390625
1 0.5484375 0.43671875 0.0203125 0.02890625
1 0.46875 0.40546875 0.01328125 0.021875
1 0.43125 0.41796875 0.01796875 0.025
1 0.5515625 0.38671875 0.0125 0.01796875
2 0.58125 0.37890625 0.02578125 0.0640625