1 0.36015625 0.7328125 0.06875 0.1015625
1 0.2453125 0.71484375 0.09765625 0.140625
1 0.69296875 0.53203125 0.0421875 0.05546875
1 0.25546875 0.59296875 0.0515625 0.0609375
1 0.44296875 0.45859375 0.025 0.0359375
1 0.403125 0.46328125 0.02578125 0.0375
1 0.59375 0.47578125 0.02578125 0.04296875
1 0.4609375 0.41640625 0.01640625 0.025
1 0.475 0.38984375 0.01328125 0.02109375
1 0.4328125 0.41171875 0.01640625 0.0234375
1 0.009375 0.9625 0.01796875 0.075
1 0.3765625 0.440625 0.02890625 0.04140625
1 0.446875 0.39140625 0.01328125 0.01953125
1 0.42734375 0.3890625 0.0140625 0.021875
1 0.48515625 0.36640625 0.0109375 0.01953125
1 0.44921875 0.36953125 0.0125 0.01953125