2 0.3 0.48671875 0.10078125 0.1484375
1 0.2984375 0.91796875 0.13046875 0.1640625
1 0.2171875 0.78515625 0.09140625 0.11796875
2 0.4078125 0.43671875 0.04765625 0.09296875
1 0.6046875 0.66171875 0.05234375 0.090625
1 0.4046875 0.584375 0.04296875 0.0640625
1 0.3359375 0.58515625 0.0484375 0.059375
1 0.43828125 0.49609375 0.0265625 0.04140625
1 0.55 0.484375 0.02578125 0.040625
1 0.5921875 0.46640625 0.02421875 0.03359375
0 0.6546875 0.540625 0.09609375 0.175
1 0.52578125 0.38515625 0.0125 0.01796875
1 0.453125 0.44453125 0.02109375 0.03046875
1 0.465625 0.4078125 0.01640625 0.0234375
1 0.54453125 0.44765625 0.0203125 0.034375
1 0.475 0.38203125 0.0125 0.01953125
1 0.56328125 0.40546875 0.0140625 0.01953125
1 0.48515625 0.36796875 0.0125 0.01953125
1 0.4484375 0.40390625 0.015625 0.021875