1 0.037274305555555554 0.7835706018518518 0.07454861111111111 0.21089120370370368
1 0.02939236111111111 0.6071412037037037 0.05878472222222222 0.1330324074074074
1 0.26342013888888893 0.6822048611111111 0.09420138888888889 0.12090277777777772
1 0.3585243055555556 0.5162962962962963 0.0593055555555555 0.07208333333333332
1 0.25940972222222225 0.4375752314814815 0.054062500000000034 0.0593055555555555
1 0.17130208333333333 0.4989351851851852 0.08208333333333337 0.09369212962962976
1 0.35552083333333334 0.4252546296296297 0.0427777777777778 0.050844907407407366
2 0.5752777777777778 0.38031249999999994 0.0451041666666665 0.06812500000000003
1 0.5213888888888889 0.5705960648148147 0.0546875 0.0733680555555555
1 0.51859375 0.47486689814814814 0.043055555555555715 0.05709490740740737
1 0.40836805555555555 0.43465277777777783 0.036250000000000074 0.04422453703703688
2 0.41046875 0.3345138888888889 0.0531944444444445 0.07483796296296301
1 0.3939409722222222 0.38914930555555555 0.02972222222222225 0.03760416666666675
1 0.18138888888888888 0.5715972222222222 0.11576388888888886 0.1502314814814813
1 0.5191840277777777 0.391087962962963 0.02475694444444443 0.031076388888888928
1 0.5642534722222223 0.4697395833333333 0.03611111111111107 0.04109953703703706
1 0.5507986111111112 0.4023611111111111 0.023194444444444427 0.030983796296296263
1 0.4361979166666667 0.3900868055555555 0.02965277777777775 0.03604166666666666
1 0.45939236111111115 0.36169560185185184 0.02142361111111111 0.026203703703703774
1 0.4335069444444445 0.3625115740740741 0.023194444444444427 0.030983796296296263