2 0.77734375 0.58046875 0.171875 0.25546875
1 0.41640625 0.60078125 0.0453125 0.06796875
1 0.3171875 0.61953125 0.05859375 0.078125
1 0.5875 0.58828125 0.04453125 0.07109375
1 0.3890625 0.48671875 0.02890625 0.040625
1 0.56328125 0.49921875 0.0296875 0.04609375
1 0.2796875 0.56171875 0.04609375 0.05703125
1 0.2484375 0.59296875 0.0484375 0.05546875
1 0.44375 0.49296875 0.0296875 0.04140625
1 0.5375 0.42421875 0.01796875 0.0265625
1 0.56796875 0.42421875 0.01875 0.0234375
1 0.46328125 0.41328125 0.0171875 0.0234375
1 0.375 0.44921875 0.0203125 0.02890625
1 0.41328125 0.45078125 0.0234375 0.03203125
1 0.43984375 0.40546875 0.015625 0.021875
1 0.61953125 0.453125 0.0234375 0.03359375
1 0.475 0.38046875 0.0125 0.01640625
1 0.4453125 0.45546875 0.02265625 0.03046875
1 0.55 0.390625 0.0125 0.01953125
1 0.5296875 0.40078125 0.01484375 0.0234375
1 0.0921875 0.99140625 0.09140625 0.01640625
1 0.5234375 0.37265625 0.01171875 0.01796875
0 0.5859375 0.39453125 0.028125 0.05
1 0.4328125 0.384375 0.01328125 0.01796875