1 0.1140625 0.94296875 0.1375 0.1140625
1 0.178125 0.67421875 0.078125 0.090625
1 0.3625 0.703125 0.0640625 0.0984375
1 0.29375 0.64609375 0.06171875 0.0859375
1 0.7109375 0.5515625 0.046875 0.0640625
1 0.35078125 0.46953125 0.0296875 0.0359375
1 0.3921875 0.49140625 0.03125 0.0390625
1 0.4109375 0.45703125 0.021875 0.03359375
1 0.6296875 0.45546875 0.02265625 0.03359375
1 0.4359375 0.41328125 0.01796875 0.0234375
1 0.6046875 0.42890625 0.01796875 0.028125
1 0.41171875 0.4078125 0.0171875 0.0234375
1 0.44765625 0.48671875 0.0234375 0.034375
1 0.575 0.39921875 0.01328125 0.02109375
1 0.45625 0.44296875 0.01875 0.03046875
2 0.446875 0.36171875 0.01875 0.040625
1 0.4671875 0.4140625 0.015625 0.025
1 0.4796875 0.38203125 0.01171875 0.01953125
1 0.44921875 0.38828125 0.0140625 0.01796875