1 0.5894965277777777 0.89453125 0.12385416666666664 0.159375
1 0.7607638888888889 0.921875 0.15347222222222215 0.15625
1 0.6282465277777778 0.97890625 0.14468750000000002 0.0421875
1 0.6035069444444445 0.75625 0.0948611111111111 0.1203125
1 0.6821527777777778 0.69765625 0.09458333333333328 0.1078125
1 0.41201388888888885 0.54921875 0.05635416666666657 0.075
1 0.6307291666666666 0.515625 0.036944444444444356 0.0453125
1 0.5814756944444445 0.6578125 0.0738194444444444 0.0875
1 0.46723958333333326 0.4546875 0.03531249999999986 0.0421875
1 0.38868055555555553 0.47421875 0.04180555555555561 0.053125
1 0.7162499999999999 0.56953125 0.054479166666666676 0.0609375
1 0.6609201388888889 0.5984375 0.06409722222222225 0.071875
1 0.79390625 0.69609375 0.10736111111111094 0.1203125
1 0.44312500000000005 0.41484375 0.028888888888888787 0.034375
2 0.6332465277777778 0.40234375 0.0453125 0.0703125
1 0.4758333333333333 0.384375 0.020937500000000143 0.028125
1 0.5863020833333333 0.58125 0.0546180555555555 0.0671875
1 0.5128298611111111 0.371875 0.019270833333333393 0.0234375
1 0.6130902777777778 0.465625 0.03211805555555554 0.0390625
1 0.5876909722222222 0.51875 0.04309027777777778 0.040625
0 0.1693923611111111 0.6390625 0.32128472222222226 0.465625
1 0.5803472222222222 0.49765625 0.035243055555555534 0.0390625
1 0.5728472222222223 0.4484375 0.028888888888888787 0.034375
1 0.5674479166666666 0.41015625 0.020937500000000143 0.028125
2 0.5967361111111111 0.39296875 0.024201388888888786 0.034375
1 0.5928819444444444 0.4609375 0.030486111111111214 0.0359375