1 0.08359375 0.79765625 0.1390625 0.12890625
1 0.33203125 0.5828125 0.0453125 0.0625
1 0.59296875 0.58515625 0.04375 0.07109375
1 0.4015625 0.59765625 0.04765625 0.06796875
1 0.64375 0.48671875 0.03046875 0.04296875
1 0.43203125 0.5328125 0.0328125 0.0484375
1 0.37734375 0.51328125 0.03125 0.04296875
1 0.4453125 0.47421875 0.025 0.0375
1 0.56171875 0.409375 0.0140625 0.0265625
1 0.44375 0.39921875 0.0125 0.02109375
1 0.53046875 0.39921875 0.0140625 0.02109375
1 0.4609375 0.421875 0.0171875 0.025
1 0.4671875 0.39921875 0.0140625 0.02109375
2 0.3921875 0.41796875 0.028125 0.04453125
1 0.4234375 0.39140625 0.01484375 0.021875
1 0.44375 0.37421875 0.01171875 0.01796875