1 0.4046875 0.61328125 0.0453125 0.06796875
1 0.253125 0.590625 0.05234375 0.0625
1 0.33046875 0.60546875 0.0484375 0.06953125
1 0.44375 0.484375 0.02578125 0.0359375
1 0.6703125 0.51328125 0.034375 0.0484375
1 0.40625 0.459375 0.02421875 0.03203125
1 0.3546875 0.4703125 0.02734375 0.034375
2 0.434375 0.39296875 0.0328125 0.0640625
1 0.378125 0.4953125 0.0265625 0.0375
1 0.8234375 0.853125 0.0875 0.1359375
1 0.5453125 0.446875 0.02109375 0.03203125
1 0.603125 0.428125 0.02265625 0.0359375
1 0.9109375 0.9265625 0.1484375 0.146875
1 0.56875 0.390625 0.01328125 0.01953125
1 0.475 0.38671875 0.0125 0.01796875
1 0.46171875 0.40859375 0.0171875 0.025
1 0.46953125 0.39765625 0.0140625 0.01796875