1 0.7480208333333334 0.9140277777777779 0.16687499999999994 0.13944444444444457
1 0.8510416666666666 0.8430902777777778 0.13312500000000008 0.14805555555555544
1 0.6257291666666667 0.6070486111111111 0.06916666666666664 0.077986111111111
1 0.18046875 0.5927604166666667 0.07458333333333336 0.08902777777777775
1 0.69828125 0.595295138888889 0.06885416666666658 0.073298611111111
1 0.54203125 0.5402604166666667 0.04583333333333321 0.055625000000000036
1 0.6574479166666667 0.5174131944444444 0.04375 0.04777777777777779
1 0.6139583333333333 0.9708333333333332 0.11750000000000008 0.03069444444444471
1 0.6277604166666666 0.48296875000000006 0.03874999999999993 0.04298611111111121
1 0.5755729166666667 0.45838541666666666 0.03208333333333328 0.03659722222222221
1 0.5782291666666667 0.4068402777777778 0.02364583333333332 0.02704861111111114
1 0.525625 0.45871527777777776 0.03083333333333336 0.04124999999999997
1 0.5935937499999999 0.4338020833333333 0.026979166666666644 0.03024305555555564
1 0.37776041666666665 0.40661458333333333 0.02364583333333332 0.02704861111111114
1 0.5192187500000001 0.42609375000000005 0.025624999999999964 0.033333333333333215
0 0.5485416666666667 0.37239583333333337 0.04250000000000007 0.07583333333333338
1 0.51 0.3654513888888889 0.015312499999999929 0.019062499999999982
1 0.4338020833333333 0.3733854166666667 0.015520833333333428 0.02218749999999998
1 0.31421875 0.5172395833333333 0.06749999999999998 0.0997916666666665