2 0.15625 0.74765625 0.3125 0.50390625
1 0.44453125 0.484375 0.0265625 0.040625
1 0.3828125 0.434375 0.0203125 0.0265625
1 0.3578125 0.46640625 0.02734375 0.03359375
2 0.34453125 0.53984375 0.0765625 0.10390625
1 0.4515625 0.4328125 0.01953125 0.0265625
1 0.27421875 0.96640625 0.1078125 0.06640625
1 0.4109375 0.40546875 0.01640625 0.021875
1 0.5328125 0.40546875 0.01484375 0.021875
1 0.46640625 0.415625 0.0171875 0.025
1 0.47265625 0.39296875 0.0140625 0.01953125
2 0.48125 0.340625 0.01328125 0.028125
2 0.45546875 0.36171875 0.0203125 0.0515625
1 0.5609375 0.37265625 0.01015625 0.01796875
0 0.4328125 0.4015625 0.02578125 0.05
2 0.31875 0.50703125 0.0390625 0.06953125