1 0.35625 0.78046875 0.08046875 0.121875
1 0.1421875 0.72265625 0.096875 0.10703125
1 0.2875 0.659375 0.07421875 0.09609375
1 0.5625 0.49453125 0.03046875 0.04453125
1 0.315625 0.51953125 0.03515625 0.046875
1 0.384375 0.49296875 0.0296875 0.04140625
1 0.45 0.47890625 0.02421875 0.03046875
1 0.6265625 0.46015625 0.02421875 0.034375
1 0.41796875 0.45078125 0.0203125 0.03203125
1 0.434375 0.41796875 0.01640625 0.021875
1 0.4578125 0.42890625 0.01953125 0.028125
1 0.4703125 0.39609375 0.01328125 0.021875
1 0.4109375 0.41015625 0.015625 0.02109375
1 0.58125 0.40390625 0.01484375 0.01953125
2 0.35625 0.45859375 0.03203125 0.05859375
1 0.4390625 0.38046875 0.0125 0.01953125
1 0.48125 0.37421875 0.01171875 0.01796875