1 0.1349826388888889 0.7176388888888889 0.14586805555555554 0.1719444444444445
1 0.21717013888888886 0.8198263888888888 0.13180555555555556 0.17131944444444436
1 0.1015277777777778 0.6043229166666666 0.10076388888888888 0.10906249999999992
1 0.2892881944444444 0.5657465277777778 0.07045138888888891 0.0796180555555555
1 0.6099305555555555 0.6003298611111111 0.05638888888888882 0.07899305555555554
2 0.37895833333333334 0.40159722222222227 0.09496527777777777 0.12909722222222228
1 0.42838541666666663 0.4999826388888889 0.04499999999999993 0.058194444444444396
1 0.3755729166666667 0.48355902777777776 0.04170138888888886 0.05024305555555557
1 0.5765277777777778 0.4846701388888889 0.027291666666666714 0.03399305555555543
2 0.47711805555555553 0.38328125 0.03545138888888886 0.04996527777777775
1 0.4186284722222222 0.41118055555555555 0.025694444444444464 0.032361111111111104
1 0.5899652777777777 0.4430381944444445 0.017673611111111143 0.022638888888888785
1 0.48244791666666664 0.42496527777777776 0.024027777777777714 0.027604166666666784
1 0.4598958333333334 0.45446180555555554 0.030486111111111214 0.037256944444444426
1 0.44578125 0.42098958333333336 0.025694444444444464 0.032361111111111104
1 0.443732638888889 0.44279513888888894 0.030451388888888785 0.03569444444444443
2 0.5771354166666667 0.3869444444444444 0.022638888888888785 0.03534722222222229