1 0.85546875 0.87265625 0.1265625 0.165625
1 0.0640625 0.81796875 0.121875 0.13046875
1 0.1328125 0.94296875 0.1453125 0.1140625
1 0.66328125 0.78828125 0.09375 0.18203125
1 0.70625 0.55234375 0.04296875 0.05390625
1 0.5828125 0.553125 0.03828125 0.0609375
1 0.4171875 0.56640625 0.04140625 0.05546875
1 0.4359375 0.48671875 0.02890625 0.034375
2 0.325 0.52734375 0.12265625 0.2234375
1 0.6109375 0.471875 0.02734375 0.0390625
1 0.3890625 0.434375 0.0203125 0.0265625
1 0.5828125 0.403125 0.015625 0.0234375
1 0.5546875 0.403125 0.01484375 0.021875
1 0.2625 0.56796875 0.01953125 0.053125
1 0.5265625 0.38203125 0.01171875 0.01640625
1 0.453125 0.44921875 0.02109375 0.03203125
1 0.4078125 0.4140625 0.01640625 0.025
1 0.4625 0.415625 0.01875 0.025
2 0.4234375 0.41953125 0.02421875 0.046875
1 0.55625 0.378125 0.0125 0.01640625
1 0.475 0.39140625 0.0125 0.01953125