1 0.8318344907407408 0.6627372685185184 0.09303240740740719 0.11952546296296304
1 0.39924189814814814 0.6125578703703705 0.05530092592592588 0.08605324074074083
1 0.7230844907407408 0.6480787037037038 0.07427083333333329 0.11685185185185176
1 0.24043402777777775 0.5930497685185185 0.07086805555555556 0.07916666666666679
1 0.3146527777777778 0.5886516203703704 0.06461805555555555 0.0787962962962963
1 0.355005787037037 0.44401041666666663 0.03152777777777782 0.0393518518518519
1 0.42735532407407406 0.3982986111111111 0.01895833333333332 0.02923611111111111
1 0.45883101851851854 0.42691550925925925 0.02055555555555557 0.0340162037037036
1 0.4739988425925926 0.3642708333333333 0.01578703703703699 0.022800925925925954
1 0.6180497685185184 0.39637731481481486 0.022106481481481487 0.03254629629629626
1 0.4543981481481481 0.35605324074074074 0.012650462962962905 0.021053240740740796
1 0.5646527777777778 0.36280671296296296 0.015810185185185156 0.025925925925925953
1 0.4161863425925926 0.36769675925925926 0.01578703703703699 0.022800925925925954
1 0.4479861111111111 0.3345486111111111 0.012627314814814739 0.01792824074074071
1 0.4870717592592593 0.3353587962962963 0.012638888888889 0.019490740740740798