1 0.071875 0.81171875 0.1265625 0.1375
1 0.24375 0.71796875 0.0890625 0.125
1 0.27109375 0.56796875 0.0515625 0.05546875
1 0.675 0.51171875 0.03671875 0.0484375
1 0.3296875 0.48671875 0.03359375 0.04296875
1 0.40625 0.528125 0.03671875 0.05
1 0.4390625 0.48671875 0.0296875 0.04609375
1 0.6171875 0.51171875 0.03359375 0.04609375
1 0.3890625 0.48984375 0.02890625 0.040625
1 0.3671875 0.44296875 0.02109375 0.03046875
1 0.4296875 0.42421875 0.01953125 0.03203125
1 0.5453125 0.446875 0.02265625 0.0359375
1 0.53125 0.40390625 0.01796875 0.028125
1 0.5859375 0.43984375 0.01953125 0.02890625
1 0.4625 0.41484375 0.01796875 0.0265625
1 0.8609375 0.98203125 0.0890625 0.03359375
1 0.4296875 0.38671875 0.01484375 0.02109375
1 0.5796875 0.40546875 0.0140625 0.021875
1 0.3515625 0.77265625 0.08828125 0.1875
1 0.478125 0.37578125 0.0125 0.01796875
1 0.565625 0.37890625 0.0125 0.01640625