1 0.4383333333333333 0.8902083333333334 0.1185995370370371 0.15819444444444458
2 0.22999421296296294 0.7752083333333333 0.40864583333333326 0.44958333333333333
1 0.7025520833333333 0.6702256944444445 0.07984953703703698 0.11434027777777782
1 0.47089699074074076 0.5936111111111111 0.05194444444444457 0.06784722222222221
1 0.39403356481481483 0.47472222222222216 0.03401620370370369 0.04208333333333343
1 0.3841782407407407 0.5897569444444445 0.06325231481481479 0.08083333333333335
1 0.47365162037037034 0.4759201388888889 0.03084490740740744 0.04038194444444443
1 0.4369560185185185 0.47506944444444443 0.030798611111111106 0.03881944444444443
1 0.5993171296296296 0.4776041666666667 0.03571759259259259 0.04684027777777775
1 0.45206597222222217 0.43204861111111115 0.02758101851851862 0.035555555555555604
1 0.6102199074074074 0.42425347222222226 0.027673611111111107 0.038680555555555426
2 0.43808449074074074 0.38149305555555557 0.040868055555555574 0.06267361111111107
1 0.6011805555555556 0.3825 0.019444444444444285 0.024270833333333287
1 0.4830439814814815 0.4505902777777778 0.026018518518518618 0.03548611111111111
1 0.5535243055555557 0.38038194444444445 0.017881944444444287 0.024201388888888963
1 0.4840509259259259 0.43190972222222224 0.025925925925925953 0.032361111111111104
1 0.49029513888888887 0.4056597222222223 0.019537037037036954 0.027395833333333286
1 0.5745196759259259 0.3516666666666667 0.016319444444444463 0.024131944444444463
1 0.5429282407407408 0.36508680555555556 0.016226851851851975 0.021006944444444463
2 0.4643229166666666 0.3717361111111111 0.03755787037037024 0.05628472222222225