1 0.0328125 0.89296875 0.065625 0.13046875
1 0.3515625 0.83046875 0.08359375 0.13046875
1 0.1921875 0.828125 0.11015625 0.13359375
1 0.29375 0.94453125 0.11875 0.10859375
1 0.3671875 0.70703125 0.065625 0.096875
1 0.309375 0.640625 0.06640625 0.0859375
1 0.5796875 0.56015625 0.0375 0.0625
1 0.39375 0.490625 0.02578125 0.0359375
1 0.40703125 0.62421875 0.05 0.07109375
1 0.55 0.46640625 0.02421875 0.03359375
1 0.615625 0.49921875 0.02890625 0.04296875
1 0.30625 0.52109375 0.0390625 0.046875
1 0.35 0.55703125 0.04453125 0.05546875
1 0.21171875 0.61796875 0.0765625 0.09453125
1 0.5796875 0.43671875 0.0203125 0.02890625
2 0.4140625 0.38984375 0.02890625 0.059375
1 0.55703125 0.403125 0.0140625 0.0234375
1 0.41875 0.55546875 0.03828125 0.053125
1 0.52734375 0.38515625 0.0125 0.01796875
1 0.41875 0.44921875 0.02265625 0.03203125
1 0.43046875 0.50078125 0.0328125 0.03203125
0 0.77578125 0.684375 0.2046875 0.3859375
1 0.44140625 0.484375 0.025 0.03203125
1 0.45859375 0.44140625 0.01875 0.028125
1 0.4703125 0.409375 0.01484375 0.0234375
2 0.4484375 0.38828125 0.015625 0.02890625
1 0.4375 0.44921875 0.02109375 0.02890625