1 0.384375 0.66640625 0.06015625 0.09453125
1 0.2515625 0.721875 0.08046875 0.1015625
1 0.66875 0.58203125 0.05625 0.09453125
1 0.41953125 0.55546875 0.0359375 0.05546875
1 0.3359375 0.48984375 0.03359375 0.0515625
1 0.5734375 0.55078125 0.03671875 0.05390625
1 0.39921875 0.47265625 0.0296875 0.04296875
1 0.5609375 0.490625 0.0265625 0.0390625
1 0.6390625 0.4765625 0.02578125 0.0359375
1 0.696875 0.53203125 0.046875 0.075
1 0.6109375 0.440625 0.02265625 0.03046875
1 0.42890625 0.41640625 0.01875 0.025
1 0.5609375 0.41796875 0.015625 0.021875
1 0.4046875 0.41328125 0.01796875 0.0234375
1 0.5328125 0.41015625 0.015625 0.0234375
1 0.3734375 0.44921875 0.01953125 0.03203125
1 0.47109375 0.39296875 0.0140625 0.01953125
2 0.4421875 0.36171875 0.01796875 0.04296875
1 0.45546875 0.44921875 0.01875 0.03203125
1 0.44375 0.39765625 0.01328125 0.02109375
1 0.5265625 0.38828125 0.0125 0.01796875
1 0.521875 0.36328125 0.009375 0.015625
1 0.4609375 0.41796875 0.0171875 0.025