2 0.06880208333333333 0.8088020833333334 0.13760416666666667 0.3815625000000001
1 0.41079861111111116 0.5756249999999999 0.0468055555555555 0.07020833333333343
1 0.6640972222222222 0.5509375000000001 0.05173611111111107 0.08145833333333333
1 0.2512847222222222 0.7329166666666667 0.09649305555555551 0.1296875
1 0.22024305555555554 0.6203125 0.06885416666666666 0.07947916666666668
1 0.3611284722222222 0.5290104166666667 0.041770833333333354 0.05427083333333336
1 0.4343923611111111 0.46171875 0.028993055555555536 0.04093750000000007
1 0.3681076388888889 0.4255729166666667 0.027361111111111037 0.03770833333333332
1 0.40625 0.4292708333333334 0.024201388888888963 0.0359375
1 0.4274131944444445 0.3896354166666667 0.017777777777777715 0.027708333333333356
1 0.45100694444444445 0.4161458333333334 0.022673611111111037 0.03739583333333343
1 0.4064756944444444 0.38401041666666663 0.01763888888888889 0.021458333333333357
1 0.46717013888888886 0.35578125 0.014479166666666644 0.019687500000000035
1 0.5439583333333333 0.34052083333333333 0.014479166666666644 0.019687500000000035
1 0.4785243055555556 0.33630208333333333 0.01444444444444457 0.018125000000000037
1 0.44013888888888886 0.3435416666666667 0.01288194444444457 0.018020833333333285