1 0.11296296296296297 0.6855555555555556 0.13917824074074076 0.132673611111111
2 0.4911747685185185 0.40505208333333337 0.03634259259259256 0.053888888888888785
2 0.710011574074074 0.4869791666666667 0.07424768518518512 0.1078125
1 0.3413773148148148 0.49829861111111107 0.05046296296296297 0.055763888888888856
1 0.4763888888888889 0.533611111111111 0.045775462962962976 0.055659722222222284
1 0.44265046296296295 0.4671180555555555 0.0375 0.04298611111111121
1 0.4058449074074074 0.5078125 0.045775462962962976 0.055659722222222284
1 0.6735243055555555 0.45182291666666663 0.027835648148148096 0.03496527777777771
1 0.5317997685185185 0.40414930555555556 0.02459490740740744 0.031770833333333214
1 0.5224247685185185 0.42546874999999995 0.02615740740740744 0.03180555555555564
1 0.4648148148148148 0.4111111111111111 0.02459490740740744 0.031770833333333214
1 0.4681712962962963 0.39618055555555554 0.02459490740740744 0.031770833333333394
2 0.5042534722222222 0.46262152777777776 0.039409722222222145 0.05239583333333329
2 0.2838541666666667 0.6340625 0.14461805555555554 0.1952430555555555
1 0.5488136574074074 0.37796875 0.01637731481481488 0.020659722222222232