1 0.8734259259259259 0.9181712962962962 0.09604166666666672 0.10196759259259239
1 0.23973958333333334 0.637818287037037 0.08673611111111112 0.11099537037037041
1 0.7141493055555556 0.5944733796296295 0.07570601851851855 0.09809027777777786
1 0.12813657407407408 0.6263310185185185 0.11178240740740737 0.11817129629629637
1 0.3880092592592593 0.549537037037037 0.055219907407407384 0.07390046296296297
1 0.22770254629629633 0.8921006944444445 0.1290972222222222 0.13599537037037024
1 0.5669849537037037 0.5335358796296296 0.04418981481481481 0.06099537037037024
1 0.36117476851851854 0.4817997685185185 0.04730324074074073 0.05954861111111107
1 0.648587962962963 0.48287037037037034 0.036250000000000074 0.04351851851851851
1 0.34436342592592595 0.43165509259259255 0.037812499999999985 0.04357638888888893
1 0.6102083333333332 0.49756944444444445 0.03631944444444457 0.05289351851851851
1 0.4116087962962963 0.4213541666666666 0.03312500000000007 0.04340277777777786
1 0.5561979166666667 0.40818865740740745 0.023645833333333498 0.028993055555555536
1 0.4142824074074074 0.3767361111111111 0.02364583333333332 0.028993055555555536
1 0.5804340277777778 0.40494791666666663 0.022083333333333323 0.02893518518518512
1 0.6254976851851852 0.436863425925926 0.025231481481481487 0.032175925925925955
1 0.547048611111111 0.37806712962962963 0.015775462962962904 0.02089120370370372
1 0.4603935185185185 0.37268518518518523 0.02052083333333332 0.02887731481481488
1 0.6008333333333333 0.3924768518518518 0.018935185185185333 0.025694444444444464
1 0.48216435185185186 0.3859375 0.02364583333333332 0.028993055555555536
1 0.575144675925926 0.38093171296296297 0.01736111111111107 0.024074074074074046
2 0.46008101851851857 0.4148726851851852 0.04263888888888889 0.0625
2 0.5755092592592593 0.331712962962963 0.026909722222222144 0.04785879629629637