2 0.6754224537037038 0.537818287037037 0.13363425925925937 0.19542824074074083
2 0.8292303240740739 0.6846643518518518 0.2891319444444445 0.33946759259259257
1 0.25049189814814815 0.6096932870370371 0.08127314814814816 0.11203703703703702
1 0.6085879629629629 0.7059027777777779 0.07640046296296302 0.10543981481481488
1 0.24035300925925923 0.529079861111111 0.07593750000000003 0.08981481481481488
1 0.33473958333333337 0.4616898148148148 0.046932870370370416 0.05804398148148149
2 0.6387268518518519 0.4286168981481481 0.04243055555555557 0.06394675925925916
0 0.6213657407407407 0.38035300925925924 0.04256944444444457 0.06863425925925934
1 0.5694270833333334 0.41565393518518523 0.024270833333333287 0.02986111111111107
1 0.5767245370370371 0.46004050925925927 0.02923611111111111 0.039583333333333394
1 0.5665162037037037 0.3817708333333333 0.019490740740740798 0.026388888888888927