1 0.325 0.60078125 0.05625 0.07109375
2 0.3828125 0.4078125 0.0609375 0.0984375
1 0.421875 0.578125 0.03984375 0.0609375
1 0.63125 0.53203125 0.03671875 0.053125
1 0.31171875 0.51796875 0.0359375 0.04453125
1 0.37421875 0.515625 0.0328125 0.04453125
1 0.2078125 0.61953125 0.02734375 0.06640625
1 0.4359375 0.49375 0.0265625 0.0375
1 0.1 0.9875 0.11328125 0.025
1 0.6578125 0.50078125 0.03046875 0.04609375
1 0.59375 0.415625 0.01796875 0.025
1 0.4703125 0.39296875 0.0140625 0.01953125
1 0.575 0.39140625 0.01328125 0.01953125
1 0.459375 0.4265625 0.01796875 0.025
1 0.525 0.3765625 0.0125 0.021875
1 0.54921875 0.38515625 0.0140625 0.01796875
1 0.4453125 0.403125 0.01484375 0.021875
2 0.4671875 0.34765625 0.01953125 0.04296875
1 0.5234375 0.36328125 0.01015625 0.01796875