2 0.1956076388888889 0.6190277777777778 0.2142013888888889 0.296736111111111
1 0.5805034722222222 0.6244270833333333 0.056388888888889 0.07899305555555554
1 0.6885590277777778 0.6401562500000001 0.07069444444444457 0.0905555555555555
1 0.3985243055555555 0.6186805555555555 0.05486111111111107 0.08048611111111122
1 0.5972743055555556 0.5010763888888888 0.035416666666666784 0.048402777777777926
1 0.4127777777777778 0.5225347222222222 0.03711805555555543 0.05472222222222225
1 0.7207118055555556 0.5768055555555556 0.05614583333333343 0.06805555555555554
1 0.7580902777777778 0.608125 0.057673611111111 0.06656250000000004
1 0.5389583333333333 0.5109722222222223 0.03541666666666661 0.04840277777777775
1 0.43204861111111115 0.4414409722222222 0.022534722222222213 0.030659722222222286
1 0.3993055555555556 0.4431076388888888 0.022465277777777803 0.027534722222222287
1 0.5089930555555556 0.42690972222222223 0.020902777777777715 0.027465277777777786
1 0.6065277777777778 0.4609027777777778 0.025729166666666713 0.033923611111111106
1 0.5667881944444444 0.46381944444444445 0.028923611111111212 0.03718749999999993
1 0.53296875 0.4170486111111112 0.017743055555555644 0.025763888888888788
1 0.3477430555555555 0.4759375 0.028958333333333287 0.03874999999999993
1 0.4926041666666666 0.39184027777777775 0.014513888888888892 0.020937499999999963
1 0.5333680555555556 0.47013888888888894 0.028888888888888964 0.03562499999999993
1 0.4140798611111111 0.4055208333333334 0.014583333333333393 0.024062499999999966
1 0.43616319444444446 0.41586805555555556 0.017777777777777715 0.027326388888888786
1 0.4401736111111111 0.3856076388888889 0.014513888888888892 0.020937499999999963
0 0.3767534722222222 0.41166666666666674 0.03562499999999993 0.05777777777777775
1 0.5386979166666667 0.3938888888888889 0.016076388888888894 0.021006944444444463