1 0.10047453703703704 0.7656597222222222 0.12997685185185187 0.1625694444444445
1 0.13375 0.9115277777777777 0.1703587962962963 0.15998842592592588
1 0.9641927083333333 0.9095486111111111 0.07161458333333356 0.18010416666666665
1 0.6628819444444444 0.8080671296296297 0.0875694444444445 0.12608796296296276
1 0.6131944444444445 0.6161574074074074 0.05372685185185198 0.07446759259259253
2 0.3712152777777778 0.4423263888888889 0.08312500000000007 0.13053240740740737
1 0.7322743055555556 0.5685706018518518 0.05135416666666668 0.05876157407407412
1 0.68078125 0.5822627314814814 0.05159722222222225 0.06344907407407412
1 0.6448206018518519 0.5048206018518518 0.036805555555555716 0.048657407407407406
2 0.61546875 0.3895428240740741 0.041469907407407545 0.0785069444444444
1 0.5834780092592593 0.49384837962962963 0.031874999999999966 0.043726851851851836
1 0.6969097222222222 0.517650462962963 0.03343749999999997 0.043807870370370414
1 0.41065972222222225 0.48177083333333337 0.035243055555555534 0.048576388888889
1 0.45326967592592593 0.41697337962962966 0.021851851851851834 0.03074074074074069
1 0.6384143518518519 0.4413773148148149 0.021851851851851834 0.03074074074074069
1 0.559693287037037 0.4108043981481481 0.018564814814814846 0.027453703703703702
1 0.5755381944444444 0.44590856481481483 0.023576388888889 0.033946759259259274
1 0.4801851851851852 0.4401851851851852 0.02530092592592581 0.037152777777777854
2 0.4413310185185185 0.3820717592592593 0.037696759259259235 0.06584490740740741
2 0.5831018518518519 0.39643518518518517 0.025787037037036952 0.046527777777777855