1 0.78046875 0.63984375 0.0703125 0.09609375
2 0.11484375 0.81015625 0.2296875 0.37890625
1 0.38515625 0.68671875 0.0625 0.090625
1 0.7 0.66796875 0.0625 0.071875
1 0.3640625 0.54296875 0.0453125 0.05546875
1 0.29453125 0.54296875 0.05 0.05859375
1 0.6359375 0.47578125 0.0265625 0.034375
1 0.3921875 0.484375 0.02890625 0.0375
1 0.4390625 0.50234375 0.0296875 0.040625
1 0.55546875 0.484375 0.0265625 0.0390625
1 0.3828125 0.44296875 0.02109375 0.03046875
1 0.20390625 0.64609375 0.059375 0.06640625
1 0.43125 0.41796875 0.01875 0.028125
2 0.3578125 0.45859375 0.0328125 0.05
1 0.5671875 0.4203125 0.01796875 0.0265625
1 0.52734375 0.39453125 0.0125 0.01953125
1 0.5875 0.41015625 0.0171875 0.0265625
1 0.4140625 0.40390625 0.01484375 0.01953125
1 0.4703125 0.39921875 0.01328125 0.01796875
1 0.5515625 0.39453125 0.0125 0.01953125
1 0.45234375 0.44296875 0.021875 0.03046875