1 0.72734375 0.871875 0.1109375 0.190625
1 0.2140625 0.78671875 0.09609375 0.12109375
1 0.39453125 0.646875 0.0546875 0.07890625
2 0.94375 0.77421875 0.11171875 0.44296875
1 0.19375 0.65546875 0.07421875 0.08046875
1 0.3390625 0.57421875 0.0484375 0.059375
1 0.4265625 0.51796875 0.0328125 0.04453125
2 0.3875 0.41796875 0.0421875 0.075
1 0.4 0.46171875 0.0265625 0.04609375
2 0.72265625 0.53671875 0.090625 0.14609375
1 0.6140625 0.44765625 0.02265625 0.02890625
1 0.5625 0.415625 0.01796875 0.025
1 0.45625 0.446875 0.0203125 0.03203125
1 0.471875 0.39765625 0.01484375 0.02109375
1 0.5328125 0.41328125 0.01484375 0.0234375
1 0.3546875 0.484375 0.0375 0.06796875
2 0.43671875 0.38515625 0.03125 0.06796875
1 0.55546875 0.36953125 0.0109375 0.01640625