1 0.24145833333333333 0.8356481481481481 0.12770833333333337 0.13613425925925923
2 0.2771875 0.5343171296296296 0.10218749999999996 0.12795138888888893
1 0.3440625 0.958738425925926 0.14958333333333335 0.0825231481481481
1 0.30125 0.6191319444444444 0.0671875 0.07123842592592596
1 0.65328125 0.488275462962963 0.055624999999999855 0.061701388888888965
1 0.4033854166666667 0.48300925925925925 0.03729166666666668 0.04425925925925931
1 0.3196875 0.4950636574074075 0.03729166666666668 0.04425925925925931
1 0.346875 0.5447337962962963 0.04395833333333332 0.0506018518518518
1 0.3740625 0.4536400462962963 0.026874999999999982 0.02849537037037031
1 0.6026562500000001 0.4499884259259259 0.03718749999999993 0.04269675925925931
1 0.38635416666666667 0.4217592592592593 0.02375000000000007 0.028449074074074154
1 0.34447916666666667 0.45163773148148145 0.026979166666666644 0.03005787037037031
1 0.48973958333333334 0.4193807870370371 0.027291666666666714 0.03474537037037031
2 0.5374479166666667 0.3841145833333333 0.034479166666666575 0.04890046296296298
2 0.5061458333333333 0.3727025462962963 0.057395833333333354 0.08826388888888888
1 0.47640625 0.3965046296296296 0.02375000000000007 0.028449074074074064
1 0.41328125 0.4166840277777778 0.023541666666666572 0.025324074074073978
1 0.3642708333333333 0.4128298611111111 0.02041666666666666 0.025277777777777823
1 0.46786458333333336 0.3721354166666667 0.01864583333333325 0.022129629629629655