1 0.18125 0.846875 0.1125 0.140625
2 0.3875 0.40234375 0.05 0.090625
1 0.409375 0.58359375 0.04375 0.0609375
1 0.34453125 0.55390625 0.0453125 0.0640625
1 0.3296875 0.503125 0.034375 0.04140625
1 0.3796875 0.49921875 0.03203125 0.0515625
1 0.446875 0.465625 0.025 0.0359375
1 0.46171875 0.421875 0.0171875 0.0265625
0 0.67578125 0.48515625 0.0921875 0.15390625
1 0.475 0.38359375 0.0125 0.01640625
1 0.45 0.39765625 0.01484375 0.02109375
1 0.521875 0.365625 0.009375 0.0140625
1 0.4234375 0.415625 0.0171875 0.0265625
1 0.48515625 0.36953125 0.0109375 0.01953125
1 0.4453125 0.37421875 0.01171875 0.01796875
1 0.5421875 0.36796875 0.00859375 0.0140625