1 0.3828125 0.671875 0.05390625 0.0859375
1 0.6859375 0.53046875 0.0375 0.053125
1 0.3359375 0.49609375 0.03203125 0.04140625
1 0.42578125 0.51640625 0.0328125 0.05546875
1 0.3734375 0.50390625 0.034375 0.04453125
1 0.5453125 0.44765625 0.02109375 0.034375
1 0.3859375 0.44296875 0.021875 0.03046875
1 0.4453125 0.46328125 0.0234375 0.03203125
1 0.26015625 0.98359375 0.0984375 0.0328125
1 0.5734375 0.434375 0.01875 0.0265625
1 0.46640625 0.4078125 0.0140625 0.0234375
1 0.528125 0.38828125 0.01328125 0.02109375
1 0.40390625 0.41953125 0.01875 0.025
1 0.43125 0.38671875 0.01328125 0.01796875
1 0.48515625 0.365625 0.0109375 0.01953125
1 0.521875 0.36328125 0.01015625 0.01796875
1 0.440625 0.37421875 0.01171875 0.01796875