2 0.12430555555555556 0.6956307870370371 0.23578703703703704 0.525636574074074
1 0.7848784722222222 0.7482060185185185 0.09369212962962976 0.1049768518518519
1 0.3327835648148148 0.5901331018518519 0.0654745370370371 0.09768518518518512
1 0.6828761574074074 0.6093460648148149 0.05253472222222229 0.06753472222222215
1 0.5918055555555556 0.5232060185185186 0.03672453703703695 0.054456018518518515
1 0.2745486111111111 0.928414351851852 0.12540509259259255 0.1373842592592595
1 0.6924247685185185 0.5160011574074075 0.0398032407407408 0.051446759259259164
1 0.6214178240740741 0.46652199074074074 0.02704861111111114 0.033796296296296366
1 0.6492881944444444 0.45037615740740744 0.02543981481481481 0.030613425925925954
1 0.5996527777777778 0.42042824074074076 0.020706018518518478 0.027314814814814882
1 0.5660127314814816 0.41605902777777776 0.019143518518518476 0.027256944444444466
1 0.4215972222222222 0.4185185185185185 0.025486111111111143 0.03373842592592595
1 0.6238136574074075 0.4174189814814815 0.02068287037037031 0.02575231481481488
2 0.7706481481481482 0.5782407407407407 0.11805555555555554 0.16834490740740743
1 0.3961168981481481 0.43787615740740743 0.02865740740740739 0.036979166666666785
1 0.5562673611111111 0.39071180555555557 0.015949074074073977 0.02245370370370372
2 0.47846064814814815 0.35659722222222223 0.029050925925925952 0.06354166666666661
1 0.5008333333333332 0.39100115740740743 0.01748842592592581 0.020949074074074047
1 0.6007870370370371 0.3915798611111111 0.014363425925925988 0.020833333333333304