1 0.7576331018518518 0.6678993055555555 0.07778935185185176 0.08337962962962955
1 0.6606944444444445 0.506099537037037 0.03339120370370381 0.03930555555555557
1 0.44795138888888886 0.4912673611111111 0.0350462962962963 0.04556712962962965
1 0.43472222222222223 0.4421412037037037 0.023923611111111142 0.03298611111111107
1 0.5983854166666667 0.46671296296296294 0.030173611111111144 0.033032407407407406
1 0.629542824074074 0.46023148148148146 0.025462962962962975 0.03143518518518533
1 0.5606770833333333 0.4529282407407408 0.02387731481481481 0.02986111111111107
1 0.5695833333333333 0.4739583333333333 0.03185185185185198 0.04085648148148149
1 0.494369212962963 0.4073206018518519 0.01912037037037031 0.025138888888889
2 0.5790972222222223 0.3777835648148148 0.025555555555555644 0.037685185185185155
1 0.5844675925925926 0.42384259259259255 0.020706018518518478 0.026712962962962904
1 0.6129571759259259 0.5009837962962963 0.03987268518518512 0.0549768518518519
1 0.5548032407407407 0.425625 0.020729166666666642 0.028275462962962905
1 0.6087210648148148 0.4260069444444444 0.020706018518518478 0.026712962962962904