1 0.30395833333333333 0.7319270833333333 0.0798263888888889 0.1094444444444445
1 0.18411458333333336 0.7081423611111111 0.11513888888888886 0.15236111111111103
1 0.6708680555555555 0.5335590277777778 0.048831018518518475 0.060381944444444356
1 0.20503472222222224 0.5795312499999999 0.060231481481481455 0.06843749999999993
1 0.4132291666666667 0.4456944444444444 0.028784722222222215 0.038090277777777716
1 0.3715451388888889 0.4494618055555556 0.03053240740740737 0.04124999999999997
1 0.5713541666666667 0.47032986111111114 0.03237268518518519 0.04597222222222221
1 0.43613425925925925 0.4023958333333333 0.018761574074074083 0.02694444444444457
1 0.4526909722222222 0.3738194444444444 0.015358796296296263 0.02218749999999998
1 0.4068171296296296 0.3954861111111111 0.01866898148148142 0.02538194444444448
1 0.3456828703703704 0.42385416666666664 0.03384259259259252 0.04444444444444447
1 0.42364583333333333 0.3755208333333333 0.015266203703703596 0.02062500000000007
1 0.4027835648148148 0.37114583333333334 0.01701388888888893 0.02378472222222223
1 0.4657986111111111 0.3506423611111111 0.013703703703703597 0.020590277777777822
1 0.42737847222222225 0.3521354166666667 0.013703703703703597 0.020590277777777822