1 0.07238136574074075 0.8996296296296297 0.1447627314814815 0.1619328703703701
1 0.8538599537037037 0.6525636574074074 0.12167824074074077 0.15025462962962965
2 0.5866261574074073 0.3905844907407407 0.06728009259259267 0.0940393518518519
1 0.3983564814814815 0.6215972222222221 0.06178240740740737 0.07827546296296291
1 0.3373611111111111 0.9705266203703704 0.10967592592592598 0.03913194444444414
1 0.3157349537037037 0.6053240740740741 0.0630208333333333 0.07207175925925924
1 0.6569907407407408 0.7184606481481481 0.12295138888888886 0.20489583333333333
1 0.29006944444444444 0.5436805555555555 0.04642361111111111 0.052858796296296265
1 0.4011689814814815 0.5372685185185185 0.0450231481481481 0.05593749999999993
1 0.36118055555555556 0.5111516203703703 0.040011574074074116 0.049548611111111106
1 0.5291550925925925 0.460931712962963 0.03672453703703695 0.04633101851851844
1 0.3922511574074074 0.43846643518518513 0.02489583333333334 0.028819444444444463
1 0.4066550925925926 0.40137731481481487 0.020127314814814844 0.02711805555555564
1 0.3772627314814815 0.4116087962962963 0.021446759259259273 0.022476851851851797
1 0.5039872685185186 0.40473379629629624 0.025138888888889 0.033506944444444464
1 0.5551562499999999 0.4258391203703704 0.02850694444444457 0.03828703703703695
1 0.4259780092592592 0.4499479166666667 0.02850694444444457 0.03828703703703695
1 0.5415856481481482 0.3716377314814815 0.01824074074074069 0.02082175925925931
1 0.4311574074074073 0.3951909722222222 0.019965277777777856 0.023993055555555642
0 0.5233912037037036 0.3464351851851852 0.02538194444444457 0.03819444444444446
1 0.48758680555555556 0.35997685185185185 0.01667824074074069 0.020775462962962975
1 0.4977662037037037 0.3893171296296296 0.020127314814814844 0.027118055555555555