2 0.1515625 0.65 0.22265625 0.3
1 0.9421875 0.87578125 0.11484375 0.16796875
1 0.3484375 0.74140625 0.07421875 0.10546875
1 0.325 0.51015625 0.03125 0.04609375
1 0.6 0.47421875 0.0296875 0.04609375
1 0.4265625 0.55546875 0.03671875 0.053125
1 0.44453125 0.46796875 0.025 0.03359375
1 0.55625 0.484375 0.02578125 0.04296875
1 0.434375 0.41796875 0.015625 0.021875
1 0.39453125 0.47421875 0.0265625 0.04296875
2 0.0328125 0.94375 0.065625 0.1125
1 0.4109375 0.41171875 0.01640625 0.02109375
1 0.365625 0.46171875 0.02734375 0.034375
1 0.5328125 0.41171875 0.01484375 0.0265625
1 0.5671875 0.41796875 0.01796875 0.025
1 0.575 0.39296875 0.0125 0.01953125
1 0.4640625 0.415625 0.01640625 0.025
2 0.4390625 0.375 0.01484375 0.025
1 0.45625 0.43203125 0.01875 0.025
1 0.44375 0.39921875 0.01328125 0.01796875
1 0.5296875 0.39296875 0.01484375 0.01953125
1 0.3578125 0.53515625 0.04921875 0.07109375