1 0.8466782407407407 0.5490625 0.10381944444444428 0.1236458333333335
2 0.2266608796296296 0.846875 0.27457175925925925 0.3
1 0.45060185185185186 0.7213541666666667 0.09398148148148149 0.11520833333333336
1 0.7722974537037037 0.60421875 0.08818287037037038 0.09614583333333329
1 0.3857407407407408 0.5797916666666667 0.06657407407407412 0.0729166666666666
1 0.31327546296296294 0.6010937500000001 0.06997685185185185 0.07781249999999992
1 0.6470775462962963 0.42354166666666665 0.038437500000000034 0.04458333333333329
1 0.39568287037037037 0.5093229166666667 0.04184027777777777 0.04947916666666678
1 0.4508333333333333 0.5134895833333333 0.043587962962962835 0.05270833333333336
1 0.5660243055555556 0.45875000000000005 0.04027777777777786 0.049374999999999857
1 0.37374421296296295 0.4699999999999999 0.030347222222222213 0.03937500000000007
1 0.25069444444444444 0.7362500000000001 0.08312500000000007 0.08958333333333321
1 0.41678819444444437 0.4286979166666667 0.02850694444444457 0.03458333333333332
2 0.3523842592592593 0.49338541666666663 0.048831018518518475 0.06239583333333343
1 0.5586863425925925 0.3878645833333333 0.026851851851851904 0.032916666666666664
1 0.510011574074074 0.37385416666666665 0.018576388888888927 0.024583333333333356
1 0.576556712962963 0.37177083333333333 0.026851851851851904 0.032916666666666664
1 0.39426504629629633 0.41921875000000003 0.021793981481481504 0.02635416666666668
1 0.4517939814814815 0.39734375 0.018483796296296262 0.02302083333333336
1 0.5346875 0.36671875 0.018576388888888927 0.024583333333333356
1 0.4461631944444444 0.4479166666666667 0.031909722222222214 0.03947916666666664