1 0.26319444444444445 0.9173032407407409 0.1414351851851851 0.15347222222222215
1 0.42120949074074077 0.7268229166666667 0.09201388888888892 0.12511574074074083
1 0.25584490740740745 0.6977430555555555 0.09571759259259256 0.0987268518518519
2 0.39279513888888895 0.42433449074074076 0.06452546296296298 0.09913194444444447
1 0.7946180555555555 0.5432291666666667 0.0653356481481481 0.07887731481481489
1 0.35821759259259256 0.6313657407407407 0.07228009259259256 0.09785879629629637
1 0.45902777777777776 0.522800925925926 0.03946759259259256 0.05451388888888893
1 0.3497395833333333 0.5291956018518519 0.05896990740740744 0.07552083333333322
1 0.425144675925926 0.4528645833333333 0.031134259259259167 0.040162037037037024
1 0.480150462962963 0.4171875 0.022916666666666606 0.02893518518518512
1 0.5883101851851851 0.40144675925925927 0.022916666666666786 0.02893518518518512
2 0.5527777777777778 0.329224537037037 0.018402777777777858 0.03344907407407405
0 0.6655960648148148 0.4181423611111111 0.07586805555555554 0.11047453703703702
1 0.4695891203703704 0.4488715277777778 0.027777777777777856 0.033796296296296366
1 0.4845775462962963 0.38885995370370374 0.016493055555555535 0.02401620370370363
2 0.48637152777777776 0.35280671296296295 0.021643518518518513 0.03668981481481488
1 0.43619791666666663 0.39221643518518523 0.019502314814814882 0.021006944444444463