1 0.6578125 0.815625 0.0859375 0.1625
1 0.2109375 0.80546875 0.10703125 0.14140625
1 0.1421875 0.72734375 0.0921875 0.0984375
1 0.76640625 0.63203125 0.059375 0.08046875
1 0.596875 0.58046875 0.040625 0.06953125
1 0.4140625 0.56796875 0.03984375 0.05859375
1 0.36015625 0.46484375 0.028125 0.040625
1 0.44375 0.478125 0.02578125 0.0390625
1 0.3625 0.5265625 0.0375 0.05
1 0.625 0.515625 0.03671875 0.05546875
1 0.54453125 0.44921875 0.0234375 0.034375
1 0.625 0.459375 0.02421875 0.03203125
1 0.5296875 0.40078125 0.01484375 0.0234375
1 0.46875 0.39921875 0.01328125 0.02109375
1 0.5859375 0.41171875 0.015625 0.0234375
2 0.415625 0.396875 0.0234375 0.04609375
1 0.4546875 0.42421875 0.01953125 0.02890625
1 0.56875 0.38515625 0.0125 0.01796875
1 0.525 0.378125 0.0125 0.01953125
1 0.48125 0.37421875 0.0125 0.02109375