1 0.2736689814814815 0.780162037037037 0.0979166666666667 0.11805555555555536
1 0.14817708333333335 0.7805208333333333 0.12141203703703703 0.12100694444444446
1 0.41996527777777776 0.7732407407407408 0.08396990740740744 0.12034722222222208
1 0.7667824074074074 0.7080439814814815 0.08194444444444429 0.10775462962962959
1 0.44021990740740746 0.6045023148148149 0.05254629629629619 0.07171296296296284
1 0.6455439814814815 0.6759143518518519 0.06846064814814809 0.12254629629629629
1 0.363599537037037 0.5984027777777777 0.05057870370370363 0.060682870370370345
1 0.45274884259259257 0.5428819444444445 0.03773148148148149 0.050567129629629545
1 0.46545138888888893 0.5069965277777777 0.027835648148148096 0.035949074074074085
1 0.5964988425925926 0.46721064814814817 0.024652777777777857 0.03420138888888893
1 0.6354166666666666 0.46561921296296294 0.024652777777777857 0.03420138888888893
2 0.3199074074074074 0.534230324074074 0.06597222222222224 0.0974537037037038
1 0.540625 0.4108912037037037 0.01817129629629637 0.02758101851851862
1 0.4799189814814815 0.4345775462962963 0.019618055555555534 0.024548611111111108
1 0.4496527777777778 0.4382407407407408 0.021180555555555536 0.024641203703703596
1 0.4565104166666666 0.4129224537037037 0.01637731481481488 0.021238425925925952
1 0.484056712962963 0.420011574074074 0.018055555555555537 0.02445601851851862
1 0.591550925925926 0.417806712962963 0.016319444444444463 0.01967592592592595
2 0.4700231481481481 0.3778645833333333 0.025405092592592736 0.05451388888888893
2 0.4075520833333333 0.45913194444444444 0.048958333333333395 0.10112268518518519