1 0.9042361111111112 0.8466203703703703 0.12611111111111128 0.16914351851851847
1 0.3209375 0.8402893518518517 0.09979166666666668 0.13871527777777787
1 0.3822395833333333 0.6050752314814816 0.05659722222222232 0.07969907407407391
0 0.12083333333333332 0.6606944444444445 0.22090277777777775 0.2655787037037037
1 0.4101215277777778 0.505769675925926 0.02993055555555557 0.041458333333333285
1 0.3239236111111111 0.5618865740740742 0.042916666666666714 0.05276620370370359
1 0.3663888888888889 0.48648148148148146 0.03128472222222225 0.036817129629629616
1 0.30508680555555556 0.5104803240740741 0.037812499999999985 0.04325231481481477
1 0.6097395833333333 0.4850868055555555 0.02836805555555557 0.041412037037036956
1 0.36973958333333334 0.42869212962962966 0.021354166666666608 0.024039351851851798
1 0.40078125 0.4343055555555555 0.021493055555555605 0.027164351851851974
1 0.5345833333333333 0.4335763888888889 0.02163194444444443 0.030289351851851797
1 0.42795138888888895 0.4390219907407408 0.02149305555555543 0.027164351851851974
1 0.3300520833333333 0.4767997685185185 0.02489583333333334 0.033506944444444464
1 0.43701388888888887 0.4111284722222222 0.01836805555555543 0.02707175925925931
1 0.39098958333333333 0.40820023148148155 0.014965277777777786 0.020729166666666642
1 0.4522569444444445 0.3849826388888889 0.014826388888888787 0.017604166666666643