1 0.3671875 0.715625 0.06484375 0.134375
1 0.71171875 0.56015625 0.0484375 0.05703125
1 0.59453125 0.6015625 0.0453125 0.075
1 0.025 0.89921875 0.04921875 0.115625
1 0.27890625 0.678125 0.071875 0.096875
1 0.6515625 0.48515625 0.0296875 0.040625
1 0.6109375 0.50546875 0.03203125 0.05
1 0.4328125 0.509375 0.03125 0.04296875
1 0.4015625 0.46171875 0.02578125 0.03203125
1 0.5265625 0.39296875 0.0140625 0.01953125
1 0.38203125 0.4390625 0.01875 0.028125
1 0.46328125 0.41640625 0.0171875 0.025
1 0.53828125 0.4265625 0.01875 0.028125
1 0.5546875 0.39453125 0.01484375 0.01953125
1 0.5859375 0.45234375 0.02265625 0.034375
1 0.4453125 0.45546875 0.021875 0.03046875
2 0.43828125 0.36171875 0.0234375 0.04296875
2 0.5671875 0.37265625 0.0171875 0.02890625
1 0.4140625 0.40390625 0.01328125 0.021875
2 0.4734375 0.35390625 0.01796875 0.04453125