2 0.8871585648148148 0.8053703703703704 0.22568287037037038 0.344537037037037
1 0.7342418981481481 0.9501909722222223 0.1220254629629629 0.06137731481481481
1 0.3735706018518518 0.6004050925925926 0.05543981481481479 0.07969907407407409
1 0.6395891203703703 0.6058159722222223 0.04905092592592588 0.07482638888888893
1 0.6930497685185185 0.5627893518518519 0.04555555555555557 0.06223379629629626
1 0.4187905092592592 0.49037615740740736 0.03240740740740726 0.039988425925925955
1 0.5176041666666666 0.4209837962962963 0.01792824074074062 0.025509259259259308
1 0.492505787037037 0.4975752314814814 0.035995370370370414 0.05570601851851862
1 0.45909143518518525 0.5837962962962963 0.047719907407407544 0.08259259259259259
1 0.6623495370370371 0.450318287037037 0.024409722222222284 0.033506944444444464
1 0.6484085648148148 0.4812268518518518 0.027627314814814775 0.03672453703703695
1 0.6052546296296296 0.47625 0.031030092592592595 0.04619212962962962
1 0.4961979166666667 0.4638425925925926 0.024409722222222284 0.033506944444444464
1 0.585162037037037 0.43149305555555556 0.017974537037036952 0.02707175925925931
1 0.6270543981481482 0.44667245370370373 0.02119212962962962 0.030289351851851797
1 0.49379629629629634 0.4091782407407408 0.016226851851851975 0.020775462962962975
2 0.4622222222222222 0.3991666666666666 0.03342592592592588 0.07436342592592596