1 0.7587152777777778 0.8116550925925926 0.11499999999999985 0.12818287037037024
1 0.6278645833333334 0.7519155092592593 0.08135416666666657 0.10894675925925909
1 0.8440277777777776 0.7190451388888889 0.10309027777777757 0.10614583333333343
1 0.5927777777777778 0.5752083333333333 0.04822916666666668 0.0662962962962963
1 0.28265624999999994 0.6492881944444444 0.08041666666666672 0.1229861111111111
1 0.42335069444444445 0.5402430555555556 0.043333333333333356 0.06153935185185198
1 0.58765625 0.49721064814814814 0.03319444444444457 0.044212962962962975
1 0.6725 0.4678472222222222 0.031284722222222075 0.03637731481481481
1 0.6477951388888888 0.5142766203703704 0.036527777777777715 0.04894675925925931
1 0.35769097222222224 0.47173032407407406 0.03802083333333339 0.047407407407407474
1 0.47453124999999996 0.44267361111111114 0.02972222222222225 0.036354166666666646
1 0.41140625000000003 0.4225289351851852 0.02645833333333325 0.03318287037037031
1 0.6189756944444444 0.46005208333333336 0.02659722222222225 0.03630787037037031
1 0.5754861111111111 0.4372743055555556 0.02631944444444443 0.03005787037037031
2 0.13546874999999997 0.6584953703703704 0.1636111111111111 0.23820601851851855
1 0.6217881944444444 0.39677083333333335 0.018229166666666786 0.023692129629629653
1 0.56953125 0.4131597222222222 0.023194444444444427 0.030011574074074156
1 0.5995312500000001 0.4056886574074074 0.018229166666666786 0.023692129629629653
1 0.4796180555555555 0.38092013888888887 0.018229166666666786 0.023692129629629653
2 0.5576909722222222 0.3633680555555555 0.02034722222222225 0.03621527777777782