1 0.15869791666666666 0.7121354166666667 0.1072916666666667 0.11604166666666664
1 0.34484375 0.9535677083333333 0.12229166666666665 0.09286458333333343
1 0.32734375 0.64015625 0.07260416666666672 0.08572916666666668
1 0.4703125 0.5096875 0.03802083333333339 0.05697916666666671
1 0.36828125 0.48421875 0.03531250000000004 0.03968750000000014
1 0.41322916666666665 0.5051041666666667 0.03572916666666668 0.045937499999999964
1 0.45114583333333336 0.44385416666666666 0.022291666666666644 0.03104166666666668
1 0.42380208333333336 0.43036458333333333 0.022083333333333323 0.02791666666666668
1 0.4981770833333333 0.4259895833333333 0.022083333333333323 0.02791666666666668
1 0.5094270833333333 0.39640624999999996 0.015312499999999929 0.019687500000000035
2 0.4638541666666667 0.3778125 0.03864583333333336 0.06635416666666663
1 0.47822916666666665 0.4067708333333333 0.01875 0.024583333333333356
1 0.5164583333333332 0.3852083333333334 0.015312499999999929 0.019687500000000035