1 0.8902430555555554 0.9380208333333332 0.146736111111111 0.12395833333333357
1 0.7894444444444444 0.6786979166666667 0.09465277777777778 0.09666666666666668
1 0.5957118055555555 0.6830208333333333 0.06965277777777779 0.09499999999999993
1 0.29031250000000003 0.6963541666666667 0.07440972222222228 0.096875
1 0.5369444444444444 0.50671875 0.03142361111111107 0.04104166666666664
1 0.41918402777777775 0.5294270833333334 0.033194444444444395 0.04583333333333321
1 0.6151215277777778 0.49312500000000004 0.03454861111111107 0.04125000000000014
1 0.3962673611111111 0.4808854166666666 0.02489583333333334 0.034375
1 0.43513888888888885 0.47015624999999994 0.023194444444444427 0.031145833333333428
1 0.5203819444444444 0.42098958333333336 0.014965277777777786 0.021250000000000036
1 0.49741319444444443 0.4265104166666667 0.014965277777777786 0.02124999999999986
1 0.44343749999999993 0.42447916666666663 0.016666666666666784 0.024479166666666784
1 0.5710763888888889 0.44395833333333334 0.022916666666666606 0.02489583333333343
1 0.41546874999999994 0.43671875 0.019791666666666784 0.024687499999999928
1 0.5943229166666667 0.4674479166666667 0.02475694444444443 0.03125
1 0.5141666666666667 0.45505208333333336 0.02312499999999993 0.029583333333333427
1 0.3988715277777778 0.4222916666666666 0.014965277777777786 0.021250000000000036
1 0.5605555555555556 0.46911458333333333 0.02489583333333343 0.034375
1 0.5206076388888888 0.39828125 0.011701388888888786 0.017916666666666713