2 0.1484375 0.77109375 0.29609375 0.453125
1 0.690625 0.84921875 0.0984375 0.19296875
1 0.71484375 0.55234375 0.0484375 0.06796875
1 0.3546875 0.54921875 0.03671875 0.0515625
1 0.3625 0.46015625 0.025 0.03203125
1 0.4296875 0.52421875 0.03203125 0.04609375
1 0.3984375 0.41796875 0.01796875 0.021875
1 0.396875 0.48203125 0.03046875 0.04453125
1 0.55859375 0.41015625 0.015625 0.0234375
1 0.4625 0.41484375 0.01796875 0.0234375
1 0.4765625 0.38046875 0.01328125 0.01953125
1 0.53125 0.38046875 0.01171875 0.01953125
2 0.3796875 0.653125 0.07109375 0.1515625
1 0.4484375 0.396875 0.01484375 0.01796875
1 0.7828125 0.67421875 0.11484375 0.19296875
2 0.43125 0.37578125 0.01796875 0.034375