1 0.8650462962962964 0.8667534722222221 0.14670138888888892 0.16822916666666643
1 0.9610387731481481 0.8565046296296297 0.0779224537037038 0.15755787037037017
1 0.6169560185185186 0.6089699074074074 0.059375 0.08604166666666657
1 0.7610532407407408 0.59296875 0.06672453703703703 0.07377314814814824
2 0.6499710648148149 0.3811805555555556 0.07332175925925917 0.12547453703703706
1 0.41999421296296297 0.5702256944444445 0.05271990740740744 0.0749189814814816
1 0.23287037037037037 0.6070543981481482 0.07199074074074074 0.08953703703703705
1 0.10894097222222224 0.9141840277777777 0.15370370370370373 0.1465856481481481
1 0.6699363425925926 0.5190219907407407 0.04745370370370381 0.05915509259259259
1 0.3360243055555555 0.47807870370370364 0.03784722222222214 0.05262731481481495
1 0.5761863425925926 0.45844907407407404 0.03472222222222214 0.05253472222222229
1 0.2541666666666667 0.9497685185185185 0.11047453703703702 0.0750694444444445
1 0.4302372685185185 0.4033333333333333 0.02482638888888893 0.03819444444444446
1 0.4041666666666667 0.3962847222222222 0.021354166666666608 0.028726851851851885
1 0.5778645833333333 0.3770601851851852 0.01967592592592595 0.025555555555555554
1 0.4718171296296296 0.3856770833333333 0.02129629629629619 0.027164351851851797
1 0.5396701388888889 0.35942129629629627 0.014756944444444286 0.019166666666666644
1 0.6125 0.42530671296296296 0.03628472222222214 0.05258101851851862
1 0.45844907407407404 0.34149305555555554 0.01325231481481488 0.02068287037037031
1 0.529224537037037 0.33079282407407407 0.01325231481481488 0.02068287037037031
1 0.5823206018518519 0.34955439814814815 0.014872685185185119 0.022291666666666644