2 0.86640625 0.6342650462962963 0.2671875 0.35947916666666657
1 0.11640625 0.9454571759259259 0.1078125 0.1090856481481481
1 0.68671875 0.7609722222222223 0.096875 0.12787037037037016
1 0.66875 0.5159085648148147 0.040625 0.054328703703703594
1 0.37734375 0.5205555555555555 0.0390625 0.05428240740740744
1 0.571875 0.5786631944444445 0.0484375 0.06393518518518526
1 0.5375 0.490144675925926 0.0328125 0.040034722222222284
1 0.4234375 0.5234837962962964 0.0359375 0.05106481481481495
1 0.53828125 0.4362615740740742 0.01875 0.02711805555555564
1 0.58984375 0.4885706018518519 0.0359375 0.05106481481481495
1 0.56171875 0.42679976851851853 0.0203125 0.0256018518518518
1 0.61796875 0.4714351851851852 0.034375 0.043206018518518616
1 0.4359375 0.44494791666666667 0.0203125 0.030289351851851977
1 0.4015625 0.4564293981481481 0.0234375 0.030381944444444465
1 0.38828125 0.43103587962962964 0.015625 0.022337962962962976
1 0.50703125 0.4376793981481481 0.021875 0.030335648148148132
2 0.5265625 0.3921643518518519 0.0203125 0.028726851851851885
1 0.51875 0.45443287037037033 0.0234375 0.030381944444444465
1 0.52578125 0.4179224537037037 0.0171875 0.02082175925925931
1 0.434375 0.42458912037037033 0.01875 0.023993055555555642
1 0.6390625 0.5478414351851851 0.0640625 0.08471064814814824