1 0.7206655092592593 0.7907118055555555 0.11193287037037045 0.1351967592592594
1 0.573443287037037 0.6277488425925926 0.058379629629629545 0.07699074074074072
1 0.7272858796296295 0.6352025462962964 0.06462962962962955 0.07703703703703688
1 0.5727777777777778 0.5066666666666666 0.03629629629629623 0.048703703703703735
1 0.6695486111111111 0.5200115740740741 0.0315393518518519 0.039293981481481485
1 0.6410243055555556 0.4686631944444445 0.025231481481481487 0.031435185185185156
1 0.39206018518518515 0.43613425925925925 0.03152777777777782 0.03773148148148149
1 0.6058159722222223 0.47595486111111107 0.028391203703703738 0.0361458333333335
1 0.570769675925926 0.4613715277777778 0.025231481481481487 0.031435185185185156
1 0.45467592592592593 0.42004629629629625 0.025254629629629655 0.03456018518518533
0 0.4994386574074074 0.38846643518518514 0.02843750000000007 0.04239583333333332
1 0.4486400462962964 0.3911863425925926 0.017337962962962906 0.020439814814814737
1 0.5671643518518519 0.420775462962963 0.02207175925925924 0.026724537037036988
1 0.5578935185185185 0.40678240740740745 0.01892361111111107 0.023576388888889
1 0.4745775462962962 0.36990162037037033 0.015775462962962904 0.020428240740740743
1 0.5889641203703704 0.43076967592592597 0.018935185185185156 0.025138888888889