1 0.1405787037037037 0.6763020833333334 0.08430555555555559 0.09024305555555542
1 0.3007060185185185 0.5841550925925926 0.056770833333333395 0.07109953703703695
1 0.35835069444444445 0.6317013888888889 0.06876157407407409 0.09157407407407411
2 0.34728009259259257 0.40859953703703705 0.061111111111111074 0.09458333333333328
1 0.406712962962963 0.481880787037037 0.031874999999999966 0.04262731481481481
1 0.4265335648148148 0.43084490740740744 0.025219907407407406 0.03472222222222214
2 0.3961516203703704 0.3844560185185185 0.049849537037037005 0.0881712962962963
1 0.5259953703703704 0.42468749999999994 0.025219907407407406 0.03472222222222214
1 0.5509722222222222 0.3946527777777778 0.021851851851851834 0.029988425925925988
1 0.4491030092592593 0.3719618055555555 0.01824074074074069 0.020567129629629654
1 0.5596238425925926 0.3632986111111111 0.015034722222222286 0.01895833333333332
1 0.45957175925925925 0.35072916666666665 0.015034722222222286 0.01895833333333332
1 0.5196875000000001 0.35061921296296295 0.015034722222222286 0.01895833333333332