1 0.8851273148148149 0.9365162037037038 0.13900462962962976 0.12696759259259238
1 0.6663368055555555 0.865162037037037 0.08674768518518512 0.13587962962962977
1 0.9069733796296298 0.8217881944444445 0.10797453703703681 0.11481481481481488
1 0.7306539351851852 0.9673321759259259 0.12607638888888886 0.0653356481481481
1 0.4221875 0.6056134259259259 0.048958333333333395 0.07204861111111108
1 0.7146874999999999 0.6796585648148148 0.06329861111111121 0.08194444444444446
2 0.731730324074074 0.5437210648148149 0.12241898148148138 0.18090277777777786
1 0.30313078703703705 0.564525462962963 0.04707175925925924 0.06105324074074083
1 0.6042361111111111 0.5866030092592593 0.04068287037037042 0.05613425925925917
1 0.5673379629629629 0.500173611111111 0.02606481481481495 0.03686342592592595
1 0.630625 0.529050925925926 0.03410879629629626 0.044965277777777854
1 0.3852777777777778 0.46611689814814816 0.024409722222222284 0.03368055555555553
1 0.6552951388888889 0.492505787037037 0.02606481481481495 0.03686342592592595
1 0.5854108796296297 0.45167824074074076 0.022708333333333285 0.02893518518518512
1 0.5541840277777779 0.4513020833333333 0.019583333333333286 0.028819444444444463
1 0.6088483796296297 0.4525462962962963 0.01949074074074062 0.025694444444444464
1 0.6003877314814815 0.43038194444444444 0.016273148148148307 0.02245370370370381
1 0.5432638888888889 0.425144675925926 0.01627314814814813 0.02245370370370381
1 0.44321180555555556 0.39334490740740746 0.012962962962962976 0.016087962962962978