1 0.19456597222222222 0.8622395833333334 0.1471412037037037 0.1930902777777778
1 0.8007754629629629 0.8317997685185186 0.13398148148148153 0.1552662037037038
1 0.05659143518518519 0.8398495370370369 0.11318287037037038 0.1828009259259261
2 0.34127314814814813 0.40010416666666665 0.1079629629629629 0.13733796296296302
1 0.28339699074074076 0.54765625 0.07200231481481474 0.08324074074074073
1 0.38427083333333334 0.5431076388888888 0.060509259259259277 0.07354166666666657
1 0.4265393518518518 0.4615277777777778 0.038715277777777855 0.047939814814814775
1 0.3475810185185185 0.4779050925925926 0.047083333333333324 0.05754629629629626
1 0.4032118055555555 0.4208854166666667 0.03365740740740737 0.04155092592592595
1 0.5711053240740741 0.3776967592592593 0.021886574074074083 0.027164351851851797
1 0.583119212962963 0.4381712962962963 0.03016203703703706 0.035208333333333286
1 0.543443287037037 0.3707175925925926 0.02013888888888893 0.023993055555555552
1 0.4408680555555556 0.37765624999999997 0.025104166666666573 0.028819444444444463
1 0.4605266203703703 0.40125 0.02850694444444457 0.033599537037036956
1 0.48898726851851854 0.36843171296296295 0.021793981481481595 0.0256018518518518
2 0.5803182870370371 0.32751157407407405 0.02069444444444457 0.033368055555555554
1 0.4374305555555556 0.3567013888888889 0.021886574074074083 0.027164351851851887
1 0.5449710648148148 0.34493634259259254 0.015173611111111106 0.019166666666666644