1 0.65625 0.79296875 0.08125 0.146875
1 0.29453125 0.64296875 0.0609375 0.078125
1 0.725 0.62421875 0.06171875 0.08203125
1 0.07421875 0.96953125 0.1359375 0.05859375
1 0.66640625 0.515625 0.0390625 0.05
2 0.5765625 0.38046875 0.02265625 0.05
1 0.35625 0.54296875 0.03828125 0.053125
1 0.35 0.47734375 0.03046875 0.040625
1 0.4375 0.5078125 0.02890625 0.040625
1 0.39375 0.66640625 0.06875 0.121875
2 0.39375 0.47265625 0.03828125 0.07109375
1 0.45078125 0.45546875 0.0234375 0.03359375
1 0.5671875 0.41953125 0.0171875 0.025
1 0.46171875 0.41015625 0.0171875 0.02109375
1 0.471875 0.390625 0.0125 0.01953125
1 0.371875 0.44765625 0.02265625 0.03203125
1 0.43828125 0.40390625 0.0171875 0.025
1 0.40625 0.41484375 0.01796875 0.0234375
1 0.48203125 0.371875 0.0125 0.015625
1 0.4109375 0.4328125 0.01875 0.0265625