1 0.3575925925925926 0.9121701388888889 0.13694444444444437 0.1756597222222222
2 0.15141203703703704 0.7490509259259259 0.3028240740740741 0.42245370370370383
1 0.15953703703703703 0.9464236111111111 0.1720833333333333 0.10715277777777779
1 0.5952893518518518 0.6654340277777778 0.07640046296296284 0.10380787037037038
2 0.7172858796296296 0.535613425925926 0.16884259259259266 0.22248842592592588
0 0.35284143518518524 0.4768113425925926 0.06178240740740737 0.08432870370370367
1 0.34012731481481484 0.6154282407407408 0.061736111111111124 0.08276620370370366
1 0.6812789351851852 0.641724537037037 0.0696412037037037 0.0862962962962964
1 0.4179456018518518 0.550607638888889 0.038981481481481596 0.05194444444444457
1 0.54515625 0.5352951388888889 0.043761574074074085 0.055312499999999966
1 0.31431134259259264 0.5624479166666667 0.043761574074074085 0.05531250000000014
1 0.5096006944444444 0.46772569444444445 0.02436342592592595 0.03246527777777786
1 0.5555787037037037 0.47402199074074075 0.027581018518518442 0.03575231481481485
1 0.4291493055555556 0.48937500000000006 0.02445601851851862 0.03559027777777786
1 0.5208217592592593 0.43231481481481476 0.019537037037036954 0.027534722222222287
1 0.6039467592592593 0.4788773148148149 0.032361111111111104 0.039120370370370236
1 0.5635590277777778 0.44235532407407413 0.02109953703703695 0.02761574074074069
1 0.4890451388888889 0.4220601851851852 0.017881944444444464 0.024328703703703703
1 0.43251736111111116 0.42851851851851847 0.016319444444444463 0.02424768518518512
1 0.5199074074074075 0.41035879629629635 0.016226851851851975 0.02112268518518512