1 0.6703819444444445 0.918984375 0.13527777777777777 0.16203125000000007
1 0.924508101851852 0.8557291666666668 0.06302083333333357 0.1430555555555557
1 0.7193634259259258 0.7353819444444445 0.08561342592592602 0.10354166666666664
1 0.21929398148148146 0.6614583333333333 0.08589120370370366 0.10822916666666664
2 0.5725520833333333 0.4766319444444445 0.09740740740740747 0.1710763888888888
1 0.38202546296296297 0.6647743055555555 0.06097222222222225 0.08218749999999986
1 0.3137037037037037 0.6280555555555555 0.05554398148148145 0.06947916666666672
1 0.5654050925925926 0.636892361111111 0.05572916666666661 0.07260416666666672
1 0.735775462962963 0.6170486111111111 0.0636342592592591 0.07451388888888885
1 0.8744386574074074 0.906423611111111 0.15927083333333342 0.18715277777777786
1 0.29906828703703703 0.5710069444444444 0.043773148148148165 0.05493055555555557
1 0.3671990740740741 0.5184201388888889 0.02859953703703706 0.035555555555555604
1 0.5115162037037038 0.4888020833333334 0.023819444444444393 0.033784722222222285
2 0.6398784722222223 0.5830208333333333 0.09049768518518526 0.13336805555555564
1 0.39525462962962965 0.46796875 0.02207175925925924 0.030590277777777786
1 0.5222858796296297 0.4524652777777778 0.020231481481481593 0.025833333333333285
1 0.49397569444444445 0.45434027777777775 0.020231481481481416 0.025833333333333285
1 0.4276157407407407 0.45060763888888894 0.018576388888888927 0.024201388888888786
1 0.40787615740740735 0.5061284722222222 0.029155092592592524 0.044930555555555605
1 0.5294560185185185 0.5561805555555555 0.042210648148148164 0.05486111111111107
1 0.527355324074074 0.5255381944444444 0.03540509259259252 0.04520833333333343
1 0.6665046296296296 0.5434722222222221 0.028969907407407368 0.04180555555555543
2 0.08146990740740741 0.9455381944444443 0.16293981481481482 0.10892361111111129
1 0.43543981481481475 0.42432291666666677 0.013703703703703597 0.020868055555555643
1 0.4852546296296296 0.4296701388888889 0.01692129629629626 0.022569444444444465