1 0.234375 0.74921875 0.084375 0.10390625
1 0.11171875 0.75078125 0.1078125 0.10390625
1 0.3765625 0.74140625 0.07109375 0.10859375
1 0.7203125 0.6765625 0.07109375 0.096875
1 0.4109375 0.578125 0.04453125 0.0625
1 0.60390625 0.646875 0.05625 0.1125
1 0.33671875 0.57265625 0.04375 0.05390625
1 0.428125 0.51953125 0.03203125 0.04453125
1 0.44375 0.484375 0.02421875 0.03203125
1 0.575 0.44453125 0.0203125 0.03046875
1 0.61328125 0.44296875 0.0203125 0.03046875
2 0.3 0.51171875 0.05625 0.0875
1 0.52578125 0.390625 0.0140625 0.025
1 0.4640625 0.4140625 0.01640625 0.021875
1 0.434375 0.41796875 0.01796875 0.021875
1 0.44375 0.39296875 0.01328125 0.01953125
1 0.46953125 0.39921875 0.0140625 0.02109375
1 0.575 0.396875 0.01328125 0.01796875
2 0.459375 0.35859375 0.01953125 0.05
2 0.3921875 0.43828125 0.03828125 0.09296875