1 0.69921875 0.6823090277777778 0.08883101851851852 0.12468749999999992
1 0.767795138888889 0.6106539351851852 0.07199074074074083 0.0910648148148148
1 0.73046875 0.49048032407407405 0.05682870370370363 0.0606481481481481
1 0.6536168981481482 0.4655034722222222 0.04774305555555554 0.06797453703703696
1 0.598755787037037 0.4847858796296297 0.0393518518518519 0.05194444444444457
1 0.6700810185185185 0.4239467592592593 0.029456018518518513 0.03739583333333343
1 0.5822627314814814 0.3776215277777778 0.022974537037037022 0.030821759259259274
1 0.552517361111111 0.37759837962962967 0.021354166666666785 0.029178240740740692
1 0.598119212962963 0.36192708333333334 0.023090277777777855 0.033946759259259274
1 0.5353587962962963 0.35813657407407407 0.014814814814814881 0.021041666666666715
1 0.5576967592592592 0.3483680555555556 0.014814814814814881 0.021041666666666715
1 0.5221354166666666 0.3392534722222222 0.014814814814814881 0.021041666666666715
1 0.5635416666666666 0.3371064814814815 0.01325231481481488 0.02096064814814813