2 0.7636342592592593 0.4371875 0.22988425925925923 0.2851041666666667
1 0.19518518518518518 0.7807291666666666 0.10370370370370371 0.13166666666666665
1 0.7907291666666666 0.62796875 0.11767361111111115 0.1294791666666665
1 0.30853587962962964 0.5603125 0.058101851851851814 0.06625000000000014
2 0.5851157407407407 0.3570833333333333 0.09239583333333332 0.11843750000000001
1 0.4012789351851852 0.5354166666666667 0.05355324074074073 0.07062500000000008
1 0.5874247685185185 0.5159895833333333 0.05828703703703706 0.07249999999999997
1 0.5252893518518519 0.42890625 0.03562499999999993 0.044479166666666715
1 0.5300347222222223 0.3740104166666667 0.025925925925925953 0.032916666666666664
1 0.34585069444444444 0.45880208333333333 0.029189814814814773 0.03781250000000007
1 0.3932407407407408 0.4119791666666666 0.022708333333333285 0.029583333333333427
1 0.5988368055555556 0.4466145833333333 0.05175925925925924 0.06270833333333332
1 0.4180844907407407 0.38927083333333334 0.021053240740740796 0.02635416666666668
1 0.4961168981481482 0.38718749999999996 0.02587962962962962 0.03135416666666666
2 0.5613252314814815 0.396875 0.05038194444444457 0.06885416666666674
1 0.3946469907407407 0.39083333333333337 0.01939814814814813 0.023125000000000017
1 0.36911458333333336 0.41046875000000005 0.022662037037036953 0.02802083333333343
1 0.6404108796296296 0.41187500000000005 0.045231481481481414 0.05291666666666668
1 0.5079803240740741 0.35520833333333335 0.01949074074074062 0.026250000000000016
2 0.47234375 0.3474479166666667 0.022754629629629618 0.031145833333333338