1 0.85625 0.74296875 0.09140625 0.10859375
1 0.3875 0.68203125 0.06328125 0.09453125
1 0.31875 0.51796875 0.03828125 0.04453125
1 0.64453125 0.54921875 0.0421875 0.05703125
1 0.6640625 0.503125 0.03203125 0.0375
1 0.39453125 0.48203125 0.0265625 0.0359375
1 0.628125 0.465625 0.028125 0.0375
1 0.396875 0.42734375 0.01953125 0.0265625
1 0.41796875 0.43515625 0.01875 0.0265625
1 0.4359375 0.5078125 0.034375 0.059375
1 0.4609375 0.42578125 0.01796875 0.0265625
1 0.5578125 0.403125 0.01484375 0.0265625
1 0.5359375 0.415625 0.01640625 0.025
1 0.4375 0.409375 0.0171875 0.0234375
1 0.3671875 0.4578125 0.02890625 0.040625
1 0.52734375 0.378125 0.0109375 0.01953125
1 0.44296875 0.48046875 0.0265625 0.03046875
1 0.46796875 0.4015625 0.0140625 0.021875
1 0.4140625 0.40390625 0.0140625 0.021875
1 0.1421875 0.703125 0.1125 0.1359375
1 0.4421875 0.38046875 0.0125 0.01953125