1 0.6346064814814815 0.6454050925925926 0.0679282407407408 0.10199074074074073
1 0.7732465277777777 0.6897453703703704 0.08673611111111121 0.11035879629629619
1 0.3403240740740741 0.5822337962962962 0.0616782407407408 0.10180555555555557
1 0.5923726851851852 0.5349131944444444 0.041053240740740723 0.0590162037037036
1 0.6730902777777777 0.4606307870370371 0.03790509259259256 0.055798611111111104
1 0.43614583333333334 0.542667824074074 0.041053240740740723 0.0590162037037036
1 0.6081481481481481 0.4492708333333333 0.03314814814814824 0.04628472222222228
1 0.44349537037037035 0.4799363425925926 0.030000000000000072 0.04306712962962962
1 0.3645138888888889 0.4721180555555556 0.028414351851851906 0.03989583333333328
1 0.3087094907407407 0.5339409722222223 0.052152777777777805 0.08121527777777775
1 0.39001157407407405 0.4330729166666666 0.02524305555555557 0.03355324074074062
1 0.5741377314814815 0.3940162037037037 0.020509259259259238 0.027164351851851797
1 0.43982638888888886 0.4065914351851852 0.01736111111111107 0.02394675925925931
1 0.5990972222222222 0.387806712962963 0.020509259259259238 0.027164351851851887
1 0.4678819444444445 0.3963831018518518 0.017384259259259238 0.02707175925925931
1 0.632175925925926 0.42277199074074073 0.022129629629629655 0.03502314814814813
1 0.5302256944444445 0.3734375 0.015763888888889 0.019212962962962977
2 0.557320601851852 0.3390335648148148 0.02064814814814824 0.045914351851851797
1 0.5486168981481482 0.4299363425925925 0.020567129629629477 0.034976851851851974
1 0.5583738425925926 0.37572916666666667 0.014224537037036989 0.022291666666666644
1 0.47240162037037037 0.373587962962963 0.014201388888889 0.019166666666666644
1 0.4768981481481481 0.3476678240740741 0.011053240740740655 0.015949074074074067
1 0.5413483796296296 0.3981134259259259 0.01894675925925924 0.027118055555555465