2 0.20390625 0.57890625 0.1921875 0.246875
1 0.21796875 0.78671875 0.0953125 0.11796875
1 0.753125 0.73046875 0.090625 0.11953125
1 0.7875 0.64609375 0.06875 0.0859375
1 0.384375 0.68046875 0.05703125 0.0859375
1 0.67734375 0.51796875 0.0390625 0.053125
2 0.38125 0.41875 0.04765625 0.0875
1 0.56328125 0.49296875 0.0296875 0.05546875
2 0.6171875 0.42421875 0.03203125 0.059375
1 0.4265625 0.52421875 0.03125 0.04296875
1 0.359375 0.52734375 0.03515625 0.0484375
1 0.45 0.44140625 0.01953125 0.03046875
1 0.57578125 0.4453125 0.0234375 0.034375
1 0.4390625 0.39296875 0.01328125 0.01953125
1 0.46875 0.40078125 0.01484375 0.0234375
2 0.58203125 0.39140625 0.0234375 0.046875
2 0.4078125 0.44453125 0.02890625 0.04453125
1 0.44765625 0.36953125 0.0109375 0.01640625
2 0.546875 0.34140625 0.0140625 0.028125