2 0.29385416666666664 0.5724074074074074 0.3044791666666667 0.43513888888888896
1 0.449375 0.622800925925926 0.07843750000000008 0.10269675925925928
1 0.7653645833333333 0.480150462962963 0.04802083333333336 0.06665509259259253
0 0.6681250000000001 0.374537037037037 0.060416666666666785 0.08917824074074084
1 0.50515625 0.45949074074074076 0.042291666666666575 0.05075231481481488
1 0.4488020833333334 0.4494965277777778 0.04427083333333322 0.057094907407407545
1 0.6292708333333333 0.39174189814814814 0.02906249999999986 0.03907407407407408
1 0.4458854166666667 0.38221643518518517 0.032187500000000036 0.03925925925925924
1 0.6213020833333334 0.33103587962962966 0.01854166666666668 0.02133101851851853
1 0.49390625000000005 0.37309606481481483 0.02562500000000014 0.03420138888888893
1 0.5461979166666666 0.3456828703703704 0.02375000000000007 0.02942129629629626