1 0.38430555555555557 0.9075810185185185 0.123599537037037 0.16516203703703702
1 0.24741898148148148 0.833912037037037 0.1274537037037037 0.1512731481481481
1 0.3129803240740741 0.5853298611111111 0.06960648148148145 0.06961805555555571
1 0.4022627314814814 0.5660300925925925 0.06437500000000007 0.08657407407407405
1 0.474380787037037 0.5991030092592593 0.04920138888888879 0.06730324074074083
1 0.45549189814814817 0.49082754629629627 0.03356481481481488 0.04021990740740744
1 0.7526157407407407 0.5454861111111111 0.042025462962962834 0.051446759259259164
1 0.5109953703703705 0.4671585648148149 0.030624999999999857 0.043229166666666784
1 0.7895659722222221 0.9569733796296298 0.130011574074074 0.08605324074074047
1 0.70234375 0.5521990740740741 0.0358680555555555 0.052777777777777854
2 0.45890046296296294 0.4036458333333333 0.05574074074074069 0.0987268518518519
1 0.6956944444444444 0.4794560185185185 0.030624999999999857 0.04322916666666661
1 0.5093171296296296 0.4125289351851852 0.018668981481481595 0.025636574074074048
1 0.538130787037037 0.41203703703703703 0.018761574074074083 0.02719907407407405
1 0.6333564814814815 0.42725694444444445 0.01866898148148142 0.025636574074074048
1 0.6068807870370371 0.4145833333333334 0.018576388888888927 0.024074074074074046
1 0.6435069444444445 0.414380787037037 0.015173611111111106 0.019270833333333216
1 0.5072858796296297 0.39140625 0.01701388888888893 0.02401620370370363