1 0.8528645833333334 0.6550520833333333 0.10925925925925917 0.1304166666666667
1 0.6688657407407408 0.5929166666666668 0.07557870370370363 0.10479166666666657
1 0.8136574074074074 0.4845833333333333 0.07326388888888893 0.084375
1 0.35954861111111114 0.5305208333333333 0.055902777777777767 0.07854166666666665
1 0.45682870370370365 0.45041666666666663 0.04293981481481488 0.06520833333333335
1 0.3394965277777778 0.45432291666666663 0.045949074074074045 0.062291666666666676
1 0.6146990740740741 0.4414583333333334 0.04583333333333321 0.05916666666666668
2 0.44568865740740743 0.27651041666666665 0.023321759259259167 0.04052083333333334
1 0.7261574074074074 0.38468749999999996 0.03402777777777786 0.03499999999999996
1 0.4778935185185185 0.34249999999999997 0.021527777777777857 0.03416666666666668
1 0.44270833333333337 0.3440625 0.021527777777777857 0.03416666666666668
1 0.42201967592592593 0.33526041666666667 0.021412037037037025 0.03104166666666668
1 0.6611400462962964 0.34203125 0.024652777777777857 0.034375
1 0.5614872685185185 0.31578125 0.02129629629629619 0.02791666666666668
1 0.6558159722222221 0.38859374999999996 0.03605324074074083 0.04760416666666671
1 0.5454282407407407 0.28395833333333337 0.01643518518518512 0.022916666666666606
1 0.6351851851851852 0.3179166666666667 0.024537037037037024 0.03125
1 0.5839409722222222 0.35109375 0.02633101851851851 0.03760416666666675
1 0.6111979166666667 0.32578125 0.02633101851851851 0.03760416666666666
1 0.5314814814814814 0.26687500000000003 0.014814814814814881 0.021250000000000036
1 0.6195023148148148 0.29625 0.018055555555555537 0.024583333333333356
2 0.7212094907407407 0.46255208333333336 0.08136574074074066 0.13479166666666664
1 0.5854166666666667 0.30635416666666665 0.021238425925925952 0.02635416666666668