1 0.321875 0.896875 0.10078125 0.1515625
1 0.61875 0.66171875 0.0515625 0.0984375
1 0.4125 0.58984375 0.04296875 0.059375
1 0.6203125 0.50546875 0.0296875 0.046875
2 0.2484375 0.64765625 0.18359375 0.27890625
1 0.55 0.45703125 0.025 0.04453125
1 0.359375 0.53515625 0.0375 0.05703125
1 0.4 0.41796875 0.01875 0.025
1 0.40078125 0.45859375 0.0234375 0.03359375
1 0.4484375 0.45546875 0.01953125 0.03359375
1 0.3328125 0.48984375 0.03359375 0.0484375
1 0.4640625 0.409375 0.01640625 0.025
1 0.41875 0.44140625 0.01953125 0.028125
1 0.5640625 0.38046875 0.01171875 0.01640625
1 0.4453125 0.39921875 0.01484375 0.02109375
1 0.5265625 0.37265625 0.01171875 0.01796875
1 0.475 0.38828125 0.0125 0.02109375
1 0.4265625 0.38671875 0.01484375 0.02109375
1 0.1453125 0.88515625 0.19296875 0.22890625