1 0.38784722222222223 0.8768750000000001 0.10341435185185191 0.18302083333333313
1 0.8705439814814815 0.9059375 0.12447916666666678 0.16260416666666658
1 0.9424479166666668 0.82734375 0.10555555555555571 0.11458333333333322
1 0.26710069444444445 0.6677604166666666 0.06892361111111107 0.09343749999999992
1 0.448755787037037 0.62765625 0.04809027777777786 0.07802083333333343
1 0.6452546296296295 0.630625 0.04762731481481488 0.06552083333333343
1 0.7020833333333334 0.5237499999999999 0.03287037037037024 0.04583333333333339
1 0.6111689814814815 0.5309375 0.0296875 0.044062500000000074
1 0.7006655092592593 0.5906770833333332 0.04415509259259256 0.05593749999999993
1 0.4172164351851852 0.5546354166666667 0.04438657407407405 0.06218749999999993
1 0.5029224537037037 0.49098958333333337 0.026388888888888927 0.03916666666666657
1 0.41655092592592596 0.49458333333333326 0.026273148148148094 0.03604166666666657
1 0.5173900462962963 0.43973958333333335 0.01655092592592595 0.02604166666666661
1 0.5830150462962964 0.44411458333333337 0.014872685185185119 0.022812499999999857
1 0.4568576388888889 0.4466145833333333 0.018113425925925953 0.026145833333333358
2 0.6407407407407407 0.445625 0.028414351851851906 0.05177083333333332
1 0.5988715277777777 0.4724479166666667 0.02303240740740744 0.03270833333333343
1 0.47456597222222224 0.41973958333333333 0.013194444444444463 0.019583333333333286
1 0.5227141203703705 0.41515625 0.01331018518518512 0.022708333333333285
1 0.5694733796296296 0.41515625 0.01331018518518512 0.022708333333333285