1 0.31028356481481484 0.8933622685185185 0.14409722222222224 0.18849537037037045
1 0.6529398148148149 0.7693865740740741 0.08207175925925939 0.10681712962962955
1 0.984554398148148 0.9588831018518519 0.030891203703703952 0.0822337962962962
1 0.3055960648148148 0.6824710648148148 0.08700231481481477 0.11153935185185179
1 0.6239236111111112 0.6465625 0.056932870370370384 0.07383101851851848
1 0.8048668981481482 0.6721122685185186 0.06811342592592595 0.07859953703703706
1 0.26337384259259256 0.621244212962963 0.08126157407407408 0.09119212962962955
1 0.7292881944444444 0.6754571759259259 0.07288194444444436 0.08019675925925931
1 0.3482349537037037 0.5258159722222222 0.04494212962962969 0.05343750000000007
1 0.6009317129629629 0.5495543981481481 0.04181712962962969 0.05341435185185191
1 0.7082581018518519 0.5409780092592593 0.04321759259259252 0.05030092592592581
1 0.4946006944444445 0.4417766203703703 0.023414351851851832 0.029849537037037167
1 0.42712962962962964 0.43581018518518516 0.021689814814814846 0.026712962962962904
1 0.4641319444444445 0.44155092592592593 0.02168981481481467 0.026712962962962904
1 0.05978009259259261 0.8516782407407408 0.041296296296296296 0.19398148148148167
1 0.6510011574074074 0.4608969907407408 0.024976851851851833 0.02986111111111107
1 0.47486111111111107 0.49785879629629626 0.030312499999999964 0.04239583333333332
1 0.6485590277777777 0.5342881944444444 0.041898148148148094 0.0549768518518519
1 0.6074247685185185 0.4488599537037037 0.023414351851851832 0.029849537037036987
1 0.48228587962962965 0.4151331018518519 0.018564814814814846 0.02668981481481474
1 0.6364236111111111 0.4357986111111112 0.018564814814814666 0.02668981481481474
1 0.5798148148148148 0.4736458333333333 0.023657407407407405 0.03453703703703699
1 0.5055208333333333 0.41140046296296295 0.018402777777777858 0.02356481481481474
1 0.5755150462962962 0.45096643518518514 0.023414351851851832 0.029849537037037167
1 0.4525983796296297 0.4149131944444445 0.018402777777777858 0.02356481481481474
1 0.5986400462962963 0.43005208333333333 0.018321759259259274 0.02200231481481474
1 0.6291956018518519 0.4771354166666667 0.026782407407407404 0.03456018518518515
2 0.5614814814814815 0.36105324074074074 0.022175925925925988 0.036087962962962995