1 0.83828125 0.71015625 0.0765625 0.10703125
1 0.1984375 0.66171875 0.07265625 0.08203125
1 0.4078125 0.584375 0.040625 0.05703125
1 0.6171875 0.61796875 0.053125 0.0890625
1 0.33515625 0.57890625 0.0484375 0.0609375
1 0.4421875 0.490625 0.028125 0.0390625
1 0.3578125 0.50703125 0.0359375 0.04453125
1 0.4 0.42265625 0.01953125 0.0265625
1 0.40078125 0.46796875 0.0296875 0.04140625
1 0.53828125 0.42265625 0.0171875 0.0265625
1 0.43125 0.415625 0.01875 0.0234375
1 0.5625 0.4203125 0.0140625 0.0234375
1 0.5234375 0.37265625 0.01171875 0.01796875
2 0.43984375 0.396875 0.0171875 0.03203125
2 0.459375 0.35390625 0.01796875 0.04453125
2 0.4578125 0.42890625 0.02578125 0.04453125