1 0.6539525462962963 0.8570601851851851 0.11064814814814809 0.17511574074074082
1 0.27975694444444443 0.6318634259259259 0.07725694444444446 0.09601851851851854
1 0.7536979166666666 0.6834143518518518 0.08041666666666672 0.10079861111111121
1 0.034895833333333334 0.9339467592592593 0.06979166666666667 0.03976851851851855
1 0.7054224537037037 0.5546122685185185 0.05045138888888889 0.062418981481481596
2 0.6253587962962963 0.3920486111111111 0.03168981481481481 0.06030092592592595
1 0.3601967592592593 0.5326620370370371 0.04891203703703706 0.06549768518518526
1 0.36464120370370373 0.46012152777777776 0.039409722222222235 0.04803240740740744
1 0.45571180555555557 0.5081423611111111 0.03628472222222214 0.047939814814814775
1 0.3849363425925926 0.6740509259259259 0.09167824074074069 0.1448726851851852
2 0.4130729166666667 0.46233796296296303 0.05217592592592588 0.08434027777777793
1 0.4772222222222222 0.45251736111111107 0.029988425925925988 0.04150462962962962
1 0.6094270833333334 0.4329918981481481 0.022094907407407403 0.030335648148148132
1 0.4955439814814815 0.40539351851851857 0.022060185185185155 0.025648148148148132
1 0.5097569444444444 0.3854976851851852 0.01736111111111107 0.02394675925925931
1 0.39298611111111115 0.43126736111111114 0.02996527777777782 0.03837962962962962
1 0.47061921296296294 0.3944965277777778 0.022094907407407403 0.030335648148148132
1 0.43462962962962964 0.40046296296296297 0.02207175925925924 0.02721064814814813
1 0.5239641203703703 0.36638310185185186 0.015763888888889 0.019212962962962977
1 0.4368171296296296 0.4216261574074075 0.025231481481481487 0.03199074074074062