1 0.2453125 0.75546875 0.09140625 0.1109375
1 0.60546875 0.63828125 0.0515625 0.08203125
1 0.6921875 0.62265625 0.05546875 0.07890625
1 0.075 0.77890625 0.13671875 0.15859375
1 0.4234375 0.53828125 0.03515625 0.0484375
1 0.55859375 0.48671875 0.028125 0.04296875
1 0.440625 0.478125 0.028125 0.0359375
1 0.41171875 0.45546875 0.0234375 0.03046875
1 0.38125 0.44296875 0.02421875 0.0359375
1 0.596875 0.421875 0.0171875 0.025
2 0.425 0.40546875 0.03046875 0.05546875
1 0.5265625 0.384375 0.0125 0.01796875
1 0.4515625 0.44453125 0.01953125 0.03046875
1 0.56171875 0.37578125 0.0125 0.01796875
1 0.57890625 0.40078125 0.0140625 0.02109375
1 0.46171875 0.409375 0.01875 0.025
1 0.46796875 0.403125 0.0171875 0.021875
1 0.99375 0.95703125 0.01171875 0.078125