1 0.20294560185185184 0.87171875 0.1361689814814815 0.23541666666666677
1 0.7910532407407407 0.7152083333333333 0.09543981481481474 0.1203125
1 0.6536747685185185 0.6797916666666667 0.08466435185185191 0.13052083333333328
1 0.14417824074074073 0.7583333333333333 0.10024305555555557 0.1284374999999999
1 0.9246122685185185 0.7039583333333332 0.11416666666666657 0.11999999999999993
1 0.3987789351851852 0.6827083333333334 0.06724537037037041 0.11374999999999993
1 0.7149247685185186 0.48567708333333337 0.04292824074074062 0.05281249999999993
1 0.30623263888888885 0.5590624999999999 0.04626157407407412 0.06708333333333343
1 0.5877430555555556 0.5051041666666667 0.03987268518518512 0.05729166666666678
1 0.3682291666666667 0.468125 0.030312499999999964 0.044166666666666646
1 0.6601851851851851 0.4330208333333333 0.028680555555555643 0.03937500000000007
1 0.44759837962962956 0.49411458333333336 0.03042824074074062 0.051979166666666646
1 0.5900636574074074 0.3978125 0.022314814814814808 0.031145833333333338
1 0.6243171296296296 0.44010416666666663 0.0318518518518518 0.042708333333333216
1 0.625162037037037 0.3915625 0.022268518518518476 0.02802083333333334
1 0.5696296296296296 0.44375 0.030289351851851797 0.042604166666666644
1 0.4648726851851851 0.4460416666666667 0.024039351851851975 0.0421875
1 0.4817418981481481 0.370625 0.014386574074073977 0.022812500000000034
1 0.6586747685185186 0.48942708333333335 0.049409722222222285 0.06885416666666658
1 0.5524826388888889 0.39484375000000005 0.022337962962962976 0.03270833333333334
1 0.411099537037037 0.4058333333333334 0.019166666666666644 0.02937499999999993
1 0.5403703703703704 0.36906249999999996 0.01755787037037031 0.026145833333333358
1 0.5716666666666667 0.3701041666666667 0.017534722222222143 0.024583333333333356
1 0.43995949074074076 0.40078125 0.02075231481481481 0.03104166666666668
1 0.4652372685185185 0.4178645833333333 0.023993055555555642 0.0390625
1 0.42171875 0.43640625 0.02394675925925931 0.0359375
2 0.5230497685185185 0.3084375 0.017581018518518475 0.027708333333333356