2 0.06171875 0.78828125 0.1234375 0.37109375
1 0.4109375 0.5953125 0.04140625 0.065625
1 0.659375 0.60078125 0.046875 0.0734375
1 0.25078125 0.73046875 0.0859375 0.11640625
1 0.2234375 0.61640625 0.0625 0.06953125
1 0.3640625 0.54296875 0.03671875 0.05
1 0.4375 0.48515625 0.02578125 0.0375
1 0.37421875 0.44296875 0.0234375 0.03359375
1 0.4109375 0.45078125 0.021875 0.03203125
1 0.4328125 0.41484375 0.01640625 0.0234375
1 0.4546875 0.44296875 0.01953125 0.03359375
1 0.4125 0.40703125 0.01484375 0.01953125
1 0.4734375 0.38671875 0.01328125 0.01796875
1 0.54765625 0.38046875 0.0125 0.01953125
1 0.484375 0.36796875 0.01171875 0.01640625
1 0.446875 0.37109375 0.0109375 0.01640625