1 0.89140625 0.771875 0.1078125 0.1359375
1 0.859375 0.91796875 0.1421875 0.1609375
1 0.06171875 0.81953125 0.1234375 0.15546875
1 0.375 0.75703125 0.06953125 0.10859375
1 0.41953125 0.58515625 0.04375 0.0625
2 0.64140625 0.44921875 0.0640625 0.1125
1 0.3109375 0.53046875 0.04140625 0.05
1 0.3578125 0.54765625 0.04140625 0.05390625
1 0.39140625 0.48046875 0.0296875 0.04140625
2 0.41875 0.378125 0.03203125 0.06953125
1 0.446875 0.4765625 0.02578125 0.0359375
1 0.34375 0.48671875 0.02734375 0.0375
1 0.6046875 0.48203125 0.02890625 0.04140625
1 0.5671875 0.41796875 0.01796875 0.025
1 0.396875 0.421875 0.01796875 0.025
1 0.46953125 0.403125 0.0140625 0.021875
1 0.4546875 0.43359375 0.01875 0.028125
1 0.5421875 0.43671875 0.0203125 0.03203125
2 0.57734375 0.38671875 0.028125 0.05703125
2 0.4484375 0.38671875 0.02109375 0.040625