1 0.16875 0.87890625 0.13046875 0.15546875
1 0.1390625 0.72421875 0.0859375 0.09609375
1 0.3859375 0.71796875 0.05859375 0.09140625
1 0.425 0.55078125 0.0375 0.05390625
1 0.3203125 0.51015625 0.0359375 0.04296875
1 0.2609375 0.58515625 0.0546875 0.06796875
1 0.3984375 0.47421875 0.02734375 0.0375
2 0.575 0.37734375 0.02421875 0.05390625
1 0.57734375 0.55390625 0.0328125 0.05546875
1 0.55078125 0.47265625 0.0265625 0.04296875
1 0.446875 0.46796875 0.0234375 0.03359375
2 0.42265625 0.38203125 0.0296875 0.05859375
1 0.42265625 0.43359375 0.01875 0.028125
1 0.28828125 0.64609375 0.0734375 0.1140625
1 0.5296875 0.40078125 0.015625 0.0234375
1 0.58828125 0.45703125 0.0234375 0.03046875
1 0.559375 0.40234375 0.01484375 0.0234375
1 0.95703125 0.94609375 0.0828125 0.1078125
1 0.45859375 0.42265625 0.01875 0.0265625
1 0.4703125 0.39140625 0.01328125 0.01953125
1 0.45 0.39921875 0.01328125 0.0234375