1 0.7234317129629629 0.8703125 0.1442592592592593 0.228125
1 0.07133101851851853 0.809375 0.13119212962962962 0.15625
1 0.5858333333333333 0.58359375 0.05861111111111104 0.0796875
1 0.6991608796296296 0.58203125 0.06486111111111122 0.0796875
1 0.6264583333333332 0.478125 0.04721064814814824 0.0640625
1 0.27035300925925926 0.55234375 0.056817129629629634 0.071875
1 0.7142997685185184 0.49296875 0.05658564814814824 0.0640625
1 0.5492361111111111 0.44765625 0.037418981481481414 0.05
1 0.40876157407407404 0.4953125 0.037511574074074086 0.053125
1 0.5974594907407408 0.37578125 0.02587962962962962 0.0296875
2 0.5496469907407407 0.3546875 0.041331018518518545 0.0765625
1 0.38317708333333333 0.4359375 0.02928240740740744 0.0390625
1 0.36932870370370374 0.40234375 0.02109953703703704 0.0265625
1 0.43100115740740746 0.40390625 0.022847222222222286 0.0328125
1 0.5140277777777778 0.3703125 0.022754629629629618 0.0296875
1 0.4427488425925926 0.3765625 0.017974537037036952 0.0265625
1 0.417337962962963 0.3640625 0.016319444444444463 0.0234375
1 0.3899710648148148 0.36484375 0.021145833333333287 0.028125
2 0.5413368055555555 0.31875 0.02799768518518526 0.0484375
2 0.5194386574074075 0.31953125 0.02809027777777775 0.0515625
1 0.5081944444444444 0.35625 0.017881944444444287 0.0234375
1 0.5302662037037036 0.40234375 0.026018518518518618 0.034375