2 0.11295138888888889 0.7861689814814815 0.22590277777777779 0.42766203703703703
1 0.9171412037037037 0.899681712962963 0.14354166666666685 0.20063657407407404
1 0.6500231481481482 0.6703240740740741 0.07804398148148159 0.1045370370370371
1 0.3377719907407407 0.5822280092592592 0.05901620370370368 0.08467592592592581
1 0.6738194444444444 0.5419328703703703 0.05726851851851862 0.07208333333333332
2 0.6158738425925925 0.3891493055555556 0.0639814814814816 0.10370370370370371
1 0.7320717592592592 0.5156712962962964 0.05876157407407412 0.06748842592592581
1 0.3988715277777778 0.4693402777777778 0.03502314814814813 0.04578703703703706
1 0.5634143518518518 0.4994212962962963 0.04143518518518512 0.05709490740740737
1 0.3650636574074074 0.42902199074074077 0.027118055555555555 0.03907407407407408
1 0.5947395833333333 0.44341435185185185 0.03499999999999996 0.04422453703703706
1 0.4075289351851851 0.41277199074074067 0.023900462962962978 0.032638888888888926
1 0.5686747685185185 0.40824652777777776 0.02707175925925931 0.035949074074074085
1 0.6277662037037037 0.4836863425925927 0.04469907407407412 0.06665509259259253
1 0.5012962962962962 0.364375 0.017511574074073978 0.02289351851851844
1 0.7929108796296296 0.992259837962963 0.10664351851851847 0.015480324074074047
1 0.5309201388888889 0.42321180555555554 0.02711805555555564 0.03907407407407408
1 0.3794965277777778 0.4048553240740741 0.022291666666666644 0.02942129629629626
1 0.523431712962963 0.40087384259259257 0.027025462962962977 0.03282407407407408
1 0.5862094907407407 0.3858275462962963 0.023900462962962978 0.032638888888888926
1 0.4921990740740741 0.34506944444444443 0.01592592592592599 0.021238425925925952
1 0.39945601851851853 0.37710648148148146 0.017534722222222143 0.02445601851851853