1 0.70078125 0.89765625 0.1140625 0.20390625
1 0.37421875 0.73046875 0.0671875 0.096875
1 0.02734375 0.90234375 0.0546875 0.1125
1 0.7125 0.678125 0.06953125 0.1015625
1 0.4078125 0.61484375 0.04609375 0.06796875
1 0.23125 0.62265625 0.05625 0.07109375
1 0.75546875 0.62265625 0.0671875 0.08203125
1 0.3046875 0.6328125 0.06015625 0.0734375
1 0.6765625 0.52265625 0.03671875 0.0484375
1 0.4328125 0.52265625 0.03359375 0.0484375
1 0.3296875 0.50390625 0.03515625 0.04453125
1 0.5390625 0.42734375 0.0171875 0.0265625
1 0.603125 0.428125 0.01796875 0.025
1 0.56875 0.43046875 0.01796875 0.025
1 0.96796875 0.86796875 0.0640625 0.18359375
1 0.3875 0.43203125 0.01953125 0.028125
1 0.55546875 0.484375 0.025 0.040625
1 0.3859375 0.503125 0.03359375 0.05
1 0.4296875 0.42421875 0.01796875 0.0265625
1 0.5515625 0.403125 0.0140625 0.025
1 0.4015625 0.409375 0.015625 0.0234375
1 0.45546875 0.45078125 0.01875 0.03203125
1 0.52890625 0.396875 0.0140625 0.02109375
1 0.46015625 0.428125 0.01875 0.0265625
1 0.5796875 0.40546875 0.01484375 0.021875
1 0.4390625 0.40703125 0.0140625 0.01953125
1 0.4078125 0.44921875 0.02109375 0.03203125
2 0.4765625 0.34296875 0.01640625 0.03359375