0 0.25859375 0.653125 0.11640625 0.165625
1 0.1296875 0.85859375 0.0546875 0.084375
1 0.5046875 0.73046875 0.02890625 0.0875
1 0.559375 0.73046875 0.02734375 0.0734375
1 0.615625 0.71640625 0.03359375 0.0703125
1 0.6609375 0.72109375 0.04921875 0.07890625
1 0.703125 0.71015625 0.04296875 0.071875
1 0.7859375 0.609375 0.05 0.0484375
1 0.75546875 0.54921875 0.0234375 0.05625
1 0.7234375 0.509375 0.0375 0.04453125
1 0.678125 0.5125 0.01953125 0.0390625
1 0.68984375 0.459375 0.03515625 0.03515625
1 0.659375 0.6109375 0.0375 0.0671875
1 0.63515625 0.646875 0.03515625 0.0515625
1 0.59296875 0.64375 0.03515625 0.05703125
1 0.54921875 0.64609375 0.034375 0.0625
1 0.496875 0.65234375 0.0375 0.046875
1 0.4890625 0.58984375 0.02890625 0.053125
1 0.53203125 0.59453125 0.028125 0.04609375
1 0.571875 0.58671875 0.02890625 0.04765625
1 0.61171875 0.59140625 0.021875 0.0453125
1 0.64140625 0.5546875 0.0328125 0.03125
1 0.62265625 0.52421875 0.0296875 0.03515625
3 0.58515625 0.51171875 0.0421875 0.09375
1 0.55546875 0.534375 0.02734375 0.040625
1 0.521875 0.5421875 0.02890625 0.0453125
1 0.47734375 0.5296875 0.02265625 0.04453125
1 0.5078125 0.478125 0.021875 0.0484375
1 0.540625 0.49921875 0.021875 0.0328125
1 0.60859375 0.48125 0.01953125 0.02890625
1 0.5921875 0.4484375 0.0171875 0.0375
1 0.534375 0.459375 0.0171875 0.03515625
1 0.5578125 0.4546875 0.01328125 0.02890625
1 0.165625 0.2875 0.05625 0.053125
1 0.2296875 0.26640625 0.0421875 0.053125
1 0.31015625 0.25078125 0.0328125 0.04375
1 0.375 0.22734375 0.03125 0.03828125
1 0.41171875 0.21171875 0.04453125 0.05
3 0.28984375 0.225 0.10703125 0.1046875
3 0.66953125 0.4234375 0.0359375 0.04140625
1 0.64921875 0.390625 0.0171875 0.03046875
1 0.665625 0.38203125 0.02734375 0.03125
1 0.7015625 0.37265625 0.028125 0.02734375
1 0.7296875 0.3921875 0.0328125 0.02734375
1 0.76484375 0.41875 0.040625 0.03515625
1 0.66953125 0.3390625 0.01640625 0.02421875
1 0.5875 0.37421875 0.01953125 0.02265625
1 0.57890625 0.42421875 0.01796875 0.02578125
1 0.56875 0.3984375 0.01875 0.02890625
1 0.5546875 0.43046875 0.02109375 0.021875
1 0.5234375 0.43515625 0.02109375 0.02578125
1 0.53984375 0.40390625 0.02109375 0.04140625
1 0.51640625 0.41015625 0.02109375 0.03046875
1 0.52578125 0.3765625 0.01953125 0.03046875
1 0.4609375 0.45390625 0.0203125 0.02890625
1 0.6328125 0.371875 0.01796875 0.02734375
3 0.6921875 0.346875 0.03046875 0.03828125
