0 0.19609375 0.7234375 0.14765625 0.20546875
3 0.5859375 0.5109375 0.0359375 0.09375
3 0.690625 0.346875 0.02734375 0.0296875
3 0.66484375 0.41640625 0.025 0.0390625
3 0.1609375 0.24140625 0.14296875 0.08984375
3 0.13671875 0.29140625 0.05234375 0.04609375
1 0.046875 0.31640625 0.06484375 0.0375
1 0.18125 0.27734375 0.03515625 0.0265625
1 0.2515625 0.26015625 0.0359375 0.03359375
1 0.3265625 0.234375 0.03828125 0.03203125
1 0.034375 0.9484375 0.06640625 0.1
1 0.50703125 0.71796875 0.0359375 0.0734375
1 0.56171875 0.7265625 0.02109375 0.06875
1 0.65859375 0.721875 0.04609375 0.0703125
1 0.70078125 0.7109375 0.04140625 0.06640625
1 0.65625 0.61015625 0.03359375 0.0578125
1 0.6375 0.5578125 0.028125 0.0578125
1 0.63046875 0.65234375 0.034375 0.0625
3 0.60625 0.70703125 0.0453125 0.07890625
1 0.58984375 0.64609375 0.034375 0.053125
1 0.5484375 0.6515625 0.03671875 0.0546875
1 0.49453125 0.64921875 0.03828125 0.05625
1 0.4859375 0.58984375 0.028125 0.05859375
1 0.53046875 0.59453125 0.03671875 0.05078125
1 0.5703125 0.58671875 0.03125 0.05546875
1 0.615625 0.59296875 0.03359375 0.0578125
1 0.55625 0.53984375 0.02734375 0.04375
1 0.6203125 0.52578125 0.028125 0.0421875
1 0.6078125 0.484375 0.0234375 0.04140625
1 0.58984375 0.453125 0.02421875 0.0359375
1 0.56171875 0.4546875 0.0234375 0.03125
1 0.521875 0.53984375 0.02265625 0.05
1 0.4765625 0.53046875 0.01953125 0.04921875
1 0.51171875 0.4921875 0.0203125 0.05078125
1 0.53515625 0.46484375 0.01640625 0.046875
1 0.54296875 0.5015625 0.02109375 0.04765625
1 0.52578125 0.43515625 0.021875 0.0328125
1 0.4625 0.4578125 0.01953125 0.03359375
1 0.71796875 0.50078125 0.02734375 0.04921875
1 0.74921875 0.54921875 0.03203125 0.05078125
1 0.7828125 0.59921875 0.04140625 0.04609375
1 0.64921875 0.46328125 0.025 0.03515625
1 0.68203125 0.453125 0.02578125 0.03828125
1 0.72890625 0.38984375 0.03359375 0.03125
1 0.7609375 0.41640625 0.03046875 0.03515625
1 0.7 0.3765625 0.025 0.03203125
1 0.6671875 0.378125 0.02265625 0.0234375
1 0.6453125 0.38984375 0.01953125 0.0296875
1 0.6359375 0.36875 0.01484375 0.028125
1 0.58125 0.42421875 0.0140625 0.0328125
1 0.553125 0.4296875 0.0140625 0.02421875
