1 0.503125 0.71875 0.03671875 0.0625
1 0.12109375 0.32109375 0.06171875 0.06640625
1 0.30859375 0.2453125 0.03203125 0.05234375
1 0.23671875 0.278125 0.0453125 0.0484375
1 0.475 0.53125 0.02578125 0.05078125
1 0.48515625 0.59921875 0.0234375 0.06171875
1 0.4921875 0.6484375 0.03984375 0.0515625
1 0.446875 0.4140625 0.02265625 0.040625
1 0.34765625 0.6203125 0.03046875 0.0546875
1 0.33671875 0.59375 0.03671875 0.03828125
1 0.56640625 0.73125 0.040625 0.06875
1 0.54609375 0.6546875 0.03515625 0.06015625
1 0.5234375 0.59296875 0.02265625 0.0484375
1 0.52109375 0.5375 0.02421875 0.05
1 0.515625 0.50859375 0.02421875 0.04765625
1 0.584375 0.64453125 0.03046875 0.05234375
1 0.5671875 0.58125 0.0328125 0.05390625
1 0.55546875 0.55078125 0.0296875 0.0671875
1 0.53515625 0.4640625 0.015625 0.03046875
1 0.52265625 0.44609375 0.01640625 0.025
1 0.51953125 0.4171875 0.01015625 0.0234375
1 0.51015625 0.3890625 0.0234375 0.040625
1 0.52265625 0.36875 0.0265625 0.0421875
1 0.54453125 0.41015625 0.01328125 0.02109375
1 0.54921875 0.42734375 0.0140625 0.02265625
1 0.559375 0.45234375 0.0234375 0.02734375
1 0.6109375 0.58984375 0.03046875 0.05625
1 0.62578125 0.6453125 0.02265625 0.040625
1 0.66171875 0.7140625 0.0375 0.0578125
1 0.7 0.7 0.034375 0.06953125
1 0.653125 0.6015625 0.0375 0.05859375
1 0.63671875 0.5515625 0.01953125 0.0390625
1 0.621875 0.5171875 0.01953125 0.04375
1 0.6046875 0.48828125 0.028125 0.04453125
1 0.59453125 0.4546875 0.02578125 0.03359375
1 0.57578125 0.42890625 0.01875 0.04140625
1 0.57109375 0.4078125 0.01875 0.034375
1 0.7484375 0.5375 0.03828125 0.05
1 0.6953125 0.47734375 0.01875 0.040625
1 0.67109375 0.4359375 0.02578125 0.03671875
1 0.64453125 0.38046875 0.02734375 0.02421875
1 0.66640625 0.37265625 0.02734375 0.0296875
1 0.77421875 0.59453125 0.0375 0.046875
1 0.7625 0.4203125 0.0234375 0.02734375
1 0.72734375 0.3921875 0.0265625 0.0390625
1 0.6984375 0.3734375 0.0234375 0.03203125
1 0.6296875 0.3578125 0.0203125 0.01796875
1 0.0265625 0.3375 0.053125 0.078125
3 0.35234375 0.22890625 0.05 0.05703125
3 0.5890625 0.5125 0.04609375 0.09140625
3 0.6109375 0.7078125 0.05078125 0.08515625
3 0.5421875 0.4921875 0.0296875 0.0515625
3 0.66484375 0.40546875 0.0375 0.04375
3 0.68984375 0.34375 0.025 0.0390625
