0 0.35 0.5390625 0.06953125 0.1375
0 0.25234375 0.6453125 0.09296875 0.13671875
3 0.140625 0.284375 0.06796875 0.0546875
3 0.58515625 0.51640625 0.03515625 0.096875
3 0.609375 0.7109375 0.04609375 0.084375
3 0.684375 0.44765625 0.03046875 0.05390625
3 0.325 0.2234375 0.1140625 0.09609375
1 0.240625 0.26171875 0.0390625 0.03359375
1 0.0203125 0.32421875 0.040625 0.0484375
1 0.29375 0.23984375 0.03828125 0.03984375
1 0.42109375 0.20625 0.0296875 0.02734375
1 0.471875 0.42890625 0.01640625 0.03203125
1 0.471875 0.49921875 0.0234375 0.0578125
1 0.4875 0.58046875 0.02265625 0.053125
1 0.49609375 0.65390625 0.0328125 0.059375
1 0.50703125 0.71953125 0.0359375 0.07734375
1 0.5234375 0.54140625 0.0234375 0.03671875
1 0.5296875 0.5921875 0.0296875 0.04765625
1 0.54765625 0.64921875 0.03671875 0.0640625
1 0.56015625 0.734375 0.028125 0.06328125
1 0.5890625 0.64765625 0.034375 0.0609375
1 0.5703125 0.58671875 0.03125 0.053125
1 0.5578125 0.53984375 0.025 0.04453125
1 0.5359375 0.46015625 0.01796875 0.0203125
1 0.52421875 0.43671875 0.01953125 0.0265625
1 0.55390625 0.434375 0.0203125 0.02734375
1 0.5625 0.46015625 0.01875 0.03125
1 0.5921875 0.4453125 0.01796875 0.0265625
1 0.60625 0.478125 0.0265625 0.034375
1 0.621875 0.52421875 0.0296875 0.02734375
1 0.6453125 0.5625 0.02734375 0.04375
1 0.66015625 0.6171875 0.0234375 0.02109375
1 0.6125 0.5859375 0.03125 0.0515625
1 0.62890625 0.6484375 0.0265625 0.04921875
1 0.69921875 0.7078125 0.04140625 0.0546875
1 0.65703125 0.72421875 0.04453125 0.07890625
1 0.7984375 0.6828125 0.06640625 0.053125
1 0.86015625 0.66796875 0.06796875 0.06796875
1 0.76796875 0.57734375 0.053125 0.06484375
1 0.70703125 0.55078125 0.0296875 0.03203125
1 0.73359375 0.5234375 0.03046875 0.03828125
1 0.69921875 0.47265625 0.02421875 0.0421875
1 0.784375 0.42890625 0.04609375 0.0515625
1 0.7453125 0.40234375 0.04453125 0.028125
1 0.7109375 0.37734375 0.028125 0.03125
1 0.67578125 0.38984375 0.0265625 0.03125
1 0.6625 0.41484375 0.02734375 0.0328125
1 0.58046875 0.42734375 0.025 0.03203125
1 0.57109375 0.39921875 0.02109375 0.02421875
1 0.5171875 0.4046875 0.02734375 0.02890625
2 0.51953125 0.50390625 0.01484375 0.02890625
3 0.5421875 0.4921875 0.02265625 0.04453125
