3 0.5875 0.5078125 0.03203125 0.06640625
3 0.60859375 0.709375 0.040625 0.078125
3 0.5421875 0.490625 0.01953125 0.04296875
3 0.68671875 0.3453125 0.025 0.0328125
1 0.65859375 0.40390625 0.01484375 0.034375
1 0.703125 0.715625 0.02734375 0.0765625
1 0.66328125 0.728125 0.0390625 0.0625
1 0.63203125 0.653125 0.034375 0.0515625
1 0.65625 0.59921875 0.03359375 0.05078125
1 0.6203125 0.58984375 0.02734375 0.046875
1 0.57890625 0.5890625 0.0203125 0.0703125
1 0.59453125 0.64765625 0.0140625 0.0578125
1 0.5640625 0.734375 0.01171875 0.075
1 0.50625 0.7265625 0.02421875 0.07734375
1 0.49765625 0.65703125 0.0171875 0.065625
1 0.48828125 0.60546875 0.01796875 0.046875
1 0.4703125 0.5328125 0.01796875 0.04609375
1 0.521875 0.54609375 0.0234375 0.04140625
1 0.53359375 0.59609375 0.02265625 0.05390625
1 0.54609375 0.65 0.01796875 0.07109375
1 0.5515625 0.53984375 0.01640625 0.04296875
1 0.5140625 0.49765625 0.01484375 0.034375
2 0.51796875 0.640625 0.0203125 0.04296875
2 0.49609375 0.5265625 0.01484375 0.0546875
1 0.53359375 0.459375 0.015625 0.02578125
1 0.56875 0.48046875 0.01328125 0.03046875
1 0.55625 0.4609375 0.01328125 0.03359375
1 0.55390625 0.43046875 0.01875 0.0359375
1 0.58828125 0.45234375 0.025 0.03828125
1 0.60546875 0.4796875 0.01796875 0.03671875
1 0.61875 0.5125 0.021875 0.025
1 0.63984375 0.55859375 0.0328125 0.059375
1 0.73984375 0.5296875 0.03203125 0.04609375
1 0.77109375 0.58828125 0.04453125 0.0515625
1 0.703125 0.47265625 0.02265625 0.0546875
1 0.67265625 0.43515625 0.025 0.0453125
1 0.63828125 0.38359375 0.02421875 0.03125
1 0.6640625 0.378125 0.0203125 0.0453125
1 0.76015625 0.41640625 0.03125 0.02890625
1 0.73046875 0.38984375 0.0421875 0.03671875
1 0.69921875 0.375 0.02421875 0.0296875
1 0.6296875 0.35859375 0.0171875 0.02421875
1 0.64765625 0.35390625 0.01953125 0.03046875
1 0.58046875 0.428125 0.01875 0.034375
1 0.57265625 0.3984375 0.0109375 0.02734375
1 0.525 0.43359375 0.01796875 0.02890625
1 0.5421875 0.4046875 0.0109375 0.0453125
1 0.52421875 0.37578125 0.0078125 0.04375
1 0.5171875 0.4140625 0.01328125 0.02578125
1 0.5078125 0.384375 0.01171875 0.0390625
1 0.5203125 0.33984375 0.02109375 0.0265625
1 0.296875 0.6375 0.0453125 0.059375
1 0.309375 0.66875 0.040625 0.04609375
1 0.06953125 0.32109375 0.05 0.0546875
1 0.034375 0.31953125 0.03203125 0.02890625
1 0.121875 0.30078125 0.04609375 0.04765625
1 0.246875 0.26484375 0.0421875 0.0546875
1 0.2984375 0.25390625 0.0328125 0.04921875
3 0.3359375 0.2390625 0.03828125 0.0484375
3 0.26640625 0.23671875 0.0453125 0.0359375
