1 0.11328125 0.303125 0.04375 0.03984375
1 0.22578125 0.27421875 0.03984375 0.05234375
1 0.34296875 0.23828125 0.0484375 0.03984375
1 0.40546875 0.2125 0.04453125 0.03125
1 0.078125 0.91171875 0.04765625 0.1140625
1 0.309375 0.6796875 0.040625 0.075
1 0.31640625 0.60078125 0.04453125 0.0703125
1 0.50234375 0.725 0.02734375 0.06953125
1 0.553125 0.73046875 0.02578125 0.06640625
1 0.59375 0.65625 0.021875 0.06328125
1 0.54453125 0.6421875 0.025 0.05703125
1 0.49375 0.65234375 0.0234375 0.0546875
1 0.5296875 0.58828125 0.02734375 0.0421875
1 0.56953125 0.58125 0.02421875 0.05
1 0.61015625 0.5890625 0.01953125 0.03828125
1 0.6359375 0.6453125 0.0265625 0.0484375
1 0.6578125 0.71328125 0.04375 0.09296875
1 0.7015625 0.7109375 0.0296875 0.06953125
1 0.7375 0.678125 0.028125 0.04765625
1 0.79921875 0.71796875 0.0375 0.0609375
1 0.81015625 0.65546875 0.0359375 0.046875
1 0.978125 0.84765625 0.04375 0.05
1 0.7625 0.62421875 0.04765625 0.0484375
1 0.74921875 0.5421875 0.0234375 0.03828125
1 0.715625 0.49921875 0.03203125 0.02890625
1 0.6953125 0.4578125 0.01484375 0.03046875
1 0.66953125 0.42734375 0.01796875 0.034375
1 0.66171875 0.6109375 0.034375 0.065625
1 0.6390625 0.5609375 0.02265625 0.0609375
1 0.625 0.525 0.00546875 0.04375
1 0.56171875 0.53515625 0.015625 0.05625
1 0.52734375 0.53515625 0.01953125 0.02734375
1 0.49296875 0.58671875 0.0140625 0.034375
1 0.47109375 0.52421875 0.0390625 0.0484375
1 0.47109375 0.459375 0.0140625 0.0421875
1 0.5171875 0.50078125 0.02421875 0.0328125
1 0.61015625 0.4875 0.01015625 0.04375
1 0.59140625 0.4515625 0.01640625 0.0234375
1 0.5609375 0.45859375 0.0109375 0.028125
1 0.53515625 0.4609375 0.015625 0.02734375
3 0.11171875 0.27265625 0.06953125 0.0484375
3 0.60703125 0.7078125 0.05 0.12265625
3 0.5890625 0.51484375 0.04140625 0.10625
0 0.83984375 0.940625 0.0703125 0.11875
2 0.5875 0.73046875 0.0234375 0.05625
