1 0.2640625 0.73125 0.03828125 0.059375
1 0.26640625 0.65625 0.0421875 0.0703125
1 0.50859375 0.7234375 0.03515625 0.046875
1 0.55859375 0.73515625 0.0359375 0.075
1 0.5484375 0.6453125 0.028125 0.07265625
1 0.4953125 0.6609375 0.02578125 0.075
1 0.48359375 0.5890625 0.01796875 0.03359375
1 0.5234375 0.59609375 0.0203125 0.05234375
1 0.57109375 0.57890625 0.03515625 0.0734375
1 0.6078125 0.5859375 0.0203125 0.0546875
1 0.63671875 0.65703125 0.03125 0.0578125
1 0.675 0.7328125 0.02109375 0.05390625
1 0.58828125 0.6484375 0.03515625 0.06953125
1 0.7078125 0.721875 0.025 0.06171875
1 0.65625 0.61328125 0.02421875 0.0515625
1 0.6421875 0.56875 0.0234375 0.0671875
1 0.56015625 0.5375 0.03125 0.03671875
1 0.52109375 0.55234375 0.0234375 0.0625
1 0.4765625 0.53203125 0.02890625 0.0546875
1 0.4734375 0.47109375 0.0171875 0.04765625
1 0.51328125 0.50078125 0.025 0.046875
1 0.6171875 0.5171875 0.01484375 0.02890625
1 0.7625 0.64765625 0.03203125 0.071875
1 0.93515625 0.7546875 0.05546875 0.07734375
1 0.759375 0.88828125 0.0453125 0.109375
1 0.7140625 0.6296875 0.02890625 0.06796875
1 0.74609375 0.59453125 0.028125 0.040625
1 0.79765625 0.61953125 0.03046875 0.05390625
1 0.7453125 0.5421875 0.02578125 0.0609375
1 0.7125 0.503125 0.02265625 0.05703125
1 0.690625 0.46171875 0.0203125 0.04375
1 0.671875 0.42890625 0.015625 0.0328125
1 0.6515625 0.39609375 0.01640625 0.02734375
1 0.63125 0.37265625 0.01484375 0.01796875
1 0.5953125 0.45546875 0.028125 0.034375
1 0.12578125 0.30625 0.06171875 0.0515625
1 0.15703125 0.2875 0.0453125 0.05546875
1 0.27734375 0.26640625 0.06484375 0.06484375
3 0.61171875 0.7296875 0.0484375 0.125
3 0.58515625 0.5078125 0.04375 0.0703125
0 0.83984375 0.88671875 0.0734375 0.2046875
2 0.603125 0.74609375 0.028125 0.06328125
