0 0.83671875 0.82421875 0.06875 0.2078125
1 0.76015625 0.9734375 0.03515625 0.053125
1 0.98125 0.8875 0.0375 0.103125
1 0.9046875 0.66796875 0.06328125 0.0796875
1 0.76484375 0.76796875 0.0375 0.08671875
1 0.7515625 0.6546875 0.03828125 0.08125
1 0.775 0.58515625 0.01796875 0.04453125
1 0.74140625 0.5796875 0.0125 0.03359375
1 0.67265625 0.5578125 0.01953125 0.059375
1 0.7078125 0.71171875 0.05 0.1171875
1 0.6546875 0.7203125 0.03203125 0.0640625
1 0.559375 0.7296875 0.0296875 0.0828125
1 0.50390625 0.734375 0.0328125 0.08359375
1 0.49375 0.6546875 0.03125 0.06953125
1 0.5484375 0.64296875 0.03828125 0.0671875
1 0.5875 0.64609375 0.02265625 0.06015625
1 0.6265625 0.65078125 0.02890625 0.06484375
1 0.659375 0.61796875 0.0234375 0.04296875
1 0.60625 0.596875 0.02421875 0.07734375
1 0.5703125 0.59453125 0.01875 0.0671875
1 0.20625 0.790625 0.046875 0.07265625
1 0.21328125 0.715625 0.0484375 0.084375
1 0.19765625 0.28984375 0.05625 0.04375
1 0.303125 0.2375 0.0265625 0.02734375
1 0.48671875 0.5734375 0.01953125 0.06171875
1 0.51875 0.5796875 0.01484375 0.05
1 0.521875 0.53671875 0.02578125 0.046875
1 0.5578125 0.52734375 0.01796875 0.0296875
1 0.61484375 0.51953125 0.02109375 0.03671875
1 0.73515625 0.52578125 0.02265625 0.0296875
1 0.7109375 0.4890625 0.02421875 0.02734375
1 0.6921875 0.4546875 0.01328125 0.02109375
1 0.6671875 0.41875 0.025 0.04140625
1 0.65 0.40390625 0.025 0.03984375
1 0.63515625 0.3703125 0.00859375 0.00859375
1 0.60703125 0.47734375 0.01796875 0.0359375
1 0.59140625 0.43515625 0.0140625 0.01875
1 0.53984375 0.47734375 0.0125 0.03203125
1 0.5140625 0.48515625 0.01875 0.0390625
1 0.475 0.52109375 0.02421875 0.03671875
1 0.47109375 0.48125 0.0171875 0.03671875
1 0.5203125 0.43671875 0.0109375 0.034375
1 0.55625 0.4421875 0.01484375 0.0296875
1 0.54765625 0.41796875 0.009375 0.015625
1 0.5671875 0.396875 0.015625 0.025
1 0.57578125 0.42421875 0.01796875 0.040625
1 0.49375 0.41796875 0.01640625 0.03125
3 0.58515625 0.5140625 0.04140625 0.09765625
3 0.6109375 0.7078125 0.04609375 0.07421875
3 0.44765625 0.39921875 0.0140625 0.04453125
3 0.678125 0.3296875 0.034375 0.04296875
2 0.6046875 0.75703125 0.02421875 0.06640625
3 0.015625 0.31171875 0.03125 0.0828125
3 0.25546875 0.21875 0.0796875 0.0734375
