0 0.765625 0.91171875 0.040625 0.0953125
0 0.80859375 0.73203125 0.08203125 0.1953125
1 0.76328125 0.77421875 0.03359375 0.0703125
1 0.8375 0.9453125 0.05 0.109375
1 0.92109375 0.89375 0.046875 0.09140625
1 0.90546875 0.6953125 0.06171875 0.115625
1 0.8140625 0.54296875 0.034375 0.09140625
1 0.76640625 0.565625 0.025 0.078125
1 0.7390625 0.58046875 0.02421875 0.05859375
1 0.7578125 0.63671875 0.05078125 0.0796875
1 0.7078125 0.6 0.03203125 0.10234375
1 0.7375 0.51640625 0.03125 0.04140625
1 0.7015625 0.48046875 0.0296875 0.03359375
1 0.73515625 0.40078125 0.025 0.05078125
1 0.70625 0.3671875 0.028125 0.03359375
1 0.68125 0.4359375 0.0203125 0.0328125
1 0.66328125 0.425 0.0234375 0.04765625
1 0.65703125 0.3640625 0.025 0.02734375
1 0.6328125 0.44140625 0.02109375 0.02578125
1 0.65234375 0.49453125 0.04296875 0.04453125
1 0.70546875 0.72109375 0.01953125 0.10078125
1 0.6625 0.70390625 0.03828125 0.10703125
1 0.628125 0.65234375 0.03046875 0.06640625
1 0.65625 0.60546875 0.0421875 0.03984375
1 0.64296875 0.55078125 0.03828125 0.03359375
1 0.61484375 0.5875 0.02578125 0.0484375
1 0.5734375 0.58828125 0.0359375 0.0546875
1 0.58828125 0.653125 0.028125 0.05078125
1 0.565625 0.728125 0.0203125 0.0484375
1 0.50703125 0.7171875 0.0390625 0.08984375
1 0.5484375 0.64140625 0.02890625 0.06015625
1 0.4984375 0.6609375 0.0375 0.075
1 0.48125 0.5875 0.03828125 0.07734375
1 0.525 0.60234375 0.0234375 0.0515625
1 0.52265625 0.53828125 0.0234375 0.046875
1 0.55390625 0.53515625 0.02421875 0.04609375
1 0.51640625 0.50078125 0.02109375 0.03671875
1 0.4734375 0.51875 0.0234375 0.03671875
1 0.06875 0.91875 0.06640625 0.07734375
1 0.04375 0.87734375 0.0875 0.11953125
1 0.290625 0.24453125 0.0421875 0.053125
1 0.3578125 0.2265625 0.0515625 0.06328125
1 0.44296875 0.43203125 0.02578125 0.0765625
1 0.51328125 0.40234375 0.01796875 0.021875
2 0.60859375 0.7484375 0.04296875 0.09609375
1 0.2375 0.73671875 0.084375 0.09765625
3 0.60859375 0.70625 0.04453125 0.0765625
3 0.58671875 0.51328125 0.04296875 0.09765625
3 0.6765625 0.33515625 0.03125 0.02265625
3 0.146875 0.28828125 0.16640625 0.121875
