1 0.33046875 0.24453125 0.03671875 0.04375
1 0.36640625 0.22578125 0.0390625 0.04921875
1 0.42265625 0.21953125 0.053125 0.0640625
1 0.76171875 0.81640625 0.059375 0.11953125
1 0.74375 0.72734375 0.03828125 0.0671875
1 0.834375 0.89140625 0.0375 0.08671875
1 0.884375 0.80234375 0.05390625 0.09453125
1 0.84296875 0.60390625 0.05078125 0.09453125
1 0.75 0.6328125 0.046875 0.07890625
1 0.73125 0.584375 0.046875 0.03984375
1 0.7609375 0.575 0.0375 0.06484375
1 0.77109375 0.51484375 0.028125 0.05390625
1 0.7265625 0.525 0.0375 0.0640625
1 0.703125 0.47421875 0.0359375 0.0421875
1 0.68125 0.44296875 0.02890625 0.03515625
1 0.66328125 0.41953125 0.025 0.0375
1 0.73046875 0.39140625 0.0328125 0.03671875
1 0.69921875 0.37109375 0.025 0.02890625
1 0.653125 0.36484375 0.01875 0.028125
1 0.634375 0.3671875 0.02578125 0.03046875
1 0.6125 0.41015625 0.0171875 0.021875
1 0.571875 0.4 0.0234375 0.02890625
1 0.57890625 0.421875 0.025 0.03359375
1 0.590625 0.45234375 0.02890625 0.03359375
1 0.60546875 0.478125 0.0296875 0.04921875
1 0.6203125 0.51328125 0.03671875 0.06328125
1 0.64296875 0.55078125 0.03828125 0.06328125
1 0.65625 0.5953125 0.0390625 0.0640625
1 0.7 0.709375 0.04609375 0.0734375
1 0.66328125 0.71796875 0.046875 0.084375
1 0.56015625 0.73125 0.03046875 0.0625
1 0.50703125 0.7171875 0.03984375 0.08046875
1 0.49296875 0.65390625 0.03125 0.0640625
1 0.54375 0.65625 0.03203125 0.071875
1 0.59375 0.6484375 0.04375 0.0640625
1 0.63125 0.6484375 0.040625 0.05234375
1 0.615625 0.590625 0.03515625 0.06484375
1 0.57265625 0.5859375 0.03984375 0.0640625
1 0.559375 0.53515625 0.03515625 0.0453125
1 0.52421875 0.53984375 0.0265625 0.04609375
1 0.53046875 0.5953125 0.03046875 0.05703125
1 0.47421875 0.53203125 0.03046875 0.05
1 0.48828125 0.59140625 0.0296875 0.05234375
1 0.51484375 0.5015625 0.02421875 0.04375
1 0.53515625 0.4609375 0.02109375 0.03671875
1 0.55859375 0.459375 0.0234375 0.03828125
1 0.55234375 0.43046875 0.01484375 0.02890625
1 0.50234375 0.46796875 0.02578125 0.0421875
1 0.52578125 0.4328125 0.02421875 0.04140625
3 0.58671875 0.509375 0.03984375 0.090625
3 0.54140625 0.4953125 0.0203125 0.04375
3 0.60625 0.7078125 0.046875 0.07265625
3 0.6515625 0.39765625 0.028125 0.04296875
3 0.2046875 0.25625 0.125 0.08828125
3 0.03828125 0.303125 0.0765625 0.09375
3 0.67734375 0.33359375 0.03046875 0.03125
0 0.79765625 0.71640625 0.0875 0.18203125
0 0.834375 0.98046875 0.065625 0.0390625
2 0.6078125 0.75234375 0.03125 0.06640625
2 0.53046875 0.69921875 0.02265625 0.071875
