3 0.225 0.26171875 0.04296875 0.05546875
3 0.58515625 0.51328125 0.0390625 0.07734375
3 0.60546875 0.7140625 0.03828125 0.09453125
3 0.6921875 0.3484375 0.025 0.0296875
0 0.21171875 0.69375 0.1234375 0.14609375
0 0.34765625 0.54921875 0.08984375 0.15234375
1 0.31796875 0.66171875 0.04140625 0.05625
1 0.03984375 0.31875 0.05078125 0.06328125
1 0.175 0.2859375 0.06328125 0.05234375
1 0.26328125 0.25625 0.034375 0.02578125
1 0.50703125 0.71484375 0.0390625 0.06796875
1 0.5546875 0.7375 0.01953125 0.07109375
1 0.54765625 0.65703125 0.0375 0.08671875
1 0.49296875 0.65234375 0.03203125 0.06328125
1 0.49453125 0.59140625 0.0375 0.08046875
1 0.52890625 0.59296875 0.02890625 0.0375
1 0.58671875 0.63671875 0.03046875 0.04609375
1 0.65859375 0.73046875 0.0453125 0.084375
1 0.7 0.7140625 0.04296875 0.07578125
1 0.8375 0.65546875 0.090625 0.046875
1 0.978125 0.78046875 0.04375 0.0640625
1 0.725 0.6125 0.05546875 0.06171875
1 0.76015625 0.57421875 0.04765625 0.06015625
1 0.73046875 0.52109375 0.040625 0.05546875
1 0.68671875 0.50390625 0.0375 0.0484375
1 0.69765625 0.4703125 0.028125 0.01875
1 0.78203125 0.42578125 0.04296875 0.06796875
1 0.746875 0.40625 0.02890625 0.0375
1 0.715625 0.37578125 0.01953125 0.0234375
1 0.6734375 0.39140625 0.02578125 0.0375
1 0.65859375 0.4109375 0.0296875 0.034375
1 0.63828125 0.55859375 0.0265625 0.06953125
1 0.65546875 0.609375 0.028125 0.05625
1 0.63046875 0.646875 0.0421875 0.059375
1 0.6109375 0.58984375 0.0265625 0.04375
1 0.57421875 0.5890625 0.03046875 0.0609375
1 0.5578125 0.5359375 0.0265625 0.03359375
1 0.5265625 0.53671875 0.02578125 0.03515625
1 0.475 0.51015625 0.0203125 0.04296875
1 0.47109375 0.4453125 0.01953125 0.0328125
1 0.5328125 0.46015625 0.02578125 0.0296875
1 0.54375 0.5046875 0.02734375 0.040625
1 0.58828125 0.4515625 0.01640625 0.0359375
1 0.61875 0.5140625 0.0234375 0.04609375
3 0.68203125 0.44140625 0.04453125 0.07109375
2 0.51875 0.50390625 0.01328125 0.03125
2 0.46640625 0.4109375 0.01328125 0.03359375
1 0.5625 0.4609375 0.0234375 0.0359375
1 0.5515625 0.4328125 0.0171875 0.0265625
1 0.58046875 0.4234375 0.01328125 0.0390625
1 0.5734375 0.39453125 0.01171875 0.02109375
1 0.54296875 0.4046875 0.01953125 0.0390625
1 0.521875 0.4375 0.01484375 0.0515625
1 0.51328125 0.4109375 0.01640625 0.04140625
1 0.4921875 0.3984375 0.01796875 0.0484375
1 0.5234375 0.37421875 0.01640625 0.0265625
