0 0.1375 0.76484375 0.146875 0.20859375
0 0.34765625 0.54609375 0.09375 0.13828125
1 0.30703125 0.67578125 0.05078125 0.05859375
1 0.50703125 0.71875 0.03984375 0.08203125
1 0.55859375 0.7234375 0.02734375 0.065625
1 0.65546875 0.72109375 0.05 0.05546875
1 0.70234375 0.709375 0.04296875 0.06796875
1 0.8609375 0.7109375 0.07109375 0.06796875
1 0.80625 0.628125 0.040625 0.05859375
1 0.7546875 0.5609375 0.04140625 0.05078125
1 0.728125 0.51328125 0.03203125 0.0484375
1 0.66640625 0.53359375 0.028125 0.0375
1 0.653125 0.45625 0.01796875 0.0328125
1 0.696875 0.4765625 0.03203125 0.04453125
1 0.77109375 0.41953125 0.0390625 0.03671875
1 0.73828125 0.396875 0.025 0.0328125
1 0.7078125 0.37578125 0.021875 0.0265625
1 0.67734375 0.384375 0.02734375 0.034375
1 0.6546875 0.40390625 0.01875 0.03203125
1 0.64140625 0.38359375 0.01875 0.02734375
1 0.62890625 0.3546875 0.01796875 0.025
1 0.65390625 0.35546875 0.01796875 0.0171875
1 0.6703125 0.33828125 0.01015625 0.01328125
1 0.63984375 0.55859375 0.02421875 0.06484375
1 0.6609375 0.6109375 0.03046875 0.06015625
1 0.63359375 0.6484375 0.0296875 0.0515625
1 0.59453125 0.64375 0.03046875 0.0734375
1 0.546875 0.63203125 0.01796875 0.071875
1 0.49453125 0.6421875 0.03203125 0.08125
1 0.4859375 0.5890625 0.02578125 0.0515625
1 0.475 0.52890625 0.0234375 0.053125
1 0.52421875 0.5421875 0.01328125 0.04921875
1 0.53203125 0.59765625 0.02265625 0.05625
1 0.56953125 0.5859375 0.02265625 0.05234375
1 0.5546875 0.540625 0.02265625 0.05234375
1 0.53359375 0.46015625 0.015625 0.028125
1 0.5234375 0.4390625 0.02578125 0.04140625
1 0.4984375 0.42734375 0.02890625 0.05
1 0.46796875 0.44921875 0.01796875 0.0453125
1 0.4453125 0.39296875 0.02734375 0.03671875
1 0.50390625 0.3796875 0.0265625 0.05234375
1 0.5171875 0.40546875 0.02265625 0.0328125
1 0.540625 0.403125 0.02109375 0.03828125
1 0.553125 0.43125 0.01875 0.034375
1 0.559375 0.45703125 0.021875 0.034375
1 0.56796875 0.47890625 0.015625 0.03828125
1 0.62109375 0.521875 0.02578125 0.0453125
1 0.60625 0.47890625 0.01953125 0.04140625
1 0.5921875 0.45234375 0.01640625 0.03359375
1 0.57890625 0.425 0.01796875 0.02890625
1 0.5703125 0.39609375 0.021875 0.03046875
1 0.08203125 0.30859375 0.0796875 0.0546875
1 0.20078125 0.2765625 0.04375 0.0421875
1 0.259375 0.25703125 0.03984375 0.05625
0 0.40078125 0.21015625 0.0265625 0.0359375
3 0.30234375 0.24453125 0.05078125 0.04921875
3 0.584375 0.51171875 0.04296875 0.096875
3 0.6078125 0.70703125 0.0515625 0.08515625
3 0.6921875 0.34609375 0.03203125 0.034375
3 0.54375 0.490625 0.02265625 0.04296875
2 0.51640625 0.50078125 0.0171875 0.04140625
2 0.46796875 0.4125 0.0125 0.034375
1 0.3671875 0.22109375 0.02421875 0.04140625
