1 0.090625 0.97265625 0.0921875 0.0546875
3 0.21953125 0.9703125 0.0859375 0.059375
1 0.16015625 0.921875 0.08203125 0.0890625
3 0.28125 0.92421875 0.05625 0.1390625
1 0.37734375 0.83828125 0.053125 0.10234375
1 0.4125 0.70390625 0.0421875 0.12265625
1 0.3296875 0.76875 0.0453125 0.11484375
1 0.315625 0.71328125 0.03828125 0.08984375
1 0.3015625 0.678125 0.059375 0.07265625
1 0.2109375 0.909375 0.08125 0.10625
3 0.34609375 0.578125 0.05 0.0875
1 0.35234375 0.6515625 0.0375 0.06875
3 0.3765625 0.67109375 0.05 0.13515625
1 0.4859375 0.590625 0.03828125 0.07734375
1 0.44453125 0.60625 0.03359375 0.05625
1 0.41328125 0.6328125 0.03671875 0.0984375
1 0.390625 0.578125 0.0265625 0.06171875
3 0.42109375 0.5625 0.04296875 0.06640625
1 0.4609375 0.49140625 0.03515625 0.05234375
1 0.4984375 0.5203125 0.03046875 0.0625
1 0.49296875 0.465625 0.03203125 0.04609375
1 0.5140625 0.4953125 0.0296875 0.0609375
3 0.546875 0.478125 0.0265625 0.05703125
1 0.4984375 0.42578125 0.03359375 0.0421875
1 0.55546875 0.4328125 0.0234375 0.04453125
1 0.5796875 0.434375 0.02578125 0.04765625
1 0.6 0.39296875 0.01953125 0.04921875
1 0.59453125 0.3671875 0.02421875 0.03203125
3 0.2609375 0.7734375 0.09765625 0.1140625
