1 0.503125 0.72734375 0.04453125 0.075
1 0.55703125 0.7234375 0.04140625 0.08359375
1 0.609375 0.71640625 0.04921875 0.07109375
1 0.65859375 0.71640625 0.046875 0.08671875
1 0.70234375 0.70546875 0.0359375 0.0765625
1 0.49609375 0.6515625 0.04375 0.0671875
1 0.54609375 0.64765625 0.046875 0.06640625
1 0.59140625 0.64921875 0.03671875 0.059375
1 0.634375 0.65625 0.0359375 0.07421875
1 0.6609375 0.6140625 0.03359375 0.05703125
1 0.61875 0.59296875 0.03828125 0.05234375
1 0.5703125 0.5859375 0.03828125 0.075
1 0.534375 0.5953125 0.04296875 0.05
1 0.525 0.54609375 0.03828125 0.05234375
1 0.55859375 0.53984375 0.025 0.0640625
1 0.63984375 0.5515625 0.03671875 0.05
1 0.6234375 0.51875 0.0328125 0.0390625
3 0.58828125 0.50625 0.04765625 0.09609375
1 0.47890625 0.53046875 0.028125 0.05859375
1 0.4921875 0.59296875 0.03125 0.065625
1 0.85078125 0.8890625 0.0515625 0.10234375
1 0.94296875 0.89296875 0.06796875 0.15078125
1 0.7734375 0.5859375 0.065625 0.06484375
1 0.7375 0.528125 0.03828125 0.05
1 0.69921875 0.471875 0.03984375 0.06015625
1 0.66953125 0.42890625 0.02890625 0.0515625
1 0.65859375 0.40234375 0.034375 0.03359375
1 0.72734375 0.3890625 0.03984375 0.0484375
1 0.7578125 0.415625 0.03046875 0.0484375
1 0.6671875 0.37578125 0.02890625 0.04375
1 0.69765625 0.36796875 0.034375 0.0484375
3 0.68828125 0.34609375 0.03125 0.04296875
1 0.515625 0.5 0.05625 0.05859375
1 0.540625 0.4609375 0.0265625 0.0453125
1 0.59453125 0.4515625 0.03359375 0.04609375
1 0.58046875 0.4265625 0.03046875 0.0390625
1 0.5734375 0.40078125 0.02734375 0.0296875
1 0.6390625 0.3828125 0.02421875 0.03046875
1 0.5515625 0.4375 0.021875 0.04765625
1 0.52421875 0.42734375 0.02421875 0.05
1 0.5171875 0.41328125 0.0203125 0.04453125
1 0.5046875 0.3875 0.02109375 0.0421875
3 0.43671875 0.33671875 0.02421875 0.046875
1 0.4328125 0.31015625 0.02265625 0.04140625
1 0.45390625 0.38125 0.03359375 0.05625
1 0.5421875 0.40234375 0.025 0.04296875
1 0.52890625 0.3796875 0.025 0.0484375
1 0.625 0.35546875 0.02109375 0.03203125
1 0.646875 0.35390625 0.02109375 0.03828125
1 0.6140625 0.33203125 0.021875 0.0375
1 0.6375 0.3078125 0.0296875 0.0265625
1 0.65859375 0.32421875 0.03203125 0.0234375
