0 0.428125 0.440625 0.04140625 0.0859375
3 0.5171875 0.475 0.02265625 0.046875
1 0.375 0.66875 0.0375 0.08203125
1 0.30859375 0.7515625 0.04296875 0.090625
1 0.38359375 0.53671875 0.02734375 0.05390625
1 0.61484375 0.71015625 0.03359375 0.06484375
1 0.5640625 0.6859375 0.0359375 0.07421875
1 0.509375 0.775 0.03828125 0.0703125
1 0.5171875 0.6375 0.034375 0.06796875
1 0.57421875 0.51171875 0.0328125 0.0515625
1 0.31953125 0.540625 0.02734375 0.0546875
1 0.36015625 0.44296875 0.0203125 0.05
0 0.390625 0.32890625 0.01953125 0.0609375
0 0.3640625 0.3078125 0.0203125 0.04296875
3 0.2125 0.72421875 0.06953125 0.11953125
3 0.69296875 0.94375 0.046875 0.11171875
3 0.53515625 0.51328125 0.02265625 0.0625
