1 0.29375 0.86015625 0.04140625 0.09765625
1 0.39296875 0.89296875 0.05703125 0.11640625
1 0.28125 0.77421875 0.046875 0.09140625
1 0.425 0.78046875 0.053125 0.10078125
1 0.31875 0.69453125 0.040625 0.084375
1 0.26796875 0.6859375 0.0375 0.08515625
1 0.246875 0.62421875 0.0359375 0.08125
1 0.32109375 0.61328125 0.04765625 0.065625
1 0.240625 0.46875 0.0234375 0.06015625
1 0.27265625 0.471875 0.0234375 0.04453125
1 0.30390625 0.4515625 0.02578125 0.04609375
1 0.2546875 0.43359375 0.0234375 0.053125
1 0.21875 0.41484375 0.0203125 0.03671875
1 0.2625 0.390625 0.021875 0.0375
3 0.35390625 0.790625 0.06484375 0.1296875
1 0.51875 0.821875 0.06171875 0.1171875
1 0.56796875 0.9109375 0.07265625 0.12734375
1 0.6609375 0.928125 0.08984375 0.13671875
1 0.59296875 0.81875 0.07734375 0.134375
1 0.540625 0.7546875 0.05078125 0.0859375
1 0.503125 0.68671875 0.05078125 0.078125
1 0.4625 0.62734375 0.04609375 0.07734375
0 0.4390625 0.5125 0.07421875 0.125
0 0.52734375 0.5265625 0.08203125 0.1390625
0 0.4203125 0.4359375 0.06484375 0.08515625
0 0.31640625 0.4078125 0.04375 0.07109375
0 0.3609375 0.39921875 0.04375 0.078125
0 0.3328125 0.3703125 0.03203125 0.0625
1 0.61171875 0.58359375 0.04921875 0.0671875
1 0.61796875 0.540625 0.04765625 0.05078125
1 0.6609375 0.53984375 0.0453125 0.059375
1 0.69921875 0.6078125 0.059375 0.0875
1 0.5390625 0.4578125 0.0359375 0.04765625
1 0.5 0.41328125 0.025 0.03984375
1 0.47578125 0.453125 0.0328125 0.05234375
1 0.39921875 0.37109375 0.02421875 0.03828125
1 0.42265625 0.36484375 0.0203125 0.034375
1 0.78515625 0.6171875 0.06015625 0.084375
0 0.7984375 0.81328125 0.134375 0.2796875
