2 0.35390625 0.575 0.009375 0.046875
1 0.34609375 0.61171875 0.03125 0.06015625
1 0.30625 0.71171875 0.03125 0.084375
3 0.3296875 0.7453125 0.0390625 0.12109375
3 0.39140625 0.54921875 0.03359375 0.08671875
2 0.38046875 0.47734375 0.0125 0.03359375
1 0.421875 0.47734375 0.01796875 0.0359375
1 0.40859375 0.51875 0.0171875 0.0453125
3 0.37421875 0.5296875 0.021875 0.06796875
3 0.40390625 0.46328125 0.01796875 0.0546875
2 0.39140625 0.459375 0.00703125 0.03046875
1 0.4296875 0.4421875 0.01953125 0.04140625
