1 0.08203125 0.971875 0.0828125 0.05625
1 0.29765625 0.909375 0.06015625 0.090625
1 0.21541450312500002 0.9951678609375 0.252348496875 0.929571471875 0.251206225 0.8866214937500001 0.2133578484375 0.8743853296875 0.173149821875 0.9529987484375001 0.1750536375 0.9857969734375001 0.21541450312500002 0.9951678609375
1 0.21274914531250003 0.871003309375 0.17241903593750002 0.8509433640624999 0.13202741406250001 0.9264478828125 0.1335504703125 0.9576842531249999 0.1681998921875 0.9647123875 0.21274914531250003 0.871003309375
1 0.2999438640625 0.7796369234375 0.3029899796875 0.739810534375 0.22002230625000002 0.733733534375 0.2169375609375 0.7960360046875 0.251206225 0.8374241890624999 0.2999438640625 0.7796369234375
2 0.221875 0.840625 0.021875 0.07109375
1 0.28046875 0.82890625 0.05 0.071875
1 0.334375 0.76328125 0.0515625 0.08125
1 0.3203125 0.70625 0.0453125 0.0421875
1 0.3109375 0.65859375 0.04921875 0.04453125
1 0.4307651375 0.7404173968750001 0.43109931562500003 0.6568012359375001 0.39987473906250004 0.655032515625 0.377295834375 0.6903847765625 0.3761261984375 0.77708514375 0.408207775 0.7822254828124999 0.4307651375 0.7404173968750001
1 0.351094090625 0.7227115953125 0.3759907375 0.7350484015625 0.3758236484375 0.6904988109375 0.404897584375 0.6545164437500001 0.4047304953125 0.6202475265625 0.39896594375 0.619043434375 0.37788835 0.618369228125 0.37448691093750003 0.6243597890625 0.3649626953125 0.6384100484374999 0.351094090625 0.7227115953125
1 0.3560152296875 0.6841368515624999 0.36423821093750003 0.6381148921875 0.3726041390625 0.6241897640625 0.3542758140625 0.6234786109375 0.3368447921875 0.665233634375 0.337092471875 0.682707753125 0.3560152296875 0.6841368515624999
1 0.46796875 0.6265625 0.0328125 0.05546875
1 0.41875 0.63046875 0.028125 0.04921875
1 0.44765625 0.58828125 0.03046875 0.046875
1 0.346875 0.578125 0.0421875 0.08046875
1 0.40703125 0.55 0.03203125 0.0328125
1 0.40546875 0.590625 0.0328125 0.03046875
1 0.5015625 0.56953125 0.02734375 0.05859375
1 0.4890625 0.5203125 0.0265625 0.04140625
3 0.4671875 0.5 0.02578125 0.059375
1 0.496875 0.47578125 0.025 0.03515625
1 0.5453125 0.48046875 0.025 0.06171875
1 0.52890625 0.40546875 0.02109375 0.03984375
1 0.50625 0.4390625 0.0234375 0.03515625
2 0.5015625 0.40703125 0.0078125 0.02578125
1 0.540625 0.43671875 0.0109375 0.02578125
1 0.5703125 0.44765625 0.021875 0.05
1 0.584375 0.4203125 0.01796875 0.03671875
1 0.565625 0.4015625 0.01796875 0.03203125
1 0.603125 0.39140625 0.015625 0.03125
1 0.59765625 0.3578125 0.0171875 0.03359375
1 0.578125 0.334375 0.02578125 0.0234375
1 0.61640625 0.36484375 0.015625 0.028125
1 0.6359375 0.384375 0.01484375 0.02890625
1 0.6453125 0.365625 0.01484375 0.0265625
3 0.64140625 0.33671875 0.021875 0.0296875
1 0.61171875 0.315625 0.01484375 0.025
1 0.63125 0.31640625 0.0171875 0.021875
1 0.65859375 0.3140625 0.015625 0.0171875
1 0.64765625 0.2953125 0.01328125 0.02265625
1 0.6328125 0.2890625 0.01484375 0.02421875
1 0.6671875 0.2984375 0.0125 0.01875
