1 0.48984375 0.92890625 0.08203125 0.1421875
1 0.56484375 0.90703125 0.084375 0.1390625
1 0.67578125 0.92890625 0.07890625 0.1421875
1 0.61796875 0.96953125 0.0640625 0.05078125
1 0.3234375 0.92890625 0.05859375 0.1421875
1 0.38203125 0.86640625 0.06171875 0.0984375
1 0.4375 0.80234375 0.0734375 0.09453125
1 0.52109375 0.82578125 0.08046875 0.0984375
1 0.58984375 0.81484375 0.0546875 0.1140625
0 0.62109375 0.71640625 0.1375 0.23125
1 0.50234375 0.69140625 0.05546875 0.0859375
1 0.43828125 0.671875 0.053125 0.0875
1 0.46484375 0.61328125 0.05546875 0.109375
1 0.3609375 0.6421875 0.05703125 0.08203125
1 0.390625 0.5859375 0.04609375 0.09296875
3 0.32109375 0.68125 0.04375 0.10625
1 0.265625 0.69609375 0.04296875 0.08515625
1 0.28125 0.79296875 0.05078125 0.134375
1 0.75625 0.653125 0.07421875 0.078125
1 0.83984375 0.6859375 0.065625 0.0859375
1 0.696875 0.5640625 0.0546875 0.06484375
1 0.6265625 0.5484375 0.05625 0.07109375
1 0.55546875 0.49765625 0.0390625 0.05078125
0 0.48515625 0.49921875 0.0953125 0.11875
0 0.4234375 0.4375 0.059375 0.109375
0 0.378125 0.409375 0.05 0.0765625
0 0.34921875 0.38828125 0.03671875 0.06953125
0 0.33125 0.36796875 0.03828125 0.07265625
1 0.53671875 0.44453125 0.03359375 0.05234375
1 0.49296875 0.41796875 0.03203125 0.05390625
1 0.4515625 0.3859375 0.02578125 0.0265625
1 0.4390625 0.40390625 0.028125 0.04609375
0 0.3953125 0.365625 0.02421875 0.03984375
0 0.309375 0.34453125 0.021875 0.059375
0 0.275 0.31640625 0.0359375 0.05390625
1 0.32890625 0.58125 0.0515625 0.0328125
1 0.28828125 0.4875 0.03046875 0.0328125
1 0.26796875 0.4609375 0.021875 0.0375
1 0.2609375 0.4390625 0.01953125 0.034375
1 0.2421875 0.48203125 0.02578125 0.04296875
1 0.221875 0.50234375 0.03203125 0.06796875
1 0.23046875 0.44375 0.02265625 0.04609375
1 0.21015625 0.42890625 0.01796875 0.046875
2 0.24609375 0.4125 0.009375 0.03671875
3 0.26328125 0.40234375 0.03125 0.04765625
1 0.23359375 0.39140625 0.0234375 0.0421875
1 0.221875 0.36015625 0.01953125 0.03359375
1 0.12890625 0.4828125 0.0421875 0.04453125
