0 0.42578125 0.8859375 0.06640625 0.22734375
0 0.65703125 0.61484375 0.0609375 0.1578125
3 0.228125 0.72265625 0.0421875 0.0859375
1 0.27265625 0.71171875 0.03671875 0.08359375
1 0.2515625 0.6421875 0.03203125 0.059375
1 0.22265625 0.546875 0.025 0.03984375
1 0.21015625 0.50859375 0.021875 0.0375
1 0.2046875 0.4734375 0.021875 0.03046875
1 0.20078125 0.4421875 0.0171875 0.028125
1 0.18515625 0.4203125 0.015625 0.02890625
0 0.17578125 0.50078125 0.0390625 0.1078125
1 0.196875 0.6125 0.03046875 0.059375
2 0.315625 0.53828125 0.0125 0.0484375
2 0.2796875 0.4515625 0.009375 0.03828125
1 0.80234375 0.7265625 0.0796875 0.0890625
1 0.8140625 0.36953125 0.01484375 0.025
1 0.81015625 0.35390625 0.01328125 0.0171875
1 0.8046875 0.32578125 0.009375 0.01953125
1 0.80078125 0.31484375 0.01171875 0.0171875
1 0.71484375 0.309375 0.0109375 0.02890625
1 0.21953125 0.33125 0.01171875 0.03046875
1 0.1890625 0.31015625 0.0125 0.021875
1 0.4796875 0.53359375 0.0046875 0.0609375
