1 0.50625 0.7140625 0.03359375 0.065625
1 0.49453125 0.65234375 0.0296875 0.05703125
1 0.4875 0.59609375 0.0234375 0.04921875
1 0.475 0.53125 0.0203125 0.04921875
1 0.47109375 0.471875 0.02109375 0.0453125
1 0.45 0.3703125 0.01171875 0.03046875
1 0.4328125 0.39140625 0.01640625 0.03515625
1 0.48203125 0.3953125 0.01875 0.03046875
1 0.515625 0.4984375 0.0265625 0.040625
1 0.521875 0.540625 0.025 0.0421875
1 0.53046875 0.59375 0.03046875 0.04453125
1 0.54921875 0.64765625 0.03046875 0.06171875
1 0.5609375 0.7265625 0.03203125 0.06015625
1 0.2734375 0.65 0.04453125 0.0546875
1 0.50625 0.384375 0.01875 0.02265625
1 0.5171875 0.40546875 0.02109375 0.0203125
1 0.5234375 0.43203125 0.02109375 0.0265625
0 0.84140625 0.9015625 0.0515625 0.196875
3 0.60625 0.70859375 0.04296875 0.08359375
1 0.595214409375 0.6164288609375 0.5745096937499999 0.6187771828125 0.583320203125 0.6696588921875 0.608870690625 0.6602653390625 0.595214409375 0.6164288609375
1 0.571875 0.584375 0.03125 0.05390625
1 0.55625 0.5375 0.0265625 0.04140625
3 0.53984375 0.49375 0.021875 0.0375
1 0.53515625 0.4609375 0.021875 0.028125
1 0.6469517703125 0.6639593859375 0.6428781906250001 0.6390767359375 0.6314212390625 0.620075453125 0.616295375 0.6225694578125001 0.6138539093750001 0.6540063390624999 0.6276022546875 0.679341428125 0.646187965625 0.6784365671875 0.6469517703125 0.6639593859375
1 0.61484375 0.59140625 0.03203125 0.05625
3 0.6060811296875 0.5521968734375 0.6065903390625 0.5277666625 0.5999707515625 0.5141943078125 0.6004799609375 0.48976404531249995 0.590041409375 0.466691084375 0.5679135468750001 0.4681923109375 0.5673821 0.5055984765625 0.5854586203125 0.5571734312500001 0.6060811296875 0.5521968734375
1 0.564581515625 0.44113738125 0.549560175 0.44430423125 0.5493055796874999 0.46602003124999997 0.5587257328125 0.4809495828125 0.5704372796875 0.46149591250000005 0.564581515625 0.44113738125
1 0.553125 0.42890625 0.0203125 0.02578125
1 0.540625 0.3984375 0.02109375 0.03203125
1 0.52578125 0.378125 0.0171875 0.03203125
1 0.672609315625 0.7564669687500001 0.684575478125 0.7383704953125 0.6611523640625 0.6772948999999999 0.63857648125 0.6819857390624999 0.63772926875 0.7080589171875 0.6583517796875 0.7523952546875 0.672609315625 0.7564669687500001
1 0.7209831140625 0.7229884875 0.711308365625 0.7017251453125 0.710289965625 0.6854383265624999 0.6995967984375 0.67412803125 0.6782105046875 0.6795569593749999 0.6782105046875 0.7125830359374999 0.69654161875 0.7428946140625 0.720219328125 0.7437994578125 0.7209831140625 0.7229884875
1 0.65390625 0.6078125 0.03359375 0.04921875
1 0.640625 0.5578125 0.03125 0.053125
1 0.61953125 0.52265625 0.02421875 0.03828125
1 0.6015006859375001 0.5036652 0.6211047953125 0.5009507359375001 0.621359390625 0.49145009375 0.60862944375 0.464305403125 0.597197284375 0.46412604062499996 0.5933535078125 0.47063912343750003 0.6015006859375001 0.48647353750000005 0.6015006859375001 0.5036652
1 0.5921875 0.44921875 0.02578125 0.028125
1 0.578125 0.421875 0.0234375 0.025
1 0.5703125 0.39609375 0.02265625 0.025
1 0.26875 0.721875 0.04375 0.053125
1 0.103125 0.30546875 0.04375 0.040625
1 0.14765625 0.28203125 0.04296875 0.02109375
1 0.26171875 0.2546875 0.0421875 0.02421875
1 0.94765625 0.7640625 0.0453125 0.07265625
1 0.76875 0.66171875 0.04296875 0.05703125
1 0.7125 0.6265625 0.034375 0.0515625
1 0.7484375 0.60234375 0.0265625 0.04765625
1 0.7421875 0.53828125 0.03125 0.05
1 0.71484375 0.49296875 0.03125 0.04296875
1 0.6921875 0.4578125 0.01953125 0.0421875
1 0.665625 0.4265625 0.02578125 0.03828125
1 0.6359375 0.37265625 0.01796875 0.028125
1 0.65859375 0.36640625 0.01953125 0.03125
1 0.71015625 0.37734375 0.02421875 0.02890625
1 0.678125 0.35859375 0.01953125 0.0234375
1 0.7484375 0.4078125 0.02578125 0.03125
1 0.8142186765625 0.6433534171875 0.813893428125 0.6251476140625 0.7934024484375 0.592781675 0.77648923125 0.5936486171875 0.7725937578125001 0.6144421828125 0.79513770625 0.6488935 0.8142186765625 0.6433534171875
1 0.35546875 0.225 0.03125 0.028125
1 0.6234375 0.34765625 0.02109375 0.02109375
3 0.6765625 0.33515625 0.0265625 0.02578125
1 0.48359375 0.33203125 0.0140625 0.02421875
