1 0.27890625 0.94140625 0.05078125 0.10859375
1 0.28359375 0.77109375 0.02734375 0.08125
3 0.3140625 0.78984375 0.05234375 0.128125
1 0.3328125 0.65078125 0.0328125 0.07578125
2 0.34296875 0.6109375 0.01484375 0.0484375
3 0.38671875 0.58203125 0.02890625 0.09375
3 0.365625 0.54765625 0.0234375 0.08515625
1 0.4046875 0.5375 0.025 0.05234375
1 0.41875 0.4890625 0.01796875 0.0421875
1 0.3828125 0.5171875 0.01875 0.04296875
2 0.37421875 0.5015625 0.0109375 0.04765625
1 0.3859375 0.48359375 0.0125 0.04765625
3 0.39921875 0.475 0.0203125 0.06328125
1 0.4296875 0.4578125 0.0234375 0.03984375
1 0.4125 0.43359375 0.01875 0.0234375
1 0.421875 0.42265625 0.0171875 0.021875
1 0.4421875 0.41875 0.01484375 0.028125
1 0.4484375 0.4 0.0140625 0.034375
1 0.4546875 0.38515625 0.0109375 0.0203125
0 0.4359375 0.375 0.01640625 0.05625
1 0.45859375 0.371875 0.0109375 0.03125
1 0.4453125 0.36640625 0.0078125 0.02578125
3 0.44609375 0.35390625 0.0125 0.0296875
1 0.4609375 0.36015625 0.0171875 0.0234375
1 0.4625 0.35 0.0125 0.025
1 0.1984375 0.98046875 0.03984375 0.0390625
