1 0.27421875 0.95546875 0.04765625 0.0890625
1 0.3171875 0.8140625 0.0390625 0.0921875
1 0.325 0.6625 0.0265625 0.05390625
1 0.3578125 0.5796875 0.0234375 0.046875
1 0.41484375 0.49921875 0.0203125 0.03359375
1 0.39296875 0.48125 0.01640625 0.0296875
1 0.425 0.46328125 0.0140625 0.034375
1 0.43359375 0.43515625 0.01640625 0.0328125
1 0.4234375 0.41640625 0.01328125 0.02578125
1 0.4296875 0.3984375 0.01171875 0.0203125
1 0.44765625 0.40390625 0.01171875 0.02578125
1 0.453125 0.3859375 0.01015625 0.01875
1 0.45703125 0.375 0.01015625 0.0203125
0 0.4375 0.3609375 0.01484375 0.040625
3 0.27109375 0.81640625 0.0390625 0.08046875
3 0.34609375 0.69296875 0.03359375 0.10234375
3 0.39921875 0.5296875 0.02578125 0.075
3 0.3859375 0.503125 0.021875 0.0609375
