1 0.11875 0.8640625 0.0515625 0.13671875
1 0.109375 0.76484375 0.040625 0.12109375
3 0.22890625 0.72890625 0.040625 0.10234375
1 0.271875 0.70859375 0.03828125 0.084375
1 0.359375 0.66484375 0.04453125 0.06640625
1 0.25078125 0.63984375 0.03515625 0.0765625
0 0.32109375 0.5 0.04921875 0.10703125
1 0.4125 0.49296875 0.03671875 0.0734375
1 0.2234375 0.55 0.02578125 0.05703125
1 0.2109375 0.50859375 0.025 0.05234375
1 0.20078125 0.4453125 0.01875 0.04609375
1 0.18515625 0.41796875 0.01796875 0.0390625
3 0.4640625 0.51484375 0.04140625 0.05078125
0 0.6578125 0.6109375 0.06015625 0.16875
1 0.71484375 0.30546875 0.01328125 0.03671875
1 0.85390625 0.5859375 0.0265625 0.0671875
1 0.8125 0.365625 0.01796875 0.040625
1 0.8359375 0.73203125 0.06328125 0.09296875
