1 0.74765625 0.5453125 0.04375 0.05234375
1 0.7828125 0.5984375 0.04609375 0.06328125
1 0.69921875 0.7078125 0.05390625 0.075
1 0.66171875 0.72265625 0.04609375 0.0796875
1 0.609375 0.72109375 0.04296875 0.08515625
1 0.56015625 0.728125 0.034375 0.0625
1 0.50625 0.71796875 0.0453125 0.08359375
1 0.70625 0.4859375 0.028125 0.04296875
1 0.6296875 0.65078125 0.03984375 0.06640625
2 0.5078125 0.58671875 0.0125 0.04296875
1 0.54765625 0.6484375 0.0375 0.06796875
1 0.65703125 0.609375 0.03828125 0.0609375
2 0.48125 0.4828125 0.015625 0.03984375
1 0.475 0.53046875 0.02734375 0.05625
1 0.675 0.44140625 0.03515625 0.04140625
1 0.36484375 0.21796875 0.03515625 0.0359375
1 0.2078125 0.26875 0.05 0.034375
1 0.57265625 0.5859375 0.0359375 0.05703125
1 0.615625 0.5890625 0.0375 0.06171875
1 0.59140625 0.64765625 0.03515625 0.0640625
1 0.49375 0.653125 0.04140625 0.0609375
1 0.48515625 0.5953125 0.03203125 0.059375
1 0.0984375 0.30234375 0.0625 0.03203125
1 0.1546875 0.28671875 0.05546875 0.0328125
3 0.30078125 0.2421875 0.06328125 0.0390625
3 0.58671875 0.509375 0.0421875 0.09609375
1 0.52265625 0.540625 0.028125 0.04765625
0 0.0765625 0.82109375 0.153125 0.2453125
