1 0.184375 0.8890625 0.05703125 0.1109375
1 0.24375 0.88984375 0.04921875 0.0890625
1 0.33828125 0.80234375 0.04765625 0.08828125
1 0.31171875 0.61953125 0.034375 0.0625
3 0.2140625 0.72578125 0.06171875 0.096875
1 0.3859375 0.6109375 0.0296875 0.06171875
1 0.353125 0.58359375 0.02109375 0.05234375
1 0.3203125 0.51796875 0.02109375 0.0390625
1 0.37109375 0.49296875 0.0296875 0.053125
1 0.35859375 0.4125 0.02109375 0.03046875
1 0.31484375 0.428125 0.01796875 0.0328125
1 0.33359375 0.40859375 0.021875 0.03828125
1 0.309375 0.4 0.0171875 0.03125
1 0.3109375 0.36796875 0.01484375 0.0359375
1 0.325 0.34921875 0.01328125 0.015625
3 0.4953125 0.8625 0.04375 0.11171875
1 0.53984375 0.95 0.040625 0.0953125
1 0.5609375 0.83203125 0.034375 0.06015625
1 0.6171875 0.82890625 0.0390625 0.08046875
3 0.684375 0.84765625 0.04296875 0.1046875
1 0.5171875 0.67578125 0.03125 0.05625
1 0.5671875 0.7296875 0.03125 0.06953125
1 0.5546875 0.62265625 0.02890625 0.065625
1 0.59765625 0.61171875 0.02890625 0.05390625
1 0.5109375 0.5734375 0.02421875 0.05390625
1 0.4984375 0.5234375 0.0265625 0.0390625
1 0.559375 0.49140625 0.03046875 0.03828125
3 0.521875 0.4765625 0.021875 0.05234375
3 0.50546875 0.440625 0.02578125 0.04765625
1 0.5375 0.45546875 0.02421875 0.0375
0 0.41484375 0.409375 0.0421875 0.0640625
1 0.3671875 0.30859375 0.0171875 0.040625
1 0.4703125 0.41171875 0.0171875 0.03203125
1 0.46171875 0.3859375 0.0203125 0.0375
3 0.4921875 0.4046875 0.01953125 0.03515625
1 0.49765625 0.38203125 0.02109375 0.021875
1 0.47734375 0.36953125 0.0140625 0.034375
1 0.4515625 0.3453125 0.0140625 0.02578125
3 0.38984375 0.3203125 0.01640625 0.046875
1 0.30703125 0.32265625 0.00859375 0.01875
2 0.29140625 0.34765625 0.009375 0.03046875
1 0.3234375 0.325 0.0140625 0.01953125
1 0.3359375 0.3203125 0.0109375 0.034375
