1 0.421875 0.72578125 0.09921875 0.23359375
1 0.44375 0.50625 0.10234375 0.17734375
1 0.6375 0.390625 0.08515625 0.1234375
3 0.8390625 0.7046875 0.06875 0.17265625
3 0.8109375 0.525 0.109375 0.18359375
3 0.31796875 0.30703125 0.07109375 0.19140625
3 0.45625 0.08125 0.0703125 0.11015625
3 0.5 0.0484375 0.05859375 0.096875
1 0.2625 0.19375 0.06953125 0.103125
1 0.28203125 0.08125 0.0671875 0.1203125
1 0.37265625 0.059375 0.04609375 0.1125
2 0.41875 0.15234375 0.0265625 0.08203125
1 0.09453125 0.1578125 0.0765625 0.115625
