0 0.3362719828125 0.6954863359375001 0.270676634375 0.6658391390625 0.0010070203125 0.9938114859375 0.21236970156249999 1 0.3383543421875 0.8270458578125 0.3362719828125 0.6954863359375001
1 0.3046875 0.60703125 0.06640625 0.08515625
1 0.3828125 0.57421875 0.05703125 0.075
0 0.50859375 0.4578125 0.06875 0.15234375
1 0.621875 0.521875 0.04453125 0.06484375
1 0.66171875 0.56875 0.0375 0.0703125
1 0.6640625 0.4171875 0.02421875 0.04609375
1 0.703125 0.3984375 0.02109375 0.03828125
0 0.60859375 0.2921875 0.03515625 0.04296875
1 0.521875 0.3609375 0.02578125 0.03828125
1 0.54609375 0.37109375 0.02421875 0.04296875
1 0.5578125 0.33046875 0.01953125 0.0296875
1 0.5734375 0.3421875 0.021875 0.0296875
1 0.7046875 0.30390625 0.01796875 0.03046875
0 0.64296875 0.31796875 0.02890625 0.0546875
0 0.65546875 0.26328125 0.0203125 0.0359375
