1 0.41328125 0.76640625 0.06171875 0.1140625
1 0.34140625 0.93984375 0.07421875 0.1203125
1 0.334375 0.759375 0.06796875 0.109375
1 0.31640625 0.70703125 0.059375 0.09453125
1 0.1734375 0.90234375 0.07734375 0.1265625
1 0.52109375 0.5296875 0.03828125 0.06484375
1 0.54921875 0.4875 0.02890625 0.0671875
1 0.521875 0.47265625 0.03359375 0.0640625
3 0.46953125 0.621875 0.04375 0.084375
2 0.49296875 0.51875 0.01171875 0.05703125
2 0.390625 0.54609375 0.01171875 0.04765625
3 0.34453125 0.5796875 0.0578125 0.09375
3 0.3796875 0.671875 0.05546875 0.11796875
3 0.25546875 0.78515625 0.0859375 0.12265625
3 0.559375 0.48671875 0.02890625 0.0296875
3 0.259375 0.92734375 0.0859375 0.1453125
3 0.440625 0.5484375 0.04140625 0.06640625
1 0.5328125 0.40703125 0.0390625 0.059375
1 0.2359375 0.8359375 0.00859375 0.00703125
1 0.1140625 0.8921875 0.08046875 0.13203125
1 0.5765625 0.43671875 0.028125 0.04296875
