0 0.4265625 0.965625 0.096875 0.06875
0 0.6640625 0.95546875 0.084375 0.0890625
0 0.65625 0.61171875 0.05625 0.19453125
1 0.76875 0.7015625 0.06875 0.1125
1 0.2765625 0.7109375 0.04140625 0.084375
3 0.225 0.725 0.0546875 0.0953125
1 0.253125 0.64296875 0.0390625 0.0859375
1 0.196875 0.6140625 0.03125 0.0828125
1 0.22734375 0.55078125 0.02890625 0.0578125
1 0.2140625 0.50859375 0.02578125 0.06171875
2 0.3578125 0.6140625 0.01796875 0.05859375
2 0.303125 0.49765625 0.01171875 0.0546875
1 0.2234375 0.346875 0.0203125 0.04921875
1 0.18828125 0.30546875 0.02421875 0.03671875
1 0.103125 0.6546875 0.05859375 0.06171875
1 0.20390625 0.4453125 0.0296875 0.0484375
1 0.1859375 0.42890625 0.0234375 0.06015625
1 0.20390625 0.478125 0.021875 0.053125
1 0.71796875 0.31015625 0.01640625 0.0421875
1 0.81953125 0.36875 0.01953125 0.03984375
1 0.80703125 0.328125 0.015625 0.034375
1 0.71796875 0.2953125 0.01328125 0.03203125
1 0.721875 0.2625 0.01484375 0.028125
1 0.790625 0.26796875 0.0109375 0.03125
1 0.77109375 0.2484375 0.01328125 0.028125
1 0.7265625 0.225 0.01328125 0.025
1 0.77109375 0.23203125 0.01015625 0.03125
1 0.7875 0.2421875 0.01328125 0.0296875
