1 0.06484375 0.7515625 0.11328125 0.125
1 0.578125 0.64921875 0.05390625 0.096875
1 0.6609375 0.65703125 0.046875 0.0953125
1 0.61796875 0.56796875 0.04765625 0.065625
1 0.54609375 0.33984375 0.0296875 0.0484375
0 0.39765625 0.465625 0.09296875 0.11953125
0 0.4109375 0.5890625 0.1359375 0.21875
3 0.5234375 0.384375 0.034375 0.075
3 0.67734375 0.3609375 0.025 0.05078125
1 0.49296875 0.39609375 0.03046875 0.03984375
3 0.6921875 0.46796875 0.03203125 0.0578125
2 0.6 0.95546875 0.02890625 0.08828125
