1 0.20234375 0.68671875 0.05234375 0.13359375
1 0.27578125 0.7359375 0.040625 0.13828125
1 0.34765625 0.69765625 0.05078125 0.11640625
1 0.390625 0.63828125 0.06484375 0.13984375
1 0.453125 0.634375 0.0625 0.11953125
1 0.28125 0.61953125 0.03828125 0.09375
1 0.334375 0.56640625 0.03828125 0.0953125
1 0.3765625 0.54375 0.04140625 0.07421875
1 0.43359375 0.5390625 0.0421875 0.07578125
1 0.2875 0.55703125 0.04453125 0.07578125
1 0.33125 0.5125 0.0421875 0.07109375
1 0.3703125 0.48671875 0.0375 0.065625
1 0.41328125 0.484375 0.02265625 0.0734375
1 0.40546875 0.4484375 0.03125 0.059375
1 0.37109375 0.43984375 0.02734375 0.05546875
1 0.32890625 0.4484375 0.03203125 0.0609375
1 0.28359375 0.490625 0.034375 0.07890625
1 0.28203125 0.4546875 0.03046875 0.059375
0 0.20234375 0.54453125 0.06953125 0.20390625
1 0.2421875 0.48984375 0.02734375 0.071875
1 0.2484375 0.4390625 0.034375 0.0671875
1 0.6171875 0.4890625 0.03671875 0.0578125
1 0.62265625 0.3953125 0.046875 0.05859375
1 0.71171875 0.43515625 0.0609375 0.046875
0 0.53046875 0.59453125 0.11015625 0.2578125
0 0.46484375 0.46328125 0.075 0.16484375
0 0.44140625 0.37265625 0.0515625 0.10390625
1 0.41875 0.3375 0.034375 0.09296875
1 0.28203125 0.41015625 0.03046875 0.05
1 0.33046875 0.4046875 0.025 0.05390625
1 0.35703125 0.39296875 0.021875 0.06796875
1 0.39453125 0.409375 0.0375 0.0390625
1 0.39140625 0.3765625 0.0171875 0.03828125
1 0.38828125 0.359375 0.0265625 0.03671875
1 0.2953125 0.3921875 0.025 0.03984375
3 0.2921875 0.35625 0.025 0.05390625
1 0.2984375 0.328125 0.03203125 0.04609375
1 0.29375 0.28984375 0.021875 0.0359375
1 0.32421875 0.28359375 0.01796875 0.03671875
1 0.3609375 0.26484375 0.02421875 0.0484375
0 0.25625 0.3984375 0.0359375 0.1203125
1 0.26875 0.334375 0.028125 0.04140625
0 0.275 0.296875 0.02734375 0.04765625
1 0.2765625 0.26640625 0.02890625 0.0453125
3 0.265625 0.24296875 0.01640625 0.05078125
0 0.830210590625 0.8577406234374999 0.8507750156249999 0.8458639921875 0.8862486140625 0.8261662781249999 0.8960167625000001 0.6891277359375 0.7315967031249999 0.541126171875 0.6771009484375 0.5703609984375 0.67494920625 0.575441246875 0.6698081 0.666800275 0.830210590625 0.8577406234374999
