1 0.08203125 0.97265625 0.08203125 0.0546875
1 0.21400673593750003 0.9296912234375 0.17539973281250001 0.9957200437499999 0.2535474859375 1 0.2535474859375 0.9364491046874999 0.21400673593750003 0.9296912234375
1 0.24842185312499998 0.8891440312500001 0.21254225781249997 0.870372175 0.1719031421875 0.9717401718750001 0.18032384375 0.9762454625 0.21510507343750002 0.9296912234375 0.24695737499999998 0.9311930078125 0.24842185312499998 0.8891440312500001
1 0.2110777796875 0.856105609375 0.17739491406250002 0.8455933015625 0.13649321406249998 0.92528144375 0.13529130625000002 0.9634805671875 0.1697064375 0.9657332125 0.2110777796875 0.856105609375
1 0.34375 0.83359375 0.06171875 0.09453125
1 0.28359375 0.834375 0.04140625 0.07734375
2 0.2234375 0.84140625 0.025 0.08046875
3 0.23890275781249998 0.84709505625 0.258307034375 0.844091575 0.2594054 0.79378299375 0.29784781250000003 0.78777600625 0.30260733281249996 0.7449761671874999 0.25684255624999996 0.7141903046875 0.2197989375 0.7646814375 0.21766791875 0.7952847484375 0.23817053281249997 0.7952847484375 0.23890275781249998 0.84709505625
1 0.43203125 0.6828125 0.03515625 0.078125
1 0.31796875 0.70390625 0.04140625 0.05390625
1 0.33359375 0.75859375 0.0484375 0.06328125
3 0.38359375 0.67265625 0.04296875 0.1015625
1 0.35078125 0.6546875 0.0203125 0.05
1 0.471875 0.615625 0.02734375 0.05703125
1 0.4171875 0.63125 0.025 0.04765625
1 0.4421875 0.60078125 0.02578125 0.04609375
3 0.34375 0.578125 0.04921875 0.07109375
1 0.39140625 0.60390625 0.0234375 0.02890625
1 0.36484375 0.60234375 0.028125 0.0328125
1 0.46640625 0.5625 0.02265625 0.04609375
3 0.428125 0.5640625 0.03203125 0.0421875
1 0.403125 0.5578125 0.015625 0.05234375
1 0.45390625 0.5328125 0.02109375 0.03828125
1 0.53203125 0.52421875 0.02265625 0.0578125
1 0.4984375 0.5171875 0.021875 0.05546875
1 0.52578125 0.47265625 0.02578125 0.03828125
1 0.4875 0.4515625 0.02421875 0.0546875
1 0.4578125 0.48515625 0.0234375 0.028125
1 0.44453125 0.51015625 0.02421875 0.02265625
3 0.58203125 0.43046875 0.02734375 0.0515625
1 0.55078125 0.434375 0.021875 0.040625
1 0.53515625 0.4203125 0.0203125 0.03046875
1 0.51953125 0.3984375 0.021875 0.0265625
1 0.58125 0.3828125 0.01953125 0.025
1 0.603125 0.39140625 0.0171875 0.0328125
1 0.62109375 0.359375 0.0171875 0.0328125
1 0.63828125 0.38125 0.0140625 0.02734375
1 0.64765625 0.36015625 0.0140625 0.02265625
1 0.52734375 0.35390625 0.028125 0.028125
1 0.65625 0.3171875 0.0140625 0.02265625
1 0.64296875 0.30546875 0.01328125 0.021875
1 0.61875 0.28125 0.01953125 0.01875
1 0.653125 0.2859375 0.01328125 0.01640625
1 0.64140625 0.27734375 0.01015625 0.0171875
1 0.665625 0.3046875 0.01015625 0.02265625
1 0.66640625 0.2671875 0.009375 0.0203125
