1 0.7828125 0.62578125 0.09921875 0.1625
1 0.6171875 0.934375 0.096875 0.13125
1 0.74140625 0.95859375 0.07421875 0.0828125
1 0.48359375 0.61875 0.084375 0.19921875
1 0.334375 0.75546875 0.07734375 0.190625
1 0.50625 0.46171875 0.078125 0.1453125
1 0.34453125 0.4828125 0.06796875 0.159375
1 0.34765625 0.26015625 0.05859375 0.1125
1 0.38046875 0.1890625 0.05234375 0.08046875
1 0.24375 0.15625 0.046875 0.0984375
1 0.3734375 0.05625 0.05625 0.0796875
2 0.41796875 0.15546875 0.0203125 0.0921875
2 0.3078125 0.32109375 0.015625 0.075
3 0.61640625 0.24453125 0.08125 0.1390625
