1 0.32265625 0.59609375 0.02578125 0.0453125
1 0.3546875 0.59921875 0.02734375 0.04765625
1 0.3890625 0.59140625 0.025 0.04921875
1 0.41015625 0.6171875 0.03125 0.04296875
0 0.32734375 0.53125 0.04765625 0.08359375
3 0.4 0.45 0.03125 0.06015625
0 0.45625 0.38828125 0.0234375 0.04765625
0 0.80234375 0.82578125 0.1296875 0.15
0 0.62734375 0.76875 0.15859375 0.14609375
1 0.48203125 0.7234375 0.034375 0.05625
1 0.509375 0.69453125 0.028125 0.0515625
1 0.4765625 0.6453125 0.02890625 0.05390625
1 0.48828125 0.58671875 0.02734375 0.05234375
1 0.52734375 0.6140625 0.0234375 0.046875
1 0.5734375 0.5375 0.021875 0.04140625
0 0.60546875 0.44921875 0.02109375 0.05625
0 0.5734375 0.38984375 0.0171875 0.05703125
