0 0.528125 0.596875 0.1140625 0.24921875
0 0.203125 0.553125 0.084375 0.20546875
0 0.46328125 0.4609375 0.071875 0.1671875
2 0.3640625 0.75859375 0.0546875 0.096875
2 0.46953125 0.73984375 0.0375 0.10546875
1 0.51953125 0.36171875 0.03828125 0.05
1 0.2 0.6953125 0.0640625 0.14453125
1 0.28046875 0.7046875 0.0484375 0.125
1 0.340625 0.66171875 0.04765625 0.10859375
1 0.4515625 0.62578125 0.05 0.10859375
1 0.7109375 0.434375 0.0703125 0.05
1 0.39765625 0.63046875 0.05546875 0.1265625
1 0.29140625 0.234375 0.015625 0.0328125
