1 0.38125 0.56328125 0.07734375 0.1671875
1 0.52265625 0.5109375 0.07890625 0.1734375
3 0.68125 0.44765625 0.103125 0.17265625
3 0.7453125 0.409375 0.09453125 0.16640625
1 0.57890625 0.203125 0.0734375 0.10546875
1 0.54921875 0.06875 0.0609375 0.08125
1 0.29296875 0.31484375 0.05625 0.11953125
1 0.303125 0.16484375 0.05703125 0.1140625
1 0.37265625 0.05390625 0.05078125 0.09609375
3 0.21953125 0.1125 0.0640625 0.15390625
2 0.51875 0.93671875 0.034375 0.1265625
2 0.4140625 0.14609375 0.0265625 0.0875
