0 0.6359375 0.78359375 0.1578125 0.159375
0 0.52890625 0.6890625 0.06796875 0.1375
0 0.32890625 0.53203125 0.04921875 0.08828125
0 0.45625 0.3921875 0.021875 0.046875
3 0.39921875 0.45546875 0.03046875 0.06953125
1 0.32421875 0.5984375 0.028125 0.04765625
1 0.35546875 0.60078125 0.02890625 0.0484375
1 0.38984375 0.59296875 0.0265625 0.06015625
1 0.40703125 0.61875 0.02734375 0.05234375
1 0.49140625 0.6046875 0.021875 0.0421875
1 0.53203125 0.57265625 0.0203125 0.03671875
1 0.52890625 0.475 0.0203125 0.05
1 0.5546875 0.50078125 0.01953125 0.0515625
0 0.60546875 0.44375 0.02421875 0.0578125
0 0.5765625 0.384375 0.0171875 0.04921875
0 0.81171875 0.81796875 0.07734375 0.08359375
