1 0.3953125 0.678125 0.2609375 0.16484375
1 0.16328125 0.44140625 0.09140625 0.10703125
1 0.36171875 0.42109375 0.0765625 0.134375
1 0.4671875 0.41640625 0.07265625 0.10078125
1 0.39765625 0.3828125 0.05 0.09921875
1 0.425 0.3546875 0.04453125 0.0828125
1 0.4796875 0.37265625 0.05703125 0.08203125
1 0.50546875 0.3375 0.0640625 0.07890625
1 0.44921875 0.321875 0.0515625 0.0671875
1 0.96328125 0.27890625 0.04609375 0.07421875
1 0.8921875 0.22109375 0.03984375 0.05390625
1 0.828125 0.2171875 0.0375 0.0640625
1 0.859375 0.171875 0.03203125 0.046875
1 0.8140625 0.17265625 0.0296875 0.04765625
1 0.703125 0.32578125 0.10078125 0.33359375
2 0.303125 0.45546875 0.03359375 0.12890625
2 0.4234375 0.4703125 0.034375 0.109375
