1 0.28203125 0.70703125 0.03515625 0.07890625
1 0.33203125 0.68515625 0.02890625 0.0625
1 0.365625 0.7078125 0.03125 0.06328125
1 0.38203125 0.5546875 0.02890625 0.0609375
1 0.31796875 0.57734375 0.021875 0.05
3 0.215625 0.72265625 0.05859375 0.10390625
1 0.48203125 0.93125 0.04453125 0.0890625
1 0.31796875 0.46796875 0.01484375 0.0421875
1 0.33828125 0.4296875 0.01875 0.0453125
1 0.36328125 0.4421875 0.0171875 0.04765625
1 0.31015625 0.39375 0.01484375 0.0296875
3 0.5140625 0.74375 0.03203125 0.10078125
1 0.5453125 0.81875 0.02734375 0.07578125
1 0.5640625 0.74140625 0.03125 0.06875
1 0.6125 0.70234375 0.02734375 0.06640625
1 0.56328125 0.65625 0.02890625 0.0578125
3 0.67109375 0.75859375 0.0375 0.10546875
1 0.51484375 0.60625 0.028125 0.04609375
1 0.5421875 0.5625 0.02265625 0.053125
1 0.58046875 0.55390625 0.02265625 0.0515625
1 0.5015625 0.51953125 0.02109375 0.04375
1 0.48515625 0.478125 0.0203125 0.03984375
3 0.509375 0.44453125 0.02109375 0.0484375
3 0.4953125 0.42109375 0.0171875 0.040625
1 0.5484375 0.46796875 0.01953125 0.03671875
0 0.40078125 0.375 0.0265625 0.06015625
0 0.36796875 0.3109375 0.0140625 0.046875
1 0.45859375 0.38671875 0.0171875 0.03515625
1 0.51171875 0.409375 0.01796875 0.034375
1 0.525 0.43515625 0.01484375 0.02734375
3 0.4796875 0.3875 0.0171875 0.03359375
1 0.4703125 0.35234375 0.01328125 0.021875
1 0.446875 0.36484375 0.0140625 0.0234375
1 0.44453125 0.33671875 0.0125 0.0203125
1 0.3078125 0.3359375 0.01015625 0.02265625
1 0.32578125 0.36484375 0.0125 0.021875
