1 0.08359375 0.971875 0.075 0.05625
1 0.27265625 0.95546875 0.05859375 0.0890625
1 0.2140625 0.93515625 0.04921875 0.0953125
1 0.1640625 0.89921875 0.04375 0.07578125
1 0.37109375 0.79921875 0.04375 0.08515625
1 0.301054590625 0.7416010953125001 0.23336142187500003 0.7341419359375 0.209862025 0.8399240578124999 0.2536344640625 0.838855428125 0.301054590625 0.7416010953125001
1 0.3041811859375 0.857023734375 0.30730781875 0.793968834375 0.28157164218749997 0.7814641421874999 0.24686014374999998 0.8687798093750001 0.274999571875 0.8794670515625 0.3041811859375 0.857023734375
1 0.3635866359375 0.751219625 0.3656710453125 0.7212953234375 0.3265235796875 0.7181009609375 0.302096815625 0.7929000421875 0.33492611562499996 0.8089309640625 0.3635866359375 0.751219625
1 0.353164628125 0.68282104375 0.31095550625 0.6753399375 0.2911536765625 0.7426698890625001 0.3114765984375 0.762975659375 0.353164628125 0.68282104375
1 0.4484375 0.640625 0.03671875 0.09453125
1 0.38125 0.675 0.04375 0.103125
3 0.3453125 0.571875 0.04140625 0.071875
1 0.35390625 0.6265625 0.04296875 0.05
1 0.42368246249999997 0.6565935265625 0.42954788749999995 0.63664221875 0.42969095468749996 0.6114096734375 0.4392759359375 0.58999135625 0.420879303125 0.5887124859374999 0.4089473328125 0.6040746328125 0.4040833078125 0.6536595109375 0.42368246249999997 0.6565935265625
1 0.45703125 0.57265625 0.0328125 0.03828125
1 0.41875 0.575 0.03203125 0.0390625
1 0.42109375 0.534375 0.0328125 0.03515625
1 0.496875 0.5734375 0.03359375 0.0484375
1 0.528125 0.52265625 0.028125 0.04375
1 0.503125 0.50078125 0.0265625 0.03515625
3 0.4859375 0.47734375 0.02578125 0.04765625
1 0.51796875 0.45078125 0.0234375 0.0390625
1 0.5609375 0.4625 0.0265625 0.0453125
1 0.57890625 0.4265625 0.021875 0.03828125
1 0.5234375 0.4109375 0.028125 0.0296875
1 0.55234375 0.38046875 0.01796875 0.03125
2 0.5390625 0.36953125 0.00625 0.0265625
1 0.584375 0.3765625 0.02109375 0.02890625
1 0.59375 0.40390625 0.0171875 0.03203125
1 0.61328125 0.375 0.01796875 0.0328125
1 0.61015625 0.33984375 0.01640625 0.0328125
1 0.62734375 0.35078125 0.01640625 0.0203125
1 0.63671875 0.38359375 0.015625 0.02578125
1 0.6453125 0.36171875 0.01328125 0.02109375
3 0.65078125 0.3234375 0.0203125 0.02890625
1 0.621875 0.303125 0.01328125 0.021875
1 0.60234375 0.32421875 0.01484375 0.0234375
1 0.64375 0.3015625 0.01328125 0.0171875
1 0.63984375 0.278125 0.0125 0.01875
1 0.65546875 0.28125 0.0125 0.0171875
1 0.665625 0.30625 0.0125 0.021875
1 0.6703125 0.28828125 0.0109375 0.0171875
