0 0.364215121875 0.7151515546875 0.2923520375 0.676285490625 0.0822916421875 0.9541666687499999 0.3204723375 1 0.3683810328125 0.9057805390624999 0.364215121875 0.7151515546875
0 0.5110657234375 0.550433396875 0.49856775000000003 0.4375366109375 0.45899103593749996 0.42087975625 0.4433686296875 0.42273049531250007 0.4423271515625 0.43383506406250005 0.317347903125 0.631867071875 0.317347903125 0.6929423453125 0.37567153750000004 0.8298991499999999 0.5110657234375 0.550433396875
0 0.5578125 0.3484375 0.1078125 0.215625
3 0.25234375 0.45078125 0.146875 0.13671875
1 0.1359375 0.696875 0.15078125 0.184375
1 0.45234375 0.3953125 0.0703125 0.09921875
1 0.4640625 0.29921875 0.03671875 0.06953125
1 0.53046875 0.23515625 0.04609375 0.06484375
1 0.5703125 0.23671875 0.0390625 0.0609375
1 0.62734375 0.20078125 0.03125 0.07734375
1 0.60546875 0.1625 0.01484375 0.05078125
1 0.63046875 0.121875 0.02578125 0.04453125
1 0.67890625 0.09921875 0.01484375 0.021875
1 0.65390625 0.1046875 0.0125 0.034375
1 0.6625 0.084375 0.0125 0.0421875
1 0.71640625 0.08125 0.01171875 0.078125
