1 0.65859375 0.925 0.0734375 0.1
1 0.56640625 0.9 0.0578125 0.13203125
1 0.59375 0.80390625 0.046875 0.0875
0 0.49084462812499996 0.6300632562499999 0.542975725 0.701262671875 0.5857400515625 0.6902777796875 0.5835827015625 0.58837051875 0.522395965625 0.5354888078125 0.48895695000000006 0.5482093531250001 0.49084462812499996 0.6300632562499999
1 0.51328125 0.821875 0.04921875 0.0921875
1 0.5421875 0.74609375 0.028125 0.065625
1 0.50390625 0.69375 0.04609375 0.05859375
1 0.459375 0.6265625 0.0359375 0.071875
1 0.4109375 0.615625 0.03203125 0.06796875
1 0.38125 0.678125 0.0375 0.07265625
1 0.421875 0.7734375 0.0453125 0.08828125
1 0.3953125 0.94765625 0.065625 0.1046875
1 0.3390625 0.74296875 0.0390625 0.07265625
1 0.29765625 0.82890625 0.0375 0.096875
1 0.26484375 0.71171875 0.03515625 0.09375
1 0.253125 0.6375 0.02578125 0.046875
1 0.2984375 0.60078125 0.0296875 0.05703125
1 0.36015625 0.53203125 0.02734375 0.04921875
1 0.33515625 0.590625 0.03125 0.03671875
0 0.521875 0.49921875 0.084375 0.053125
1 0.83671875 0.6703125 0.0609375 0.0765625
1 0.6765625 0.590625 0.06015625 0.0734375
1 0.596875 0.53515625 0.034375 0.0546875
1 0.60078125 0.4796875 0.0296875 0.03671875
0 0.43671875 0.45625 0.0578125 0.1015625
0 0.38125 0.421875 0.04921875 0.08828125
1 0.4921875 0.44140625 0.02265625 0.03046875
1 0.5484375 0.4515625 0.02734375 0.0328125
1 0.28671875 0.4953125 0.025 0.0296875
1 0.25 0.49609375 0.02421875 0.03203125
1 0.27421875 0.4671875 0.0203125 0.034375
2 0.31640625 0.4765625 0.0109375 0.02734375
1 0.2578125 0.4421875 0.01953125 0.0296875
1 0.23125 0.4515625 0.01796875 0.0296875
1 0.209375 0.4703125 0.01875 0.040625
1 0.2234375 0.425 0.01875 0.02890625
1 0.25234375 0.42109375 0.01640625 0.0203125
0 0.34765625 0.38984375 0.03125 0.06015625
0 0.325 0.36875 0.01640625 0.0625
0 0.30859375 0.35234375 0.01328125 0.046875
1 0.4921875 0.41484375 0.02421875 0.02109375
1 0.43515625 0.39375 0.021875 0.0171875
1 0.24765625 0.37265625 0.015625 0.034375
0 0.2953125 0.3375 0.01328125 0.0484375
