0 0.328125 0.53125 0.04765625 0.08515625
3 0.39921875 0.4484375 0.03125 0.07109375
0 0.45546875 0.38828125 0.02265625 0.0484375
1 0.32421875 0.59765625 0.02421875 0.0453125
1 0.3546875 0.5984375 0.0265625 0.05078125
1 0.38828125 0.59296875 0.0265625 0.0484375
1 0.409375 0.6171875 0.028125 0.040625
1 0.45390625 0.68046875 0.02734375 0.05703125
1 0.471875 0.7328125 0.0359375 0.05703125
1 0.53984375 0.78125 0.0609375 0.06171875
1 0.5328125 0.740625 0.05 0.04453125
1 0.51796875 0.70625 0.0296875 0.046875
1 0.5375 0.61875 0.028125 0.0421875
0 0.5703125 0.40859375 0.01953125 0.0578125
0 0.60546875 0.45078125 0.0203125 0.05625
0 0.7203125 0.8015625 0.17578125 0.14921875
