0 0.68984375 0.79765625 0.1734375 0.1609375
0 0.5421875 0.71640625 0.0953125 0.14765625
0 0.32578125 0.52890625 0.05390625 0.0875
3 0.4 0.44921875 0.03046875 0.07578125
0 0.45546875 0.3859375 0.0265625 0.053125
0 0.60546875 0.45078125 0.021875 0.06015625
1 0.32421875 0.59921875 0.025 0.0453125
1 0.35390625 0.59921875 0.02578125 0.05
1 0.390625 0.58984375 0.028125 0.05703125
1 0.4109375 0.61953125 0.03125 0.04609375
1 0.484375 0.634375 0.02578125 0.05234375
1 0.5234375 0.6015625 0.0265625 0.04296875
1 0.528125 0.55234375 0.02578125 0.0375
1 0.51796875 0.496875 0.02109375 0.03359375
1 0.8125 0.81171875 0.0765625 0.08203125
