0 0.59609375 0.715625 0.1640625 0.3375
0 0.46328125 0.45625 0.06484375 0.16875
0 0.48203125 0.334375 0.0421875 0.09765625
0 0.4171875 0.20859375 0.02578125 0.0578125
0 0.22578125 0.5109375 0.0625 0.16640625
1 0.4046875 0.7171875 0.05 0.12421875
1 0.52265625 0.84140625 0.08515625 0.1546875
1 0.28359375 0.903125 0.06875 0.1734375
1 0.20546875 0.71328125 0.05625 0.1390625
1 0.27890625 0.703125 0.0484375 0.13125
1 0.33671875 0.61328125 0.040625 0.096875
1 0.384375 0.57265625 0.0375 0.09921875
1 0.43984375 0.5953125 0.0484375 0.096875
1 0.4234375 0.48671875 0.03671875 0.07421875
1 0.39921875 0.41640625 0.03046875 0.0640625
1 0.32890625 0.453125 0.034375 0.065625
1 0.2859375 0.5078125 0.03984375 0.0734375
3 0.38984375 0.35625 0.02890625 0.05390625
3 0.2875 0.43125 0.02890625 0.07734375
3 0.20546875 0.41171875 0.0375 0.08203125
1 0.25546875 0.41015625 0.03203125 0.05703125
1 0.36171875 0.38515625 0.02734375 0.06015625
1 0.3265625 0.37890625 0.02421875 0.05
1 0.334375 0.31953125 0.02578125 0.04375
2 0.13984375 0.8984375 0.03125 0.1375
