1 0.27578125 0.471875 0.03125 0.06640625
1 0.334375 0.56328125 0.0328125 0.078125
1 0.3875 0.77109375 0.046875 0.1203125
1 0.2125 0.05859375 0.015625 0.03046875
1 0.18984375 0.0921875 0.01171875 0.02734375
1 0.215625 0.1140625 0.015625 0.034375
1 0.1984375 0.1390625 0.015625 0.03125
1 0.22265625 0.15234375 0.01640625 0.034375
1 0.25703125 0.17265625 0.01796875 0.0359375
1 0.3078125 0.31640625 0.02734375 0.05078125
1 0.25625 0.03203125 0.01328125 0.01953125
1 0.2796875 0.0734375 0.015625 0.02109375
1 0.27421875 0.09375 0.0140625 0.02578125
1 0.28828125 0.1140625 0.015625 0.034375
1 0.315625 0.090625 0.021875 0.0421875
0 0.3125 0.13984375 0.03515625 0.07421875
3 0.18515625 0.03671875 0.02109375 0.05078125
0 0.21328125 0.28984375 0.0296875 0.0875
1 0.3484375 0.2234375 0.0265625 0.03828125
1 0.375 0.26796875 0.02734375 0.04296875
1 0.36953125 0.16484375 0.01875 0.03671875
0 0.41484375 0.16640625 0.040625 0.0796875
3 0.40546875 0.246875 0.040625 0.08984375
1 0.42734375 0.35625 0.0328125 0.05546875
1 0.39296875 0.37578125 0.03046875 0.05859375
1 0.490625 0.4015625 0.04140625 0.06796875
1 0.51015625 0.30234375 0.028125 0.0484375
0 0.5796875 0.36953125 0.07578125 0.12734375
0 0.6390625 0.44765625 0.08359375 0.153125
1 0.56171875 0.74609375 0.0546875 0.10390625
1 0.62734375 0.75234375 0.059375 0.10234375
1 0.61796875 0.88203125 0.06328125 0.11953125
1 0.66875 0.95390625 0.06796875 0.0921875
1 0.84296875 0.73359375 0.046875 0.09375
1 0.8453125 0.96328125 0.0421875 0.07265625
