1 0.21640625 0.83671875 0.04765625 0.109375
1 0.27265625 0.853125 0.0359375 0.084375
1 0.31796875 0.84140625 0.025 0.084375
3 0.215625 0.73203125 0.06796875 0.09609375
1 0.30078125 0.6703125 0.0296875 0.05703125
1 0.378125 0.64765625 0.02578125 0.06953125
1 0.3234375 0.51015625 0.01953125 0.06015625
1 0.371875 0.4859375 0.02890625 0.04375
1 0.34296875 0.45859375 0.02578125 0.05
1 0.31875 0.4609375 0.01875 0.040625
1 0.31171875 0.421875 0.01953125 0.02734375
1 0.328125 0.38984375 0.01875 0.040625
1 0.34296875 0.35234375 0.01328125 0.0296875
1 0.321875 0.353125 0.0140625 0.028125
1 0.30703125 0.35625 0.01875 0.02890625
1 0.5140625 0.7875 0.0390625 0.08203125
1 0.6015625 0.9625 0.03359375 0.07421875
1 0.53515625 0.709375 0.03203125 0.075
3 0.5203125 0.659375 0.03203125 0.07578125
1 0.56171875 0.67578125 0.0328125 0.053125
1 0.55546875 0.60234375 0.0328125 0.05625
1 0.59921875 0.61171875 0.03046875 0.053125
3 0.65390625 0.6890625 0.04765625 0.10390625
1 0.50625 0.55546875 0.02890625 0.05625
1 0.5296875 0.51953125 0.02265625 0.05390625
1 0.5671875 0.52109375 0.01953125 0.05625
1 0.49296875 0.48515625 0.01796875 0.04296875
1 0.53671875 0.4578125 0.02421875 0.0515625
1 0.478125 0.45234375 0.0234375 0.04609375
3 0.50078125 0.42578125 0.02265625 0.0515625
1 0.51875 0.41484375 0.0203125 0.04140625
3 0.484375 0.39921875 0.0203125 0.0296875
1 0.44765625 0.3703125 0.01796875 0.0359375
1 0.23203125 0.6125 0.071875 0.03984375
0 0.39453125 0.35625 0.03046875 0.04921875
0 0.36875 0.3140625 0.0140625 0.0546875
1 0.309375 0.32890625 0.02421875 0.0296875
1 0.33828125 0.33125 0.01328125 0.02734375
1 0.33515625 0.3078125 0.01015625 0.02578125
1 0.32265625 0.31171875 0.015625 0.02421875
1 0.30859375 0.30703125 0.0109375 0.02109375
