2 0.3734375 0.78046875 0.075 0.15546875
2 0.465625 0.70234375 0.021875 0.12109375
1 0.19921875 0.71015625 0.04921875 0.18671875
1 0.28359375 0.709375 0.04609375 0.12734375
1 0.3421875 0.6609375 0.05390625 0.11796875
1 0.39765625 0.646875 0.0546875 0.1515625
1 0.45625 0.625 0.040625 0.1078125
0 0.5296875 0.596875 0.09765625 0.24921875
0 0.47265625 0.45625 0.06953125 0.13515625
0 0.4453125 0.37109375 0.053125 0.13203125
1 0.4171875 0.32890625 0.046875 0.1125
1 0.27734375 0.61875 0.04296875 0.08046875
1 0.33046875 0.5796875 0.02734375 0.109375
1 0.3859375 0.553125 0.03828125 0.0859375
1 0.43125 0.546875 0.03515625 0.09296875
0 0.20703125 0.553125 0.07421875 0.19609375
1 0.284375 0.559375 0.034375 0.08359375
1 0.32265625 0.51640625 0.03671875 0.0875
1 0.3734375 0.4875 0.03203125 0.084375
1 0.41484375 0.48125 0.0265625 0.075
1 0.28515625 0.4984375 0.03046875 0.065625
1 0.3375 0.45625 0.04296875 0.0515625
1 0.3703125 0.4375 0.03125 0.06796875
1 0.2828125 0.46171875 0.028125 0.04765625
1 0.28828125 0.41171875 0.025 0.0609375
1 0.3265625 0.3953125 0.02890625 0.04921875
1 0.39140625 0.4125 0.02578125 0.053125
1 0.3859375 0.3796875 0.0265625 0.0359375
1 0.38203125 0.34609375 0.034375 0.0421875
1 0.32890625 0.36171875 0.0234375 0.0296875
1 0.33203125 0.3375 0.03203125 0.04140625
1 0.29296875 0.3875 0.03515625 0.03828125
3 0.2921875 0.35546875 0.0265625 0.05859375
1 0.30078125 0.32890625 0.02734375 0.04140625
1 0.2953125 0.27890625 0.02109375 0.03515625
1 0.23515625 0.48671875 0.0453125 0.078125
1 0.253125 0.45 0.02890625 0.05390625
0 0.2546875 0.390625 0.034375 0.1265625
1 0.26640625 0.334375 0.02421875 0.04296875
1 0.26796875 0.30625 0.03125 0.03125
3 0.27421875 0.28359375 0.03359375 0.0359375
1 0.26953125 0.2359375 0.02265625 0.02578125
1 0.28125 0.21640625 0.01640625 0.034375
1 0.296875 0.20703125 0.02265625 0.02890625
1 0.2734375 0.19921875 0.01796875 0.0296875
1 0.315625 0.1890625 0.01796875 0.02890625
1 0.42578125 0.2578125 0.0265625 0.0375
1 0.67734375 0.540625 0.071875 0.0953125
1 0.1734375 0.45 0.0640625 0.0625
