1 0.36640625 0.9421875 0.0640625 0.115625
1 0.30390625 0.42265625 0.0359375 0.0796875
1 0.41171875 0.6328125 0.0484375 0.10234375
1 0.56171875 0.74609375 0.05703125 0.1140625
1 0.6203125 0.8859375 0.06171875 0.10859375
1 0.66640625 0.9453125 0.0796875 0.109375
1 0.6203125 0.6265625 0.06328125 0.11171875
1 0.53671875 0.5703125 0.05234375 0.09296875
0 0.5796875 0.3703125 0.0890625 0.15
0 0.6390625 0.44765625 0.10625 0.16953125
1 0.8390625 0.73515625 0.05859375 0.11796875
1 0.44921875 0.40625 0.040625 0.08203125
1 0.36015625 0.309375 0.0359375 0.06171875
1 0.41015625 0.33046875 0.0421875 0.0609375
1 0.27421875 0.31796875 0.02578125 0.06015625
1 0.5109375 0.303125 0.03203125 0.0515625
3 0.42734375 0.24609375 0.02734375 0.05234375
0 0.35703125 0.209375 0.05546875 0.1171875
0 0.4140625 0.16328125 0.04453125 0.09296875
