1 0.7 0.7109375 0.04453125 0.0734375
1 0.7375 0.6 0.03671875 0.06484375
1 0.7890625 0.6046875 0.05078125 0.071875
1 0.7515625 0.553125 0.03984375 0.0484375
1 0.7265625 0.51640625 0.03984375 0.04609375
1 0.69375 0.4703125 0.034375 0.0421875
1 0.659375 0.7203125 0.046875 0.0828125
1 0.6109375 0.71796875 0.0453125 0.0765625
1 0.559375 0.7296875 0.04375 0.08046875
1 0.5078125 0.71640625 0.04765625 0.08359375
1 0.6203125 0.4421875 0.025 0.03515625
1 0.61953125 0.39609375 0.02265625 0.03359375
1 0.46328125 0.4515625 0.0234375 0.040625
1 0.47734375 0.528125 0.03046875 0.05859375
1 0.48984375 0.5953125 0.03203125 0.05390625
1 0.49453125 0.6546875 0.03828125 0.0578125
1 0.546875 0.646875 0.03671875 0.065625
1 0.58984375 0.6484375 0.0375 0.06796875
1 0.63046875 0.6515625 0.03984375 0.06328125
1 0.765625 0.41953125 0.03671875 0.034375
1 0.7328125 0.3921875 0.0328125 0.03125
1 0.70234375 0.37109375 0.03046875 0.02890625
1 0.53046875 0.59453125 0.03515625 0.05546875
1 0.65625 0.61015625 0.0390625 0.05859375
1 0.5046875 0.38046875 0.02109375 0.03125
1 0.50078125 0.45703125 0.0265625 0.053125
1 0.521875 0.540625 0.03046875 0.04921875
1 0.1375 0.28984375 0.06015625 0.03984375
1 0.2203125 0.265625 0.04921875 0.0328125
2 0.51796875 0.50078125 0.0171875 0.03515625
3 0.5875 0.51015625 0.04609375 0.103125
0 0.31015625 0.59453125 0.1 0.16796875
0 0.05703125 0.83046875 0.1140625 0.203125
