1 0.18515625 0.85 0.05625 0.1140625
1 0.24140625 0.98125 0.05078125 0.03671875
1 0.27890625 0.70625 0.0296875 0.06484375
3 0.2140625 0.72421875 0.053125 0.06640625
1 0.36796875 0.67890625 0.028125 0.0734375
1 0.35234375 0.56328125 0.02109375 0.03828125
1 0.3484375 0.51171875 0.01796875 0.0359375
1 0.3203125 0.49140625 0.0109375 0.0390625
1 0.3671875 0.46015625 0.01875 0.03828125
1 0.3546875 0.41171875 0.0109375 0.02109375
1 0.315625 0.41328125 0.01171875 0.02421875
0 0.46953125 0.6453125 0.03671875 0.14140625
1 0.47421875 0.96796875 0.04453125 0.0640625
1 0.49453125 0.8453125 0.03515625 0.06640625
3 0.56640625 0.690625 0.028125 0.07421875
3 0.5515625 0.60078125 0.025 0.0625
1 0.50625 0.546875 0.01875 0.0515625
1 0.5 0.49453125 0.01484375 0.040625
3 0.534375 0.52265625 0.02265625 0.04765625
1 0.559375 0.50078125 0.01953125 0.034375
1 0.571875 0.55 0.02265625 0.03828125
1 0.64375 0.53984375 0.0484375 0.04609375
1 0.53359375 0.4546875 0.0171875 0.0265625
1 0.51015625 0.45546875 0.01484375 0.02421875
1 0.521875 0.4265625 0.01640625 0.02265625
3 0.4828125 0.45 0.015625 0.03828125
1 0.4921875 0.41015625 0.0140625 0.02421875
1 0.465625 0.4078125 0.015625 0.028125
3 0.4 0.33984375 0.01796875 0.04921875
1 0.47421875 0.38125 0.01484375 0.0234375
