0 0.60078125 0.75390625 0.15859375 0.16484375
0 0.79140625 0.8109375 0.1828125 0.16484375
0 0.32578125 0.5359375 0.0796875 0.1015625
3 0.39765625 0.440625 0.0375 0.08984375
0 0.46015625 0.3921875 0.04140625 0.05859375
3 0.42421875 0.3984375 0.0296875 0.0421875
1 0.325 0.60546875 0.02734375 0.06171875
1 0.35546875 0.60234375 0.028125 0.05078125
1 0.3890625 0.59140625 0.02578125 0.0515625
1 0.40859375 0.61640625 0.025 0.04609375
1 0.47734375 0.7 0.03359375 0.05703125
1 0.5046875 0.66640625 0.0171875 0.04765625
1 0.4875 0.621875 0.02109375 0.0546875
1 0.534375 0.58359375 0.0203125 0.046875
1 0.49609375 0.56484375 0.02578125 0.046875
