1 0.36953125 0.6609375 0.0375 0.08828125
1 0.29609375 0.61171875 0.034375 0.09453125
1 0.51640625 0.68125 0.03671875 0.09140625
1 0.51640625 0.5984375 0.0359375 0.06953125
1 0.3234375 0.5375 0.02265625 0.0453125
1 0.3734375 0.50234375 0.025 0.0703125
1 0.60390625 0.6625 0.03515625 0.075
1 0.5875 0.57890625 0.0265625 0.06484375
1 0.53203125 0.5171875 0.025 0.05390625
1 0.24609375 0.89453125 0.06328125 0.11796875
1 0.32109375 0.82890625 0.04765625 0.10546875
1 0.51484375 0.4578125 0.021875 0.03671875
1 0.48828125 0.46875 0.021875 0.0359375
1 0.4765625 0.425 0.0171875 0.0390625
1 0.49765625 0.42265625 0.01875 0.03359375
1 0.54765625 0.475 0.02578125 0.0375
1 0.56015625 0.50625 0.02265625 0.0421875
1 0.6609375 0.54375 0.05390625 0.05546875
1 0.3421875 0.46953125 0.01953125 0.03828125
1 0.33671875 0.43359375 0.01640625 0.03671875
1 0.34921875 0.39375 0.01796875 0.034375
1 0.340625 0.35859375 0.01484375 0.028125
1 0.3078125 0.36953125 0.01484375 0.0296875
3 0.56328125 0.778125 0.03203125 0.10078125
3 0.5609375 0.62578125 0.03046875 0.07890625
3 0.50234375 0.5234375 0.02109375 0.05078125
3 0.54921875 0.93515625 0.0453125 0.1296875
3 0.209375 0.84453125 0.05625 0.1125
3 0.215625 0.72109375 0.065625 0.12421875
2 0.2953125 0.68125 0.01328125 0.06953125
