1 0.18984375 0.96640625 0.0484375 0.0671875
1 0.29765625 0.8765625 0.04453125 0.0921875
3 0.275 0.71171875 0.0375 0.084375
3 0.21484375 0.721875 0.06015625 0.09921875
1 0.3234375 0.71796875 0.03359375 0.06796875
1 0.3671875 0.68984375 0.0296875 0.065625
1 0.29765625 0.55 0.0234375 0.06484375
1 0.378125 0.565625 0.02421875 0.0546875
2 0.32109375 0.58984375 0.0125 0.04921875
1 0.32109375 0.48671875 0.01796875 0.03671875
1 0.36171875 0.45390625 0.01796875 0.0421875
1 0.33671875 0.434375 0.01484375 0.03203125
1 0.33125 0.40546875 0.01328125 0.02734375
1 0.31015625 0.384375 0.0140625 0.028125
1 0.34296875 0.365625 0.0125 0.0296875
0 0.40078125 0.3421875 0.02109375 0.05390625
0 0.3640625 0.3046875 0.015625 0.0390625
1 0.4859375 0.45859375 0.0203125 0.04140625
3 0.54765625 0.92890625 0.04140625 0.121875
3 0.56640625 0.70390625 0.02890625 0.07734375
3 0.49375 0.37109375 0.01796875 0.04296875
3 0.4421875 0.3078125 0.0109375 0.028125
3 0.51171875 0.56796875 0.0203125 0.05546875
1 0.59921875 0.64375 0.028125 0.06171875
1 0.58984375 0.58984375 0.021875 0.0421875
1 0.5734375 0.5453125 0.02421875 0.04375
1 0.54453125 0.559375 0.02421875 0.04609375
1 0.5609375 0.50390625 0.02265625 0.0421875
1 0.52109375 0.678125 0.028125 0.0640625
1 0.50703125 0.78515625 0.0375 0.09453125
1 0.525 0.48125 0.01875 0.0359375
1 0.49609375 0.5015625 0.0203125 0.0359375
1 0.5078125 0.44765625 0.01953125 0.03203125
1 0.4734375 0.42265625 0.0171875 0.02578125
3 0.47421875 0.38046875 0.01796875 0.0328125
1 0.44921875 0.3734375 0.01484375 0.0265625
1 0.30546875 0.3515625 0.0140625 0.02578125
1 0.3375 0.3375 0.01171875 0.02109375
1 0.3078125 0.33203125 0.0125 0.0171875
