1 0.55234375 0.9203125 0.03984375 0.09375
1 0.503125 0.82421875 0.034375 0.06875
1 0.51171875 0.7296875 0.0265625 0.0546875
1 0.3203125 0.8171875 0.04765625 0.0765625
1 0.21796875 0.8359375 0.0421875 0.06171875
1 0.34375 0.63359375 0.025 0.04921875
1 0.3515625 0.5625 0.01875 0.040625
1 0.3203125 0.546875 0.021875 0.04765625
1 0.378125 0.5078125 0.01953125 0.04765625
1 0.3625 0.43984375 0.01875 0.03203125
1 0.31640625 0.4484375 0.01796875 0.02890625
3 0.21484375 0.71953125 0.05390625 0.08203125
0 0.465625 0.5484375 0.03984375 0.10390625
3 0.55859375 0.6171875 0.025 0.065625
1 0.540625 0.54375 0.021875 0.05078125
1 0.49765625 0.50234375 0.01796875 0.03671875
1 0.61796875 0.5375 0.0515625 0.05078125
1 0.56171875 0.5140625 0.01953125 0.0265625
3 0.52421875 0.4859375 0.01640625 0.0515625
1 0.4890625 0.46171875 0.02265625 0.028125
1 0.54765625 0.47578125 0.02109375 0.0359375
1 0.52578125 0.43359375 0.015625 0.021875
1 0.4984375 0.428125 0.01328125 0.02109375
1 0.34609375 0.38359375 0.01328125 0.02265625
1 0.33046875 0.4015625 0.01328125 0.02265625
1 0.3109375 0.40078125 0.0125 0.021875
0 0.39765625 0.3375 0.01796875 0.04296875
1 0.30703125 0.36171875 0.00859375 0.02109375
1 0.32421875 0.34609375 0.0078125 0.02421875
1 0.33828125 0.3359375 0.0109375 0.01796875
1 0.51171875 0.4125 0.01640625 0.02265625
1 0.47265625 0.4234375 0.01328125 0.0328125
1 0.48359375 0.39375 0.01328125 0.01796875
1 0.45703125 0.3859375 0.01328125 0.021875
1 0.4640625 0.3625 0.01171875 0.01796875
