0 0.52109375 0.60078125 0.0953125 0.2515625
0 0.46328125 0.4546875 0.05390625 0.1390625
0 0.4390625 0.37890625 0.04140625 0.0984375
0 0.415625 0.3390625 0.02890625 0.0890625
0 0.20390625 0.54921875 0.06796875 0.17890625
1 0.196875 0.69453125 0.04921875 0.12421875
1 0.33984375 0.6625 0.04296875 0.1
1 0.396875 0.63359375 0.0453125 0.125
1 0.4515625 0.625 0.03828125 0.1
1 0.43203125 0.54296875 0.04140625 0.06328125
1 0.28046875 0.70703125 0.04296875 0.11015625
1 0.27734375 0.61796875 0.0296875 0.078125
1 0.3328125 0.56640625 0.02734375 0.07109375
1 0.37890625 0.5421875 0.03359375 0.06640625
1 0.2828125 0.54921875 0.028125 0.0515625
1 0.33046875 0.4984375 0.02890625 0.05234375
1 0.37265625 0.4828125 0.03046875 0.053125
1 0.415625 0.48671875 0.02734375 0.0578125
1 0.4078125 0.44765625 0.02421875 0.040625
1 0.3921875 0.4125 0.02890625 0.03671875
1 0.284375 0.4921875 0.02421875 0.05546875
1 0.28828125 0.45078125 0.0234375 0.034375
1 0.33203125 0.44609375 0.02734375 0.04375
1 0.36640625 0.43671875 0.021875 0.04296875
1 0.35859375 0.37578125 0.0234375 0.05
1 0.3859375 0.35234375 0.01796875 0.03046875
1 0.3890625 0.37734375 0.021875 0.0265625
1 0.44921875 0.27265625 0.015625 0.02578125
1 0.3296875 0.3953125 0.0234375 0.0375
1 0.325 0.359375 0.0203125 0.034375
1 0.2875 0.41015625 0.01875 0.0421875
1 0.29375 0.38828125 0.01953125 0.0375
3 0.2921875 0.353125 0.0203125 0.0390625
1 0.2453125 0.49375 0.01328125 0.05703125
1 0.25 0.44375 0.02734375 0.05078125
1 0.25234375 0.38671875 0.0375 0.09296875
1 0.296875 0.33046875 0.021875 0.03671875
1 0.2953125 0.30546875 0.0171875 0.01875
1 0.29375 0.271875 0.0171875 0.0296875
1 0.2609375 0.33515625 0.0171875 0.01640625
1 0.26796875 0.325 0.0171875 0.03125
3 0.271875 0.29609375 0.01875 0.04609375
1 0.32265625 0.25078125 0.01328125 0.0296875
1 0.2546875 0.259375 0.02890625 0.028125
3 0.26640625 0.23203125 0.0140625 0.03671875
2 0.31640625 0.80546875 0.0453125 0.11640625
2 0.61015625 0.9625 0.0421875 0.075
3 0.50078125 0.28125 0.02734375 0.05
