0 0.5085839812499999 0.567632728125 0.5049456234374999 0.4601614890625 0.463297803125 0.45830856718749996 0.39405247499999996 0.5602208937500001 0.39405247499999996 0.6417507859375 0.44872112968750005 0.6528686078125 0.5085839812499999 0.567632728125
0 0.56328125 0.375 0.04453125 0.096875
1 0.42421875 0.47890625 0.03984375 0.05078125
1 0.46953125 0.43828125 0.03125 0.046875
1 0.52890625 0.37890625 0.025 0.03671875
1 0.6171875 0.55859375 0.0421875 0.06171875
1 0.69140625 0.3359375 0.01796875 0.034375
0 0.6296875 0.27578125 0.025 0.04140625
1 0.53125 0.78828125 0.071875 0.14453125
1 0.6203125 0.85390625 0.0640625 0.134375
