1 0.63515625 0.3875 0.08359375 0.1390625
1 0.40390625 0.6546875 0.08046875 0.17890625
1 0.58046875 0.8828125 0.075 0.21796875
1 0.63203125 0.74140625 0.08828125 0.18984375
1 0.840625 0.61875 0.06015625 0.125
1 0.8390625 0.4796875 0.0625 0.10625
1 0.46171875 0.35859375 0.0515625 0.11484375
1 0.409375 0.42890625 0.05078125 0.153125
1 0.27578125 0.25078125 0.05078125 0.09765625
1 0.3359375 0.10703125 0.04375 0.08828125
1 0.37421875 0.0515625 0.046875 0.07421875
1 0.21796875 0.1046875 0.03828125 0.1015625
3 0.5140625 0.08984375 0.071875 0.1234375
