0 0.7370242578124999 0.748601503125 0.7351953984375 0.63357754375 0.6510687765625 0.5635629546875001 0.6045323625 0.5757933515625 0.60656695625 0.6835879765625 0.6845975328125 0.758603628125 0.7370242578124999 0.748601503125
0 0.6108342328125 0.7173450296875 0.6090053734375 0.6260759499999999 0.5419478625 0.548559815625 0.50598064375 0.5635629546875001 0.50598064375 0.6498310203125001 0.564503553125 0.729847590625 0.6108342328125 0.7173450296875
0 0.484375 0.4953125 0.07265625 0.1171875
0 0.3734375 0.46015625 0.05390625 0.096875
0 0.403125 0.4296875 0.053125 0.0828125
0 0.353125 0.3859375 0.034375 0.05234375
1 0.32890625 0.365625 0.0265625 0.0609375
1 0.7578125 0.61328125 0.05390625 0.07265625
1 0.81875 0.615625 0.053125 0.0734375
1 0.690625 0.55 0.04375 0.04921875
1 0.62265625 0.5421875 0.0453125 0.0484375
1 0.56875 0.5046875 0.0375 0.03984375
1 0.60078125 0.4921875 0.02578125 0.05078125
1 0.52421875 0.46484375 0.0265625 0.053125
1 0.4640625 0.41015625 0.02109375 0.03828125
1 0.7071663796875 0.948219975 0.6590068390625 0.85820123125 0.61328585625 0.881956159375 0.6138954609375 0.93446721875 0.6608357 0.9907289578125 0.7083855890625 0.9894786203124999 0.7071663796875 0.948219975
1 0.565625 0.91484375 0.06875 0.11875
1 0.59296875 0.81015625 0.07109375 0.09921875
1 0.5140625 0.8171875 0.05703125 0.08515625
1 0.53828125 0.74609375 0.04453125 0.059375
1 0.5015625 0.68203125 0.04140625 0.075
1 0.4625 0.625 0.04296875 0.0734375
1 0.38125 0.8796875 0.075 0.1234375
1 0.30234375 0.9140625 0.0453125 0.1203125
1 0.39765625 0.7203125 0.04453125 0.0734375
1 0.34375 0.6015625 0.03671875 0.05390625
1 0.33359375 0.74765625 0.04375 0.090625
1 0.28828125 0.80546875 0.046875 0.09296875
1 0.275 0.71171875 0.03125 0.07109375
1 0.253125 0.64765625 0.03203125 0.07109375
1 0.2875 0.5875 0.03359375 0.07109375
1 0.25390625 0.49609375 0.021875 0.03671875
1 0.29140625 0.4953125 0.0203125 0.02734375
1 0.28828125 0.42890625 0.0203125 0.034375
1 0.27265625 0.47265625 0.01953125 0.03828125
1 0.2421875 0.58671875 0.0265625 0.04765625
1 0.425 0.978125 0.05390625 0.040625
