0 0.640625 0.44921875 0.08203125 0.14765625
0 0.57890625 0.37421875 0.0765625 0.134375
1 0.4859375 0.45625 0.0421875 0.08125
1 0.43125 0.4515625 0.0375 0.06796875
1 0.36875 0.50546875 0.04140625 0.07578125
1 0.56171875 0.7453125 0.05546875 0.11796875
1 0.621875 0.578125 0.053125 0.07734375
1 0.84296875 0.73515625 0.04609375 0.08671875
1 0.76015625 0.90078125 0.07890625 0.1359375
1 0.3390625 0.78515625 0.046875 0.10859375
1 0.309375 0.44765625 0.03984375 0.071875
1 0.303125 0.353125 0.02734375 0.0640625
1 0.29453125 0.28203125 0.0296875 0.0515625
1 0.36484375 0.24453125 0.028125 0.0609375
1 0.4125 0.2765625 0.0296875 0.0625
0 0.41328125 0.16953125 0.04375 0.08515625
