1 0.23125 0.934375 0.04921875 0.09375
1 0.27890625 0.953125 0.0484375 0.08359375
1 0.27578125 0.81015625 0.0375 0.0859375
1 0.3296875 0.784375 0.0359375 0.084375
1 0.35 0.7046875 0.0328125 0.0671875
1 0.37578125 0.6171875 0.02734375 0.0578125
1 0.375 0.5375 0.0203125 0.04140625
1 0.38984375 0.4890625 0.01875 0.03828125
3 0.34453125 0.621875 0.028125 0.05859375
3 0.3921875 0.54765625 0.0234375 0.0734375
3 0.41953125 0.4671875 0.01953125 0.0609375
3 0.4078125 0.44140625 0.01953125 0.0453125
1 0.4359375 0.43203125 0.0125 0.0234375
1 0.44140625 0.4125 0.01484375 0.028125
1 0.4390625 0.38203125 0.0109375 0.01875
1 0.4546875 0.38671875 0.01171875 0.02265625
1 0.45859375 0.36875 0.01171875 0.021875
1 0.44453125 0.36796875 0.00859375 0.0171875
3 0.4296875 0.40234375 0.01640625 0.0359375
0 0.4375 0.3484375 0.0125 0.03671875
1 0.45078125 0.34609375 0.00859375 0.01953125
2 0.39453125 0.465625 0.0078125 0.02890625
