1 0.13203125 0.69765625 0.109375 0.1671875
1 0.2015625 0.48203125 0.0921875 0.12109375
1 0.4609375 0.3359375 0.05078125 0.078125
1 0.5078125 0.2609375 0.02890625 0.0578125
1 0.55390625 0.20546875 0.03125 0.05390625
1 0.59921875 0.21796875 0.0234375 0.046875
1 0.60546875 0.1546875 0.01875 0.03359375
1 0.63046875 0.12734375 0.01640625 0.0328125
1 0.65546875 0.0921875 0.0171875 0.0265625
0 0.72890625 0.05625 0.021875 0.0578125
0 0.653125 0.20078125 0.04375 0.1
0 0.2739032765625 1 0.40139013281249997 0.7534518 0.2880430890625 0.6511615515625 0.06461244375 1 0.2739032765625 1
