1 0.1640625 0.4421875 0.109375 0.11328125
2 0.296875 0.46015625 0.04609375 0.13671875
2 0.4234375 0.45234375 0.03828125 0.15859375
1 0.51015625 0.6765625 0.3015625 0.24296875
1 0.36171875 0.43046875 0.08046875 0.14765625
0 0.71015625 0.36171875 0.11484375 0.2734375
0 0.69609375 0.20625 0.0734375 0.1296875
0 0.7 0.14609375 0.0546875 0.07890625
1 0.46484375 0.4125 0.06953125 0.11640625
1 0.3984375 0.3640625 0.06484375 0.03671875
1 0.4828125 0.36328125 0.06875 0.06796875
1 0.4296875 0.33359375 0.04609375 0.0640625
1 0.503125 0.32734375 0.06640625 0.0828125
1 0.4453125 0.29921875 0.0546875 0.065625
1 0.53046875 0.315625 0.05234375 0.07421875
1 0.5421875 0.29453125 0.03984375 0.0828125
1 0.56171875 0.27109375 0.046875 0.05546875
1 0.57890625 0.246875 0.0578125 0.0625
1 0.48828125 0.2625 0.0421875 0.05
1 0.31640625 0.9609375 0.3609375 0.078125
1 0.9046875 0.171875 0.0328125 0.0609375
1 0.8796875 0.16328125 0.03125 0.059375
