1 0.29765625 0.57578125 0.0421875 0.08984375
1 0.346875 0.59140625 0.0390625 0.0703125
1 0.2703125 0.409375 0.03046875 0.071875
1 0.3109375 0.440625 0.0328125 0.0859375
1 0.33359375 0.39765625 0.04453125 0.06796875
1 0.4828125 0.55625 0.0609375 0.0921875
1 0.5625 0.7421875 0.06796875 0.10859375
1 0.61875 0.88828125 0.06171875 0.13515625
1 0.665625 0.9546875 0.071875 0.090625
1 0.815625 0.69765625 0.0703125 0.09765625
1 0.546875 0.50234375 0.0515625 0.06328125
1 0.40234375 0.31953125 0.0375 0.0875
1 0.446875 0.32265625 0.0546875 0.0703125
1 0.5109375 0.3109375 0.03125 0.06484375
1 0.36875 0.17578125 0.0234375 0.05
1 0.30078125 0.22578125 0.028125 0.05703125
1 0.25625 0.17109375 0.0203125 0.05859375
1 0.23359375 0.16875 0.03203125 0.0453125
0 0.57109375 0.36015625 0.075 0.121875
0 0.6421875 0.4484375 0.0765625 0.1640625
0 0.41484375 0.17734375 0.0625 0.0984375
0 0.21171875 0.28203125 0.0390625 0.07734375
1 0.31171875 0.1515625 0.0265625 0.046875
1 0.2765625 0.1015625 0.015625 0.03984375
1 0.3 0.096875 0.01796875 0.059375
1 0.21171875 0.1234375 0.02265625 0.0390625
2 0.2125 0.175 0.0140625 0.0421875
1 0.25390625 0.05703125 0.0109375 0.05
1 0.26953125 0.0515625 0.02265625 0.0421875
1 0.2546875 0.3015625 0.03984375 0.03046875
