1 0.55 0.49765625 0.05078125 0.09609375
1 0.475 0.44609375 0.04453125 0.08125
1 0.37421875 0.3421875 0.03046875 0.059375
1 0.40859375 0.32421875 0.0328125 0.0609375
1 0.3359375 0.559375 0.046875 0.096875
1 0.56171875 0.74375 0.05546875 0.1171875
1 0.51015625 0.30234375 0.03203125 0.05546875
1 0.37578125 0.27265625 0.0296875 0.05078125
1 0.3 0.41640625 0.0359375 0.06484375
1 0.2546875 0.37421875 0.03359375 0.06484375
1 0.28359375 0.25 0.02265625 0.04765625
0 0.33046875 0.1796875 0.0453125 0.09765625
0 0.41484375 0.1671875 0.04140625 0.0921875
1 0.25234375 0.1734375 0.01953125 0.03984375
1 0.48203125 0.8625 0.05859375 0.14453125
1 0.84140625 0.73515625 0.05078125 0.12421875
0 0.57734375 0.36484375 0.08125 0.14921875
0 0.63984375 0.44453125 0.08515625 0.18984375
