1 0.0578125 0.31328125 0.06953125 0.04140625
1 0.184375 0.27578125 0.05546875 0.0328125
3 0.25 0.2515625 0.06328125 0.04375
0 0.19296875 0.71015625 0.1359375 0.20390625
0 0.3484375 0.5484375 0.090625 0.15234375
1 0.50625 0.721875 0.0421875 0.0890625
1 0.81484375 0.63671875 0.06328125 0.084375
1 0.95546875 0.7625 0.0890625 0.11328125
1 0.703125 0.5875 0.05078125 0.0640625
1 0.759375 0.56328125 0.04296875 0.06015625
2 0.51484375 0.50078125 0.0234375 0.03828125
3 0.58515625 0.5125 0.04140625 0.09296875
3 0.6796875 0.4390625 0.0375 0.05078125
1 0.659375 0.72265625 0.05234375 0.09765625
1 0.55859375 0.7296875 0.040625 0.08125
1 0.54765625 0.64921875 0.03828125 0.07578125
1 0.49453125 0.65 0.04140625 0.0734375
1 0.46875 0.4390625 0.02265625 0.05078125
1 0.4421875 0.38984375 0.0265625 0.04140625
