0 0.765625 0.865625 0.19296875 0.26796875
0 0.57734375 0.57734375 0.1 0.15390625
0 0.45703125 0.53125 0.07421875 0.128125
0 0.4546875 0.46328125 0.06953125 0.0921875
0 0.390625 0.4171875 0.0578125 0.0859375
0 0.346875 0.38984375 0.04453125 0.0765625
1 0.70546875 0.6578125 0.05546875 0.08515625
1 0.73984375 0.6296875 0.0578125 0.08828125
1 0.67578125 0.55 0.0421875 0.06953125
1 0.609375 0.50234375 0.04296875 0.04921875
1 0.53671875 0.47421875 0.040625 0.040625
1 0.5046875 0.68984375 0.05390625 0.0796875
1 0.46484375 0.62421875 0.046875 0.084375
1 0.346875 0.60390625 0.03984375 0.0703125
1 0.38046875 0.6640625 0.04375 0.07578125
1 0.3734375 0.55625 0.0359375 0.078125
1 0.25703125 0.67578125 0.0421875 0.09609375
1 0.3125 0.66015625 0.040625 0.0796875
1 0.28515625 0.7546875 0.04765625 0.1125
1 0.275 0.47578125 0.025 0.0515625
1 0.6390625 0.559375 0.03671875 0.06953125
