0 0.67734375 0.78828125 0.16640625 0.1421875
0 0.83359375 0.83046875 0.0625 0.12109375
1 0.784375 0.815625 0.03203125 0.0734375
1 0.51171875 0.76875 0.05 0.06484375
1 0.51796875 0.72109375 0.03984375 0.03671875
1 0.5171875 0.67421875 0.021875 0.04140625
1 0.46875 0.70546875 0.0265625 0.059375
1 0.465625 0.6421875 0.0265625 0.05234375
1 0.5609375 0.575 0.021875 0.0359375
1 0.409375 0.61796875 0.025 0.04375
1 0.3859375 0.59296875 0.02109375 0.0421875
1 0.3546875 0.60234375 0.0265625 0.0359375
1 0.32265625 0.59765625 0.01953125 0.0328125
0 0.32734375 0.53046875 0.0453125 0.07578125
3 0.4 0.45078125 0.028125 0.059375
0 0.45546875 0.39140625 0.02265625 0.04609375
0 0.60546875 0.45078125 0.0171875 0.04921875
0 0.60546875 0.4140625 0.0140625 0.01796875
0 0.57109375 0.39921875 0.015625 0.05
1 0.60234375 0.4890625 0.01171875 0.0234375
1 0.5921875 0.4125 0.00859375 0.0140625
