1 0.26015625 0.859375 0.03046875 0.08203125
1 0.30234375 0.88359375 0.04375 0.103125
1 0.29140625 0.75703125 0.0359375 0.0875
1 0.34609375 0.728125 0.0390625 0.065625
1 0.35859375 0.66171875 0.02578125 0.06328125
3 0.35234375 0.5859375 0.02890625 0.06796875
1 0.38828125 0.58203125 0.0296875 0.04921875
1 0.38359375 0.51796875 0.0171875 0.03984375
3 0.4015625 0.5234375 0.02890625 0.0671875
1 0.396875 0.47421875 0.02265625 0.046875
3 0.421875 0.45390625 0.02421875 0.0640625
2 0.39765625 0.446875 0.01640625 0.03515625
1 0.43671875 0.4421875 0.01484375 0.0234375
1 0.43828125 0.42734375 0.01171875 0.02734375
1 0.4421875 0.40859375 0.01484375 0.02578125
3 0.41328125 0.43203125 0.01640625 0.0421875
1 0.42578125 0.41796875 0.01328125 0.02109375
2 0.4234375 0.38671875 0.0078125 0.0265625
2 0.41640625 0.403125 0.0078125 0.0234375
3 0.43359375 0.390625 0.015625 0.03984375
1 0.4546875 0.38515625 0.0140625 0.02265625
1 0.44296875 0.375 0.01171875 0.01796875
1 0.45859375 0.37109375 0.015625 0.02265625
1 0.44765625 0.36171875 0.009375 0.02109375
0 0.43671875 0.3453125 0.01484375 0.04140625
1 0.45234375 0.34453125 0.0078125 0.028125
