3 0.284375 0.684375 0.059375 0.0859375
1 0.50703125 0.7765625 0.03515625 0.08203125
1 0.4921875 0.7140625 0.034375 0.0640625
1 0.54921875 0.7078125 0.03359375 0.06953125
1 0.55859375 0.7875 0.03125 0.0671875
1 0.659375 0.778125 0.04140625 0.0859375
1 0.7015625 0.771875 0.04140625 0.0703125
1 0.75546875 0.8265625 0.03828125 0.06875
1 0.72578125 0.715625 0.0375 0.05234375
1 0.59140625 0.70546875 0.034375 0.059375
1 0.6328125 0.71171875 0.0328125 0.06328125
1 0.65546875 0.66796875 0.0296875 0.0578125
1 0.615625 0.65078125 0.03359375 0.0625
1 0.57265625 0.64453125 0.0328125 0.06015625
1 0.52890625 0.6515625 0.034375 0.05546875
1 0.48828125 0.6546875 0.0265625 0.0609375
1 0.525 0.59921875 0.0296875 0.0453125
1 0.5578125 0.5984375 0.02421875 0.04765625
1 0.6203125 0.58203125 0.02734375 0.05546875
1 0.6421875 0.6171875 0.03203125 0.06328125
1 0.734375 0.63046875 0.02890625 0.03828125
1 0.75 0.68515625 0.03984375 0.059375
1 0.8625 0.803125 0.046875 0.075
1 0.81015625 0.61328125 0.04140625 0.0546875
1 0.72109375 0.5671875 0.02734375 0.04453125
1 0.7 0.53203125 0.028125 0.0375
1 0.7296875 0.45234375 0.03046875 0.03203125
1 0.7390625 0.528125 0.03046875 0.03984375
1 0.5921875 0.43125 0.0203125 0.03125
1 0.47109375 0.53671875 0.02421875 0.046875
1 0.47578125 0.59140625 0.02109375 0.0484375
3 0.5859375 0.57109375 0.0375 0.0875
3 0.60859375 0.7671875 0.0453125 0.0734375
0 0.79765625 0.77265625 0.0828125 0.16796875
2 0.60546875 0.82109375 0.02265625 0.06796875
3 0.6453125 0.53671875 0.0296875 0.059375
