1 0.365625 0.51796875 0.03828125 0.07421875
1 0.403125 0.728125 0.05546875 0.09296875
1 0.4828125 0.7609375 0.06796875 0.10625
1 0.50234375 0.6875 0.05859375 0.08046875
1 0.3984375 0.91328125 0.08203125 0.12890625
1 0.3015625 0.890625 0.06953125 0.140625
1 0.2828125 0.79375 0.05234375 0.0859375
1 0.2671875 0.71640625 0.05 0.08984375
1 0.25078125 0.61875 0.040625 0.06953125
1 0.66015625 0.92734375 0.096875 0.1359375
1 0.72734375 0.65859375 0.07265625 0.08984375
1 0.79609375 0.62734375 0.07109375 0.09765625
1 0.6484375 0.5734375 0.05390625 0.0640625
1 0.62734375 0.51171875 0.05 0.0625
0 0.5140625 0.5921875 0.10234375 0.1671875
0 0.40703125 0.49375 0.07265625 0.12734375
3 0.503125 0.47265625 0.0421875 0.0703125
3 0.32734375 0.7 0.071875 0.1171875
