1 0.05390625 0.871875 0.10703125 0.1625
0 0.378125 0.65078125 0.146875 0.246875
1 0.47109375 0.46875 0.03515625 0.05703125
1 0.4703125 0.4078125 0.02890625 0.04140625
1 0.5015625 0.428125 0.0265625 0.040625
1 0.53359375 0.390625 0.0203125 0.0265625
1 0.521875 0.36484375 0.01875 0.0234375
1 0.54609375 0.34453125 0.01171875 0.0234375
1 0.66875 0.3984375 0.02421875 0.03515625
1 0.675 0.4390625 0.025 0.03203125
1 0.68828125 0.3515625 0.0125 0.02890625
0 0.58203125 0.309375 0.0359375 0.04375
0 0.64375 0.3171875 0.028125 0.046875
