3 0.081792 0.746305 0.162638 0.380737
0 0.321945 0.598873 0.054537 0.068246
0 0.676832 0.622541 0.051491 0.084948
0 0.418100 0.568378 0.037618 0.060903
0 0.379743 0.501881 0.031636 0.041052
0 0.761861 0.625319 0.066520 0.082002
0 0.621498 0.516214 0.034282 0.050855
0 0.438199 0.498366 0.025945 0.043098
0 0.277144 0.562320 0.046865 0.056802
0 0.636686 0.480943 0.029540 0.038493
0 0.400594 0.463100 0.026688 0.036729
0 0.067602 0.845348 0.046592 0.085357
0 0.612188 0.632298 0.064681 0.106417
3 0.357802 0.464047 0.036040 0.052138
