0 0.408747 0.598569 0.044429 0.068868
0 0.555467 0.482966 0.027156 0.042157
2 0.657241 0.457092 0.073555 0.151206
0 0.209890 0.646093 0.080883 0.086118
0 0.128597 0.927780 0.164445 0.139100
0 0.622977 0.522325 0.032500 0.061142
0 0.442299 0.481103 0.024909 0.039461
0 0.696300 0.623613 0.067349 0.093050
0 0.340085 0.558911 0.049835 0.073000
0 0.387997 0.488676 0.028061 0.040560
0 0.687263 0.913573 0.113223 0.170610
0 0.333213 0.493119 0.032070 0.039025
0 0.887489 0.922058 0.151048 0.154095
3 0.887489 0.922058 0.151048 0.154095
