2 0.278125 0.62578125 0.0921875 0.2734375
2 0.33046875 0.4515625 0.06875 0.17109375
2 0.38828125 0.6921875 0.08671875 0.29453125
2 0.4828125 0.76484375 0.09296875 0.33203125
2 0.56171875 0.56953125 0.06328125 0.21875
3 0.5 0.2796875 0.1984375 0.41953125
1 0.59140625 0.121875 0.08515625 0.20078125
2 0.61328125 0.425 0.0515625 0.19296875
2 0.6828125 0.33515625 0.0296875 0.1546875
2 0.72109375 0.25 0.03046875 0.1234375
2 0.696875 0.1203125 0.015625 0.08984375
2 0.05390625 0.58828125 0.0890625 0.2625
1 0.45625 0.090625 0.1125 0.16796875
1 0.6515625 0.04453125 0.05625 0.0890625
