0 0.418923 0.549688 0.038382 0.056786
0 0.284817 0.672139 0.071534 0.100432
0 0.332401 0.815308 0.097457 0.157383
0 0.439040 0.500267 0.028748 0.043482
0 0.232337 0.614067 0.066341 0.066250
0 0.317009 0.515336 0.038698 0.048023
0 0.372688 0.509043 0.035632 0.047008
0 0.406169 0.458674 0.025672 0.034114
0 0.590383 0.413021 0.016503 0.023029
0 0.806796 0.684468 0.087696 0.104699
0 0.563417 0.413180 0.015974 0.024221
0 0.449576 0.449388 0.023045 0.031608
3 0.806796 0.684468 0.087696 0.104699
0 0.531748 0.404129 0.015960 0.032156
