2 0.19453125 0.67265625 0.10546875 0.30234375
2 0.26171875 0.47109375 0.071875 0.17734375
2 0.34453125 0.69921875 0.096875 0.30859375
2 0.434375 0.71484375 0.04296875 0.26875
2 0.4859375 0.8421875 0.1 0.315625
2 0.5578125 0.55234375 0.034375 0.228125
2 0.6296875 0.44453125 0.03046875 0.19765625
2 0.68828125 0.37421875 0.0265625 0.17734375
2 0.7203125 0.30625 0.02265625 0.14375
2 0.61640625 0.3328125 0.028125 0.16796875
1 0.465625 0.28125 0.1625 0.34140625
1 0.58671875 0.115625 0.0875 0.20703125
1 0.64921875 0.178125 0.09609375 0.2203125
1 0.62421875 0.04453125 0.05390625 0.0890625
