2 0.647425 0.456358 0.065505 0.101825
3 0.325952 0.467947 0.082157 0.136964
0 0.102959 0.762558 0.108537 0.114442
0 0.432493 0.526857 0.037086 0.061988
0 0.102647 0.762365 0.108395 0.113904
0 0.598873 0.631804 0.054542 0.087846
0 0.345696 0.843827 0.093697 0.156495
0 0.554332 0.490042 0.027780 0.042415
0 0.366205 0.530280 0.033881 0.049108
0 0.449687 0.455663 0.025919 0.037473
0 0.155125 0.879349 0.150340 0.195085
0 0.745716 0.596026 0.055451 0.078418
3 0.155125 0.879349 0.150340 0.195085
0 0.784930 0.788789 0.109720 0.177516
