0 0.366156 0.707311 0.071461 0.101803
0 0.275656 0.678450 0.074925 0.091138
0 0.796548 0.662492 0.069481 0.094763
0 0.976095 0.913253 0.047009 0.140199
0 0.341060 0.573800 0.050743 0.062594
0 0.404052 0.621943 0.046236 0.074940
3 0.312454 0.482892 0.095030 0.143314
0 0.343952 0.853252 0.088912 0.143911
0 0.387673 0.507296 0.037561 0.052975
3 0.654779 0.569605 0.057529 0.097265
3 0.169548 0.901497 0.137726 0.178786
0 0.431165 0.509628 0.029945 0.038051
0 0.169548 0.901497 0.137726 0.178786
0 0.626101 0.457145 0.022571 0.030673
