0 0.865037 0.751013 0.104406 0.134307
0 0.267567 0.709856 0.073820 0.094386
0 0.330343 0.871553 0.092432 0.146741
0 0.427955 0.543941 0.033394 0.053546
0 0.078535 0.861229 0.132794 0.149403
3 0.359011 0.430378 0.050341 0.093098
3 0.407565 0.424025 0.048013 0.112861
0 0.688910 0.577682 0.048409 0.067657
0 0.285825 0.548205 0.041144 0.049469
0 0.439106 0.482193 0.027247 0.039937
0 0.386350 0.644234 0.063378 0.083246
0 0.352807 0.539951 0.044747 0.058525
3 0.587964 0.403334 0.021408 0.042127
0 0.451913 0.439502 0.022510 0.035146
