3 0.283468 0.638980 0.090885 0.153566
0 0.339627 0.867497 0.094977 0.151823
0 0.615481 0.688695 0.060538 0.106596
0 0.408954 0.596124 0.044972 0.068264
0 0.094603 0.954248 0.144806 0.088672
0 0.364103 0.527600 0.033761 0.047144
0 0.437814 0.474621 0.025033 0.038695
0 0.600418 0.483744 0.025301 0.039913
0 0.628123 0.458677 0.027151 0.036437
0 0.949694 0.873100 0.100110 0.183702
0 0.545202 0.450066 0.022272 0.035435
0 0.361256 0.469627 0.027954 0.038054
3 0.949694 0.873100 0.100110 0.183702
0 0.457308 0.429192 0.017817 0.028588
