3 0.114279 0.737018 0.227776 0.484483
0 0.373716 0.702595 0.070704 0.105023
0 0.717148 0.686813 0.070796 0.108915
0 0.255117 0.735236 0.085886 0.107345
0 0.431317 0.532325 0.035038 0.052943
3 0.321855 0.477425 0.044698 0.115243
0 0.378520 0.502436 0.030235 0.046621
0 0.409368 0.448634 0.023452 0.030092
0 0.440359 0.473013 0.028461 0.038510
3 0.323355 0.600349 0.052709 0.082511
0 0.744962 0.598446 0.060602 0.097063
0 0.550428 0.470885 0.025403 0.041181
3 0.659135 0.491634 0.038352 0.061801
3 0.744962 0.598446 0.060602 0.097063
