0 0.204411 0.657660 0.073159 0.085145
3 0.155028 0.866853 0.158437 0.227870
0 0.904056 0.797021 0.109260 0.151512
0 0.350546 0.852814 0.094836 0.146458
0 0.418744 0.553133 0.038536 0.056597
0 0.442555 0.481639 0.023851 0.039186
0 0.602346 0.486839 0.030329 0.047640
0 0.682083 0.526484 0.042247 0.060615
0 0.590179 0.565246 0.043493 0.069913
0 0.305368 0.528363 0.037352 0.053349
3 0.322808 0.598833 0.054176 0.088766
0 0.640984 0.484509 0.031736 0.039932
0 0.458224 0.441081 0.018608 0.038804
0 0.384222 0.437171 0.021012 0.030375
0 0.556754 0.397272 0.014497 0.022296
