0 0.671416 0.807538 0.090835 0.165567
0 0.224587 0.780639 0.099935 0.131221
0 0.437214 0.499192 0.027486 0.043944
0 0.566610 0.508069 0.032365 0.056647
0 0.407324 0.457208 0.022973 0.033278
3 0.596159 0.401633 0.036651 0.069000
0 0.280431 0.972984 0.104765 0.050634
0 0.348982 0.538989 0.040286 0.054946
0 0.651409 0.490964 0.029026 0.043628
3 0.417820 0.382058 0.032478 0.058770
0 0.456929 0.438971 0.020096 0.030389
0 0.400903 0.628567 0.049463 0.079347
3 0.915274 0.818997 0.109419 0.157482
0 0.400764 0.627992 0.049860 0.077946
0 0.538457 0.427701 0.019875 0.027692
