0 0.332055 0.876355 0.094251 0.155366
0 0.298958 0.542491 0.041319 0.052070
0 0.572098 0.520854 0.033862 0.048941
3 0.366746 0.427465 0.057335 0.097841
0 0.405712 0.576534 0.041898 0.064557
0 0.011962 0.925851 0.023816 0.079195
0 0.583662 0.443819 0.022644 0.035507
0 0.469072 0.398766 0.013961 0.021160
0 0.676385 0.519620 0.041207 0.058251
0 0.952361 0.891795 0.094972 0.179695
0 0.183376 0.844166 0.118201 0.150038
3 0.183376 0.844166 0.118201 0.150038
0 0.309525 0.612323 0.062263 0.077322
3 0.952361 0.891795 0.094972 0.179695
