2 0.50234375 0.82109375 0.10078125 0.3578125
2 0.4125 0.71796875 0.096875 0.31171875
2 0.24296875 0.67109375 0.08125 0.30546875
2 0.321875 0.48828125 0.07734375 0.2265625
2 0.5921875 0.65 0.06171875 0.228125
1 0.47734375 0.2625 0.1578125 0.32734375
1 0.6015625 0.09296875 0.084375 0.18203125
2 0.63671875 0.42578125 0.0328125 0.18828125
2 0.27421875 0.22734375 0.0453125 0.128125
1 0.6515625 0.040625 0.04375 0.08125
2 0.22890625 0.3984375 0.06171875 0.19765625
2 0.74140625 0.10625 0.01953125 0.08984375
