3 0.919663 0.771150 0.159850 0.320437
0 0.371359 0.692769 0.068742 0.095100
0 0.431652 0.528431 0.038568 0.060995
0 0.324866 0.884378 0.097417 0.150461
0 0.442156 0.485025 0.023651 0.038929
0 0.386144 0.485283 0.027663 0.037597
0 0.542937 0.438581 0.022493 0.031223
0 0.450122 0.445873 0.024410 0.031051
0 0.596114 0.465871 0.026013 0.041410
0 0.416261 0.439116 0.018125 0.029081
0 0.018716 0.929863 0.037237 0.097155
3 0.141348 0.904100 0.130584 0.164792
3 0.376463 0.431879 0.032545 0.062145
3 0.334928 0.563147 0.056614 0.088249
0 0.141348 0.904100 0.130584 0.164792
