0 0.768292 0.773028 0.099518 0.143013
0 0.356866 0.760836 0.078124 0.116251
0 0.857903 0.736121 0.092501 0.124945
0 0.415698 0.566346 0.040613 0.059847
0 0.360205 0.542601 0.035495 0.056591
3 0.030830 0.819897 0.061245 0.298986
0 0.450337 0.459789 0.026044 0.034860
0 0.345289 0.488794 0.028481 0.040770
0 0.416166 0.441267 0.020702 0.032247
0 0.589316 0.466457 0.022185 0.039656
0 0.234682 0.757266 0.094591 0.115282
0 0.367547 0.458383 0.027408 0.030777
0 0.570769 0.397439 0.015687 0.025142
0 0.462677 0.414573 0.018520 0.027172
0 0.397263 0.475885 0.027403 0.039450
