0 0.224948 0.784164 0.101312 0.121684
3 0.143386 0.699277 0.114295 0.174398
0 0.308035 0.923592 0.112736 0.148076
0 0.399284 0.657027 0.059086 0.085242
0 0.428816 0.514488 0.030773 0.049041
0 0.613571 0.494132 0.030764 0.044232
0 0.590328 0.614223 0.049306 0.084758
0 0.391309 0.485990 0.030815 0.039604
0 0.449868 0.462702 0.025798 0.034290
0 0.342488 0.557846 0.041519 0.063028
0 0.653061 0.489681 0.030784 0.041989
0 0.316325 0.511935 0.033408 0.051629
0 0.589448 0.415260 0.016859 0.026236
0 0.555816 0.398739 0.014859 0.018192
