0 0.364676 0.696038 0.071178 0.105835
0 0.718575 0.569899 0.046843 0.064202
0 0.267705 0.572881 0.047938 0.062609
0 0.660876 0.593314 0.052934 0.074441
0 0.358458 0.537297 0.040887 0.054897
0 0.436052 0.507279 0.033849 0.053336
3 0.928488 0.811883 0.128179 0.171714
0 0.338342 0.490922 0.029111 0.037112
0 0.404456 0.466517 0.024877 0.038055
0 0.632492 0.460738 0.026265 0.043466
0 0.928488 0.811883 0.128179 0.171714
0 0.594366 0.469916 0.026485 0.037788
0 0.140170 0.897466 0.138842 0.158856
3 0.140170 0.897466 0.138842 0.158856
