0 0.294698 0.944350 0.115722 0.109288
0 0.366206 0.706602 0.070607 0.101319
0 0.227037 0.763684 0.096342 0.120133
3 0.074492 0.798717 0.127894 0.137512
3 0.245735 0.581924 0.066640 0.083173
0 0.743527 0.962106 0.107230 0.072754
0 0.719129 0.673838 0.067145 0.105468
0 0.360039 0.543898 0.043287 0.056382
0 0.586377 0.585985 0.044895 0.070003
0 0.404409 0.621261 0.046216 0.074821
3 0.349171 0.833286 0.084111 0.131974
3 0.621944 0.503839 0.032464 0.054113
0 0.109086 0.950060 0.141409 0.097829
3 0.321861 0.614459 0.058005 0.086873
