0 0.176998 0.685356 0.091385 0.089615
0 0.774548 0.635412 0.063801 0.088036
0 0.420679 0.549275 0.039428 0.059819
0 0.620017 0.524948 0.036516 0.052904
0 0.564837 0.487163 0.029496 0.044839
3 0.670541 0.501638 0.042628 0.067846
0 0.338376 0.510572 0.029357 0.045805
0 0.456653 0.443571 0.022479 0.031811
0 0.323457 0.606753 0.054400 0.073617
0 0.532877 0.402802 0.016017 0.023852
3 0.603562 0.604666 0.053805 0.099312
0 0.286999 0.552524 0.040983 0.056656
0 0.572150 0.429344 0.020674 0.032222
0 0.427357 0.464071 0.024830 0.035769
