0 0.320381 0.604355 0.056366 0.070386
0 0.437408 0.509659 0.027903 0.049584
0 0.341043 0.827235 0.090306 0.135993
0 0.679102 0.525653 0.043694 0.056314
0 0.350614 0.513088 0.032217 0.047126
0 0.271901 0.697103 0.078477 0.096024
0 0.563461 0.514202 0.035342 0.051571
3 0.946902 0.872949 0.105664 0.181691
3 0.026078 0.897218 0.051860 0.119347
0 0.258683 0.581467 0.055523 0.063063
0 0.391555 0.474134 0.027746 0.037282
0 0.452670 0.442206 0.021506 0.037247
3 0.655839 0.574844 0.048957 0.087494
0 0.563643 0.412215 0.016031 0.020632
