0 0.394506 0.688388 0.063663 0.100415
3 0.681298 0.488124 0.091314 0.159812
0 0.971441 0.901959 0.056245 0.155782
0 0.628481 0.537863 0.040466 0.055409
0 0.357618 0.548042 0.038195 0.057935
0 0.444195 0.481614 0.022920 0.041366
0 0.416680 0.446663 0.019241 0.032991
3 0.217684 0.606348 0.084242 0.118479
3 0.331951 0.488712 0.035122 0.045849
3 0.419322 0.543461 0.044334 0.079555
0 0.377055 0.445793 0.024099 0.032064
0 0.554462 0.469272 0.026042 0.042451
0 0.640175 0.722547 0.076968 0.126356
2 0.217684 0.606348 0.084242 0.118479
