3 0.124009 0.808804 0.247042 0.367326
0 0.378865 0.509967 0.033800 0.045162
0 0.418424 0.559428 0.037670 0.055727
0 0.327226 0.594911 0.054124 0.071529
0 0.583151 0.465440 0.025909 0.039108
0 0.355978 0.473967 0.024405 0.035839
2 0.387867 0.647091 0.068127 0.145494
0 0.441300 0.489623 0.024786 0.042695
3 0.775042 0.634857 0.061649 0.089082
3 0.301173 0.512676 0.053101 0.091044
0 0.602084 0.615885 0.056191 0.102079
2 0.301173 0.512676 0.053101 0.091044
0 0.451372 0.442426 0.021849 0.024275
3 0.387867 0.647091 0.068127 0.145494
0 0.775042 0.634857 0.061649 0.089082
