2 0.20546875 0.84296875 0.15 0.28984375
2 0.190625 0.59375 0.08046875 0.17109375
2 0.52421875 0.55703125 0.07421875 0.265625
2 0.60234375 0.4953125 0.053125 0.2375
2 0.6640625 0.4375 0.04140625 0.21484375
2 0.478125 0.26171875 0.04921875 0.15859375
2 0.26796875 0.47109375 0.0484375 0.19921875
2 0.4359375 0.23671875 0.0484375 0.1125
2 0.590625 0.340625 0.046875 0.18984375
2 0.6515625 0.29921875 0.0375 0.1109375
2 0.625 0.24296875 0.0328125 0.13125
2 0.70703125 0.3171875 0.04140625 0.13125
1 0.34609375 0.48046875 0.221875 0.53515625
1 0.5546875 0.153125 0.10234375 0.21640625
1 0.71640625 0.0765625 0.0546875 0.153125
