2 0.771974 0.684875 0.166368 0.294830
0 0.365308 0.711019 0.071612 0.105745
0 0.611493 0.670777 0.064079 0.104174
0 0.266401 0.694938 0.079853 0.096355
3 0.294417 0.502333 0.111384 0.162119
0 0.335405 0.885637 0.094857 0.155617
0 0.128911 0.937910 0.154259 0.120794
3 0.369708 0.445771 0.036128 0.055360
0 0.211465 0.654170 0.074875 0.092382
0 0.404084 0.621355 0.046352 0.075402
0 0.331797 0.587457 0.047604 0.065853
0 0.685628 0.529504 0.037903 0.049951
0 0.385918 0.511458 0.036282 0.052604
0 0.431244 0.510654 0.030595 0.041715
0 0.418025 0.561999 0.040796 0.074510
