0 0.376909 0.722191 0.070792 0.110058
0 0.666576 0.592683 0.047271 0.074252
0 0.029977 0.881392 0.059750 0.134293
0 0.660506 0.504418 0.036395 0.047382
0 0.565860 0.526408 0.034598 0.055950
0 0.185506 0.842968 0.121683 0.155926
0 0.344355 0.570761 0.042703 0.062273
0 0.447693 0.484699 0.023774 0.038386
3 0.808711 0.654706 0.080869 0.109452
3 0.234746 0.607927 0.056500 0.070292
0 0.695782 0.897159 0.118589 0.199621
3 0.695782 0.897159 0.118589 0.199621
0 0.456167 0.438049 0.020482 0.030644
0 0.556842 0.399098 0.014680 0.019658
