0 0.365439 0.715752 0.071680 0.103327
0 0.627598 0.679940 0.068307 0.110312
0 0.255429 0.700834 0.079730 0.098355
0 0.875333 0.918454 0.159829 0.161681
0 0.436982 0.513577 0.029869 0.047138
0 0.575412 0.522395 0.038398 0.058135
0 0.598833 0.483071 0.028412 0.037842
0 0.293490 0.544713 0.045065 0.056372
0 0.452509 0.445171 0.021529 0.032073
0 0.118615 0.743848 0.085897 0.109292
2 0.658243 0.460032 0.062507 0.118626
3 0.658243 0.460032 0.062507 0.118626
3 0.118615 0.743848 0.085897 0.109292
3 0.560272 0.365608 0.018653 0.041239
