0 0.278351 0.675892 0.068936 0.090912
0 0.383345 0.690629 0.062188 0.092782
0 0.320007 0.922884 0.110828 0.152003
0 0.646546 0.556364 0.043314 0.062253
0 0.153557 0.905821 0.135476 0.172912
0 0.424992 0.527983 0.028583 0.050146
0 0.661948 0.499087 0.031193 0.044481
0 0.340970 0.559449 0.043365 0.055454
0 0.254821 0.596612 0.060592 0.068931
3 0.086791 0.792345 0.110249 0.127264
0 0.445493 0.470524 0.027858 0.033401
0 0.403191 0.462198 0.021179 0.032811
0 0.572577 0.428565 0.020144 0.028263
0 0.312450 0.513204 0.039519 0.045907
