3 0.905632 0.757821 0.187917 0.418741
0 0.370430 0.741602 0.072366 0.105623
0 0.605787 0.612359 0.051189 0.081744
0 0.245663 0.711984 0.097033 0.121104
0 0.108133 0.761043 0.105567 0.113912
0 0.424853 0.511181 0.029803 0.048887
0 0.377794 0.509881 0.030141 0.049928
0 0.672975 0.517430 0.036668 0.052170
0 0.549794 0.458815 0.024452 0.035318
0 0.411684 0.453904 0.027811 0.041286
3 0.403782 0.393951 0.033304 0.068370
0 0.322396 0.505020 0.034509 0.049449
0 0.450924 0.448763 0.023658 0.031965
0 0.441518 0.479956 0.024996 0.042362
