0 0.414710 0.593353 0.045532 0.070646
0 0.310351 0.613082 0.055518 0.081940
0 0.128953 0.755599 0.102762 0.116393
0 0.246113 0.600946 0.053216 0.067357
0 0.314532 0.949162 0.112625 0.097790
3 0.384734 0.401545 0.045406 0.095141
0 0.596657 0.540850 0.037662 0.059458
3 0.585616 0.389129 0.029652 0.061190
3 0.700367 0.487493 0.100964 0.193812
0 0.432690 0.496195 0.035333 0.047423
3 0.125609 0.929887 0.151882 0.136951
0 0.583927 0.447295 0.021723 0.031955
0 0.453823 0.441494 0.022494 0.034037
3 0.431059 0.412222 0.022533 0.045786
