3 0.238911 0.729646 0.103023 0.152420
0 0.050460 0.848642 0.100535 0.139916
0 0.351409 0.846744 0.084102 0.137879
0 0.415809 0.586911 0.043682 0.067356
0 0.721061 0.941045 0.107990 0.114160
0 0.387438 0.492233 0.033064 0.042742
0 0.440827 0.482808 0.025298 0.039340
0 0.220288 0.635848 0.069502 0.085252
0 0.756592 0.682544 0.086166 0.111570
0 0.298601 0.534695 0.044339 0.051888
0 0.540373 0.438883 0.024748 0.031594
0 0.556419 0.488397 0.025221 0.041643
0 0.415189 0.444250 0.020382 0.034064
0 0.575762 0.435639 0.020683 0.026716
3 0.572144 0.372753 0.022555 0.048806
