0 0.270043 0.686032 0.067159 0.092428
0 0.738540 0.591472 0.057983 0.075572
0 0.209640 0.638739 0.070435 0.080310
0 0.352461 0.547295 0.034359 0.055266
0 0.409799 0.577968 0.048770 0.065690
0 0.599301 0.609743 0.046925 0.079652
0 0.662060 0.500274 0.032748 0.046226
0 0.370554 0.712378 0.079834 0.146151
0 0.389022 0.488795 0.027419 0.042121
0 0.441956 0.481233 0.029507 0.050776
3 0.620506 0.441738 0.030168 0.058761
0 0.340347 0.480235 0.032596 0.038038
0 0.549981 0.474391 0.025891 0.042005
3 0.382733 0.408816 0.048518 0.084008
