0 0.348783 0.787316 0.087582 0.131826
0 0.419621 0.583946 0.042015 0.069790
0 0.421890 0.515903 0.038347 0.052565
0 0.560296 0.489185 0.031046 0.046564
0 0.012679 0.891444 0.025231 0.098545
0 0.457758 0.429465 0.017923 0.028267
0 0.718864 0.579509 0.052762 0.064280
0 0.445206 0.472538 0.022823 0.036204
3 0.343716 0.512927 0.101676 0.185149
2 0.201011 0.737470 0.144406 0.246567
3 0.201011 0.737470 0.144406 0.246567
3 0.655849 0.800118 0.101953 0.223676
0 0.423801 0.426918 0.020663 0.029297
0 0.705999 0.635388 0.065245 0.110675
0 0.468666 0.398418 0.012221 0.018086
