2 0.50234375 0.82109375 0.10078125 0.3578125
2 0.4125 0.71796875 0.096875 0.31171875
2 0.24296875 0.67109375 0.08125 0.30546875
2 0.321875 0.48828125 0.07734375 0.2265625
2 0.5921875 0.65 0.06171875 0.228125
1 0.47734375 0.2625 0.1578125 0.32734375
2 0.34609375 0.17734375 0.04296875 0.1234375
1 0.6171875 0.0765625 0.07421875 0.153125
2 0.6890625 0.12265625 0.025 0.103125
2 0.646875 0.38359375 0.0296875 0.17421875
2 0.24765625 0.33515625 0.0484375 0.18515625
2 0.07734375 0.428125 0.06875 0.18671875
