2 0.22578125 0.63125 0.053125 0.259375
2 0.2734375 0.7203125 0.08828125 0.31484375
2 0.38125 0.7171875 0.0765625 0.32265625
2 0.459375 0.54296875 0.0671875 0.2625
2 0.4921875 0.84921875 0.04921875 0.2734375
2 0.53046875 0.45625 0.03828125 0.19296875
2 0.33359375 0.45546875 0.0625 0.20390625
2 0.62890625 0.50703125 0.03359375 0.20234375
1 0.4328125 0.09375 0.1078125 0.18671875
2 0.25859375 0.32265625 0.053125 0.1421875
2 0.70078125 0.0984375 0.015625 0.08984375
2 0.64765625 0.0890625 0.01953125 0.08515625
