0 0.356883 0.776423 0.080025 0.123312
0 0.321098 0.618053 0.053498 0.073743
0 0.354748 0.538598 0.035152 0.050966
0 0.429664 0.529207 0.034944 0.049592
3 0.724563 0.572904 0.055032 0.082456
0 0.042854 0.887168 0.085538 0.152623
0 0.397478 0.469925 0.028303 0.038040
0 0.656158 0.582762 0.050888 0.070864
0 0.356419 0.473168 0.026683 0.039108
0 0.581603 0.506148 0.025806 0.046700
0 0.721155 0.889162 0.149586 0.219030
3 0.419500 0.380492 0.032742 0.055272
0 0.451087 0.435867 0.022401 0.029327
0 0.433643 0.415674 0.017865 0.028042
