2 0.50234375 0.82109375 0.10078125 0.3578125
2 0.4125 0.71796875 0.096875 0.31171875
2 0.24296875 0.67109375 0.08125 0.30546875
2 0.321875 0.48828125 0.07734375 0.2265625
2 0.6265625 0.54140625 0.04375 0.228125
2 0.584375 0.43984375 0.0296875 0.18203125
1 0.5109375 0.2109375 0.134375 0.28515625
2 0.40859375 0.10390625 0.0375 0.096875
2 0.3671875 0.215625 0.04453125 0.121875
2 0.621875 0.24140625 0.03125 0.103125
2 0.68359375 0.090625 0.0171875 0.103125
2 0.62421875 0.0859375 0.01640625 0.08515625
