0 0.289758 0.939357 0.121923 0.117631
3 0.042059 0.809370 0.083753 0.326508
0 0.797540 0.661423 0.070649 0.100168
0 0.409022 0.609687 0.041629 0.072961
0 0.351960 0.546622 0.037220 0.056667
0 0.449697 0.465715 0.025038 0.036849
0 0.602741 0.486764 0.028227 0.044471
0 0.428210 0.514531 0.033284 0.054548
0 0.394314 0.472159 0.027271 0.036029
3 0.245447 0.719180 0.096845 0.117543
2 0.280397 0.520393 0.062187 0.148701
3 0.354646 0.466478 0.024678 0.042183
0 0.535580 0.416640 0.017984 0.027069
3 0.612465 0.434750 0.025085 0.038954
