0 0.294665 0.944366 0.116082 0.109405
0 0.366108 0.706635 0.071398 0.100490
0 0.757634 0.752311 0.091107 0.139689
3 0.134210 0.705848 0.112397 0.133528
0 0.294945 0.666425 0.070487 0.096753
0 0.404511 0.620953 0.046066 0.074338
0 0.330317 0.589237 0.054466 0.067685
0 0.094594 0.952684 0.146439 0.092852
0 0.349324 0.832786 0.083469 0.132850
0 0.386187 0.505901 0.035941 0.046450
0 0.258738 0.577045 0.047551 0.062040
2 0.590069 0.422214 0.037781 0.089878
0 0.989812 0.950923 0.019526 0.097559
0 0.430079 0.508498 0.027048 0.033379
