3 0.200801 0.591345 0.198269 0.260836
0 0.347000 0.771611 0.082209 0.124200
0 0.232631 0.755505 0.095980 0.117320
0 0.672444 0.830595 0.094844 0.189095
0 0.302677 0.639925 0.067219 0.079771
3 0.891001 0.765423 0.217053 0.444522
0 0.649815 0.489525 0.032582 0.041158
0 0.401227 0.632941 0.048709 0.080110
3 0.565338 0.397800 0.025991 0.055956
3 0.341269 0.475533 0.041657 0.068557
0 0.369593 0.536684 0.041237 0.053444
3 0.398767 0.466612 0.028075 0.045900
0 0.417061 0.565057 0.041811 0.080367
0 0.026563 0.923639 0.052835 0.118854
0 0.110735 0.970401 0.130022 0.055795
