0 0.295033 0.637040 0.064537 0.076947
0 0.439769 0.491543 0.029087 0.045197
0 0.630071 0.523862 0.037651 0.053952
0 0.724391 0.858707 0.125604 0.250425
3 0.304656 0.479410 0.099809 0.163468
0 0.400036 0.464410 0.028042 0.036847
0 0.040577 0.897332 0.080804 0.159873
0 0.093165 0.971761 0.140657 0.053707
0 0.571807 0.424595 0.018217 0.025403
0 0.362321 0.461558 0.025579 0.036727
0 0.458931 0.419284 0.018655 0.027282
0 0.535741 0.416340 0.017828 0.034028
0 0.429137 0.417765 0.019566 0.026620
0 0.550039 0.467955 0.025375 0.039022
