0 0.381253 0.664453 0.060948 0.088084
0 0.333029 0.588205 0.046080 0.066958
0 0.275772 0.956385 0.121761 0.083168
0 0.449570 0.463554 0.025941 0.037701
0 0.428702 0.528029 0.032102 0.050140
3 0.830116 0.715693 0.088169 0.121258
0 0.232911 0.616398 0.066203 0.075453
3 0.257123 0.739120 0.089688 0.118857
0 0.303630 0.523092 0.034550 0.056965
3 0.720969 0.573724 0.054347 0.081096
0 0.650322 0.488262 0.033763 0.045319
0 0.610524 0.501553 0.034356 0.046732
0 0.397199 0.468334 0.024290 0.036889
0 0.464098 0.419413 0.022339 0.029396
