2 0.48203125 0.89140625 0.0734375 0.2171875
2 0.56953125 0.66328125 0.04765625 0.24375
2 0.58828125 0.40703125 0.0421875 0.16015625
0 0.40234375 0.528125 0.3140625 0.79921875
1 0.53359375 0.1921875 0.090625 0.18984375
2 0.653125 0.42578125 0.02734375 0.17578125
1 0.5921875 0.1125 0.0875 0.225
2 0.71796875 0.2890625 0.025 0.13125
2 0.22890625 0.653125 0.03984375 0.23125
1 0.71328125 0.0734375 0.05625 0.146875
1 0.44140625 0.08125 0.103125 0.16171875
2 0.28515625 0.26796875 0.05078125 0.15625
2 0.32734375 0.17734375 0.046875 0.1171875
