0 0.418312 0.536511 0.035827 0.051307
0 0.381234 0.507012 0.030638 0.044875
3 0.259771 0.567198 0.064110 0.089513
0 0.440120 0.496904 0.028360 0.041140
3 0.327994 0.583247 0.056771 0.098114
0 0.303301 0.948771 0.115139 0.098140
0 0.592911 0.596747 0.047577 0.080820
0 0.076254 0.788321 0.106083 0.120828
0 0.404433 0.464242 0.028180 0.033998
2 0.259771 0.567198 0.064110 0.089513
0 0.598370 0.487555 0.029507 0.046397
0 0.633545 0.470904 0.026038 0.038307
3 0.421792 0.376920 0.034014 0.054625
0 0.330955 0.498849 0.029233 0.037763
