0 0.391054 0.645044 0.053973 0.080215
0 0.289648 0.653044 0.069603 0.087666
3 0.798416 0.633753 0.100842 0.165445
0 0.123238 0.926944 0.160767 0.139540
0 0.136914 0.726328 0.088937 0.103577
0 0.437752 0.498854 0.028255 0.048380
0 0.689751 0.545305 0.043965 0.058188
3 0.345181 0.439569 0.065143 0.129033
3 0.592353 0.562703 0.056601 0.121374
3 0.283102 0.555081 0.046523 0.067382
0 0.384223 0.493593 0.031598 0.039333
0 0.603548 0.488445 0.031174 0.052571
0 0.408479 0.458430 0.023159 0.032550
0 0.450564 0.436686 0.022261 0.028850
