2 0.48203125 0.89140625 0.0734375 0.2171875
2 0.56953125 0.66328125 0.04765625 0.24375
2 0.58828125 0.40703125 0.0421875 0.16015625
0 0.40234375 0.528125 0.3140625 0.79921875
1 0.53359375 0.1921875 0.090625 0.18984375
2 0.653125 0.42578125 0.02734375 0.17578125
1 0.5921875 0.1125 0.0875 0.225
2 0.71796875 0.2890625 0.025 0.13125
2 0.22890625 0.653125 0.03984375 0.23125
1 0.71328125 0.0734375 0.05625 0.146875
1 0.49453125 0.0515625 0.096875 0.103125
2 0.3953125 0.14609375 0.0390625 0.13125
2 0.11953125 0.55078125 0.0796875 0.25
2 0.81171875 0.21796875 0.05078125 0.1234375
2 0.2140625 0.34921875 0.05859375 0.17734375
