0 0.376805 0.691892 0.070143 0.097936
0 0.273029 0.693020 0.076917 0.095815
2 0.204906 0.634898 0.085453 0.116209
0 0.631767 0.526253 0.039172 0.053272
0 0.744919 0.602778 0.062312 0.083999
0 0.117013 0.948884 0.141658 0.097169
0 0.293254 0.544037 0.039755 0.056036
0 0.429288 0.526907 0.035895 0.057883
2 0.393760 0.442306 0.062001 0.136561
0 0.451585 0.462303 0.023545 0.035555
0 0.469246 0.401947 0.014621 0.022668
0 0.599921 0.597643 0.048758 0.075808
0 0.530874 0.394596 0.013896 0.020416
0 0.574926 0.438112 0.021053 0.028970
