2 0.257774 0.538683 0.116262 0.170189
0 0.567766 0.507536 0.032447 0.050771
0 0.378138 0.558097 0.042943 0.065778
3 0.269188 0.682169 0.076842 0.110058
3 0.387447 0.423653 0.026227 0.048226
0 0.356712 0.793956 0.087559 0.135773
0 0.669015 0.506716 0.035025 0.048227
0 0.540236 0.439599 0.020714 0.032534
0 0.807542 0.854507 0.112479 0.179426
0 0.588010 0.454948 0.027526 0.038987
0 0.631610 0.736038 0.074557 0.127266
0 0.432125 0.416209 0.017392 0.026977
0 0.400766 0.464988 0.027187 0.039117
3 0.807542 0.854507 0.112479 0.179426
