2 0.884212 0.719642 0.230859 0.374687
0 0.333352 0.821842 0.087927 0.135849
0 0.406715 0.569762 0.045726 0.063414
0 0.325581 0.600663 0.052536 0.069471
0 0.229437 0.619156 0.066113 0.074744
0 0.561093 0.487675 0.033845 0.044817
0 0.449531 0.452199 0.025221 0.037449
2 0.625997 0.469882 0.061037 0.115789
0 0.581390 0.567942 0.046564 0.083873
0 0.702815 0.554342 0.045802 0.061359
0 0.415440 0.433387 0.025690 0.034751
0 0.389195 0.482984 0.031369 0.048857
0 0.569934 0.422841 0.017238 0.027683
0 0.540730 0.432118 0.020778 0.035221
0 0.666316 0.830204 0.094565 0.193203
