0 0.384946 0.721897 0.066606 0.104845
0 0.725878 0.722717 0.075453 0.119848
0 0.333199 0.588992 0.047120 0.066662
0 0.415975 0.567794 0.044333 0.068048
0 0.205669 0.640078 0.071876 0.080517
0 0.734908 0.597516 0.056089 0.068867
0 0.361310 0.537108 0.036231 0.053220
0 0.112956 0.948369 0.162379 0.098868
0 0.385566 0.493677 0.029154 0.041429
0 0.438345 0.476618 0.027412 0.038954
0 0.350684 0.480728 0.026027 0.038826
0 0.454169 0.438585 0.019930 0.030825
0 0.611705 0.495238 0.034836 0.044708
3 0.420549 0.423769 0.024203 0.045166
