0 0.630525 0.521946 0.042020 0.052948
0 0.440260 0.502235 0.028153 0.044070
0 0.412828 0.581513 0.048204 0.065422
0 0.268568 0.691459 0.069471 0.096469
0 0.323971 0.889753 0.108950 0.181327
0 0.575358 0.549180 0.040975 0.061924
3 0.337615 0.535474 0.062845 0.116044
3 0.826987 0.826619 0.168500 0.294699
3 0.094462 0.887237 0.188134 0.219523
3 0.393680 0.446000 0.062588 0.113124
0 0.246761 0.575670 0.052296 0.067130
0 0.557837 0.397654 0.016139 0.023291
0 0.584305 0.437513 0.018527 0.028570
0 0.468967 0.400760 0.014193 0.020859
0 0.643598 0.478629 0.028922 0.039131
2 0.094462 0.887237 0.188134 0.219523
