0 0.682360 0.795909 0.093985 0.150613
0 0.428294 0.525729 0.034766 0.050164
0 0.292265 0.543727 0.042951 0.052305
0 0.570968 0.514876 0.034184 0.051953
0 0.932663 0.837361 0.130788 0.169555
0 0.266161 0.719260 0.092773 0.112243
0 0.373417 0.507825 0.032381 0.045227
0 0.671842 0.518537 0.037015 0.051456
0 0.455731 0.451685 0.022387 0.034308
0 0.590989 0.469221 0.024205 0.036603
3 0.323723 0.917745 0.115928 0.155992
0 0.323723 0.917745 0.115928 0.155992
0 0.635346 0.467964 0.026790 0.038862
0 0.362541 0.458556 0.025791 0.036209
3 0.362541 0.458556 0.025791 0.036209
