2 0.791950 0.704293 0.219639 0.416287
0 0.294717 0.944213 0.116033 0.109513
0 0.366356 0.706062 0.070565 0.100355
3 0.213862 0.616950 0.077416 0.097078
0 0.193467 0.826400 0.112909 0.145991
0 0.616889 0.502286 0.033871 0.049162
0 0.404320 0.620985 0.045857 0.073658
0 0.351698 0.556725 0.046888 0.058465
0 0.581880 0.566775 0.039798 0.072487
0 0.348916 0.832822 0.084654 0.132360
0 0.304804 0.521328 0.038201 0.051454
0 0.394752 0.487868 0.028987 0.042602
0 0.307848 0.638526 0.063936 0.087563
3 0.035119 0.885988 0.069840 0.134558
