0 0.351056 0.779014 0.095352 0.146643
0 0.406573 0.612068 0.048471 0.072593
0 0.918560 0.788651 0.113970 0.147151
0 0.332831 0.584899 0.048023 0.064506
3 0.681345 0.802194 0.130345 0.325180
0 0.885285 0.921227 0.135453 0.156338
0 0.329179 0.500721 0.032077 0.042585
0 0.435008 0.499289 0.030441 0.042226
3 0.104634 0.889344 0.193731 0.215409
0 0.415446 0.441341 0.019683 0.028644
0 0.390730 0.478064 0.031155 0.052002
0 0.455766 0.419340 0.019823 0.033192
3 0.687506 0.533356 0.048378 0.076081
0 0.578995 0.447818 0.019737 0.032877
