0 0.411291 0.597485 0.041782 0.068622
0 0.312864 0.864696 0.100867 0.163389
0 0.237934 0.735771 0.084477 0.103845
0 0.430976 0.511047 0.036914 0.048647
3 0.094112 0.852866 0.187488 0.283985
0 0.299042 0.528726 0.039416 0.050288
0 0.595655 0.612527 0.046790 0.082168
0 0.793425 0.775723 0.121376 0.201715
0 0.609956 0.491299 0.037413 0.057722
0 0.448647 0.455932 0.025375 0.035090
0 0.538385 0.437068 0.021111 0.032783
0 0.372325 0.501085 0.043245 0.071619
3 0.422347 0.417002 0.027465 0.051498
3 0.113692 0.735374 0.227289 0.515743
