0 0.376091 0.705155 0.072697 0.104460
0 0.707735 0.551969 0.046614 0.060342
0 0.677997 0.886441 0.106394 0.195603
0 0.427141 0.533060 0.040576 0.051583
0 0.445441 0.476861 0.025515 0.039264
0 0.325139 0.593806 0.049738 0.069105
3 0.369481 0.490226 0.048422 0.087677
0 0.614005 0.491995 0.029563 0.044022
0 0.304987 0.515284 0.037295 0.051762
0 0.748796 0.708075 0.082485 0.130184
3 0.881180 0.730620 0.113841 0.170377
0 0.571392 0.420650 0.019535 0.035321
3 0.410728 0.409682 0.045510 0.127388
3 0.231013 0.722257 0.111811 0.165480
