0 0.419866 0.573207 0.042436 0.063054
3 0.339368 0.523704 0.108886 0.221398
0 0.863649 0.744023 0.094475 0.129897
0 0.649416 0.746904 0.086392 0.135711
0 0.209058 0.804189 0.115817 0.150144
0 0.045129 0.885154 0.090123 0.169229
0 0.434910 0.516239 0.033393 0.051083
0 0.562405 0.519856 0.038554 0.066560
3 0.236435 0.575721 0.091576 0.114686
0 0.658335 0.495957 0.033950 0.045799
0 0.603323 0.489009 0.029530 0.043812
3 0.677136 0.622309 0.055732 0.090946
0 0.457126 0.438605 0.018082 0.030926
0 0.440732 0.471783 0.029119 0.037391
3 0.576536 0.381528 0.023987 0.054957
0 0.434231 0.417227 0.021159 0.038689
0 0.403421 0.468185 0.022052 0.033954
