0 0.180416 0.837280 0.127345 0.171596
0 0.406904 0.596182 0.044277 0.066781
0 0.323889 0.593196 0.050311 0.067982
3 0.745981 0.693281 0.114922 0.195039
0 0.301825 0.932864 0.117133 0.129838
0 0.371055 0.510972 0.032464 0.044901
0 0.349149 0.484747 0.027739 0.038760
0 0.407771 0.449765 0.025399 0.032836
0 0.456221 0.436337 0.020797 0.032137
0 0.585549 0.460572 0.026259 0.046224
3 0.596544 0.594795 0.059180 0.133630
0 0.241723 0.599818 0.061343 0.066826
3 0.589184 0.391020 0.031116 0.074602
3 0.596585 0.595341 0.059353 0.135050
0 0.540561 0.448242 0.021446 0.034270
