0 0.358500 0.789582 0.091798 0.134875
0 0.709817 0.685797 0.070362 0.094753
0 0.664845 0.825939 0.092537 0.181276
0 0.302187 0.647520 0.069746 0.086367
0 0.229500 0.621462 0.066695 0.078880
0 0.779729 0.643849 0.067062 0.090115
0 0.568367 0.528961 0.034200 0.055456
0 0.434771 0.533018 0.032615 0.051277
0 0.604553 0.495789 0.029226 0.045808
0 0.372093 0.515093 0.032681 0.045352
0 0.344834 0.482306 0.026173 0.038964
0 0.407327 0.466392 0.025562 0.037364
0 0.441115 0.488837 0.028945 0.040776
0 0.545150 0.437828 0.020888 0.032524
