3 0.911256 0.749951 0.176569 0.311381
0 0.616498 0.706983 0.069128 0.113177
0 0.389068 0.671994 0.057703 0.087714
0 0.251660 0.945041 0.135969 0.106394
0 0.230836 0.750980 0.086526 0.106824
0 0.427746 0.532235 0.030666 0.050631
0 0.556650 0.469619 0.025089 0.041454
0 0.039884 0.867972 0.079539 0.147773
0 0.445086 0.470627 0.026988 0.038068
3 0.910695 0.944028 0.156098 0.109945
3 0.348272 0.452993 0.046273 0.084342
0 0.416290 0.445106 0.023488 0.032088
0 0.261822 0.590068 0.052777 0.065813
0 0.458660 0.439235 0.019228 0.030113
