3 0.798168 0.627893 0.204920 0.310523
0 0.416626 0.569368 0.041376 0.061463
3 0.263773 0.643133 0.110507 0.197622
0 0.371738 0.729032 0.071574 0.103246
0 0.701003 0.915321 0.119336 0.166440
0 0.584601 0.567969 0.042367 0.066782
0 0.391382 0.481658 0.029795 0.038071
0 0.325696 0.503519 0.034778 0.040736
0 0.553011 0.487112 0.030006 0.050780
0 0.616301 0.450074 0.020942 0.030878
3 0.162216 0.667219 0.110892 0.156764
0 0.464210 0.414414 0.017754 0.022341
0 0.397779 0.423269 0.021120 0.023144
0 0.429054 0.427647 0.021245 0.027889
