0 0.300155 0.641665 0.064468 0.081474
0 0.400221 0.622074 0.053640 0.076221
0 0.121921 0.930594 0.155104 0.137315
0 0.308943 0.934691 0.117051 0.125810
3 0.034123 0.827458 0.067830 0.288583
0 0.889127 0.919693 0.150963 0.159526
0 0.436279 0.487769 0.029324 0.041959
0 0.405897 0.458187 0.023481 0.035168
0 0.623009 0.467758 0.031409 0.039755
0 0.251229 0.583682 0.053323 0.069101
0 0.458356 0.418634 0.016563 0.026731
0 0.340687 0.480891 0.024593 0.037722
0 0.529709 0.397729 0.014818 0.022538
0 0.425590 0.426557 0.019084 0.025853
