0 0.314314 0.878128 0.102678 0.162702
0 0.219625 0.776670 0.103674 0.123376
0 0.283832 0.672960 0.069929 0.089904
3 0.120512 0.720053 0.241023 0.430574
0 0.390146 0.673472 0.057622 0.090868
0 0.856994 0.739222 0.091248 0.128220
0 0.357878 0.558273 0.039890 0.060449
0 0.631974 0.537944 0.037057 0.056730
2 0.653105 0.464544 0.073212 0.131394
0 0.569639 0.529355 0.037023 0.059736
0 0.108392 0.968744 0.135666 0.059853
0 0.372321 0.517911 0.031635 0.048583
3 0.313635 0.503392 0.050881 0.079022
3 0.394374 0.474508 0.027699 0.045220
0 0.416739 0.567636 0.044054 0.084047
0 0.544448 0.443242 0.021405 0.033949
