0 0.241428 0.745209 0.087282 0.113136
0 0.935624 0.836725 0.126953 0.173701
0 0.373561 0.708567 0.065168 0.099298
0 0.846430 0.893116 0.129941 0.199670
0 0.610914 0.650603 0.066246 0.094782
3 0.221276 0.612848 0.093301 0.116692
0 0.419368 0.565855 0.039596 0.063583
0 0.325555 0.601554 0.055586 0.071255
0 0.624924 0.529326 0.037295 0.057457
0 0.298102 0.529494 0.037157 0.048402
0 0.579999 0.446114 0.020914 0.030428
0 0.393709 0.485160 0.025331 0.041660
0 0.648148 0.481036 0.030485 0.037794
0 0.299972 0.529053 0.041955 0.048244
