3 0.066920 0.770209 0.133595 0.351653
0 0.283224 0.673395 0.070222 0.090055
0 0.207988 0.794359 0.111951 0.137161
0 0.277027 0.964305 0.116349 0.068683
3 0.279611 0.544900 0.065343 0.101499
0 0.345408 0.584836 0.047097 0.065497
0 0.372031 0.736906 0.070328 0.110181
0 0.678037 0.517089 0.037798 0.049083
0 0.102127 0.968953 0.148181 0.058982
3 0.387583 0.485792 0.034515 0.053415
0 0.604392 0.491317 0.029931 0.046613
3 0.593359 0.399607 0.035544 0.069560
0 0.415430 0.570281 0.042762 0.082000
0 0.430827 0.512657 0.029639 0.045275
0 0.637976 0.469102 0.024263 0.034960
