0 0.150584 0.686138 0.090496 0.101096
0 0.388160 0.655815 0.062994 0.087210
0 0.160847 0.883944 0.120215 0.161661
0 0.432333 0.534435 0.035601 0.054614
3 0.939991 0.869585 0.119373 0.176933
0 0.613344 0.629443 0.061432 0.101536
3 0.646336 0.542193 0.056669 0.105616
3 0.373454 0.474088 0.073962 0.146148
0 0.587470 0.452989 0.024410 0.036537
0 0.449410 0.451253 0.023940 0.032321
2 0.289445 0.605297 0.086837 0.159395
0 0.434123 0.488928 0.027653 0.047793
0 0.609838 0.439979 0.021317 0.029083
3 0.646545 0.541281 0.055509 0.104429
0 0.548212 0.459339 0.024655 0.036235
