0 0.279740 0.690787 0.074018 0.091959
0 0.356353 0.552469 0.045108 0.059360
0 0.439187 0.509721 0.030108 0.046713
0 0.343855 0.835939 0.094771 0.151781
3 0.332475 0.486345 0.040055 0.064062
0 0.407180 0.600836 0.046565 0.067469
0 0.081848 0.973856 0.135444 0.051690
0 0.455129 0.447069 0.018298 0.031130
0 0.259752 0.588494 0.054909 0.067191
0 0.388330 0.488875 0.031938 0.040700
0 0.138508 0.742775 0.101744 0.113796
0 0.887743 0.928495 0.133954 0.143010
3 0.428822 0.418512 0.023364 0.040691
3 0.887743 0.928495 0.133954 0.143010
3 0.403917 0.402278 0.032992 0.049171
