0 0.316964 0.861762 0.103084 0.152229
0 0.019787 0.935816 0.039381 0.102735
0 0.614571 0.662416 0.057250 0.098893
0 0.392582 0.659654 0.057873 0.085545
0 0.367919 0.531984 0.037638 0.047452
0 0.323350 0.596909 0.050396 0.069343
0 0.238990 0.607294 0.064303 0.073073
3 0.403667 0.434021 0.051568 0.103853
0 0.699698 0.645472 0.062133 0.094051
0 0.558529 0.486368 0.028250 0.043059
0 0.588747 0.454325 0.022429 0.037477
0 0.322506 0.505063 0.034756 0.049032
0 0.649231 0.486826 0.028566 0.045638
3 0.374604 0.418488 0.047296 0.095643
0 0.465444 0.403546 0.018560 0.029414
