0 0.379409 0.503982 0.031534 0.044363
0 0.407900 0.595342 0.042825 0.067119
0 0.439415 0.485883 0.029482 0.044388
0 0.113292 0.748601 0.104501 0.108494
0 0.320871 0.618309 0.058752 0.076294
0 0.400082 0.465202 0.025491 0.034757
0 0.452430 0.445501 0.020484 0.031554
0 0.540519 0.445999 0.021161 0.033295
0 0.579994 0.437849 0.021115 0.030411
0 0.308548 0.932844 0.119385 0.129551
3 0.381645 0.415396 0.050857 0.086444
0 0.428105 0.427669 0.018592 0.029061
0 0.668998 0.603681 0.048497 0.077732
0 0.669496 0.604252 0.048543 0.077142
