0 0.363280 0.718760 0.073286 0.106616
0 0.257977 0.712155 0.084161 0.102123
0 0.920779 0.825883 0.127028 0.167001
0 0.158372 0.719853 0.094951 0.113232
0 0.786979 0.795377 0.098592 0.157524
3 0.270814 0.524144 0.128759 0.189134
0 0.316349 0.928534 0.107851 0.142014
0 0.404274 0.621344 0.047289 0.073890
2 0.632934 0.490429 0.061523 0.120271
0 0.324881 0.603542 0.052589 0.071414
3 0.360828 0.452947 0.035560 0.058474
0 0.111957 0.962284 0.140802 0.072935
0 0.382405 0.516125 0.037534 0.051702
0 0.556118 0.496109 0.029586 0.047555
0 0.418649 0.557763 0.041902 0.067261
