3 0.097055 0.757085 0.193221 0.439335
0 0.312061 0.897031 0.103770 0.164098
0 0.417188 0.566311 0.036536 0.062454
3 0.327493 0.464155 0.081757 0.134373
0 0.825407 0.698250 0.079178 0.108667
0 0.297816 0.651971 0.065764 0.084024
3 0.364861 0.519852 0.049068 0.087319
0 0.613571 0.504645 0.032975 0.050052
2 0.655815 0.620961 0.093644 0.179249
0 0.259655 0.581375 0.042835 0.060600
0 0.687958 0.535293 0.042685 0.065011
0 0.445822 0.466395 0.022359 0.033824
0 0.556066 0.495760 0.031335 0.052196
3 0.655815 0.620961 0.093644 0.179249
