0 0.392196 0.646956 0.058047 0.082387
0 0.268941 0.684759 0.071791 0.094450
0 0.705574 0.553410 0.044987 0.058770
0 0.374464 0.520415 0.031010 0.046285
0 0.660541 0.796412 0.084545 0.159870
0 0.038730 0.866317 0.077326 0.137390
0 0.406512 0.458066 0.022899 0.035750
0 0.890472 0.775964 0.101460 0.140407
0 0.605457 0.431098 0.018133 0.028653
2 0.363281 0.430580 0.050218 0.094986
3 0.363281 0.430580 0.050218 0.094986
0 0.466824 0.413803 0.016873 0.024633
3 0.890472 0.775964 0.101460 0.140407
0 0.431243 0.419685 0.018651 0.023603
0 0.452438 0.452437 0.021992 0.037040
