0 0.051177 0.862296 0.102160 0.156340
0 0.324989 0.592818 0.050617 0.066773
0 0.419513 0.542673 0.038542 0.055043
0 0.383176 0.507146 0.033696 0.047709
0 0.633423 0.701118 0.073469 0.158864
0 0.579605 0.447207 0.021808 0.033045
3 0.615044 0.420771 0.046578 0.085150
0 0.823274 0.693317 0.085646 0.121622
3 0.684521 0.509678 0.051303 0.094152
0 0.406394 0.630156 0.051758 0.078003
0 0.308619 0.525435 0.041677 0.053693
3 0.823274 0.693317 0.085646 0.121622
0 0.451734 0.456828 0.023632 0.033179
2 0.684521 0.509678 0.051303 0.094152
0 0.421610 0.438227 0.021757 0.034767
