3 0.227748 0.684362 0.230235 0.396805
0 0.387936 0.493348 0.027740 0.047246
0 0.387932 0.662984 0.056303 0.093497
0 0.445879 0.463900 0.022041 0.034919
0 0.622435 0.515732 0.032028 0.049668
0 0.420626 0.539021 0.040157 0.059236
0 0.293124 0.977955 0.108869 0.043846
0 0.870190 0.756753 0.109583 0.146786
0 0.916557 0.956339 0.122034 0.083851
0 0.726788 0.897922 0.109276 0.194203
0 0.419641 0.432688 0.019051 0.031089
0 0.469234 0.398951 0.013188 0.019028
0 0.458620 0.430952 0.018183 0.028454
0 0.345114 0.482075 0.031305 0.030183
