0 0.294689 0.944399 0.116142 0.109723
0 0.366476 0.706312 0.070772 0.100014
0 0.290246 0.675456 0.072476 0.101517
0 0.404304 0.620963 0.045520 0.074465
0 0.349052 0.833067 0.084095 0.132417
0 0.321662 0.602024 0.058988 0.070554
0 0.623124 0.517848 0.035282 0.053211
3 0.081443 0.769708 0.137199 0.164634
0 0.381564 0.513143 0.037608 0.047681
0 0.229488 0.609438 0.060359 0.070088
2 0.698081 0.885083 0.134939 0.224634
3 0.726687 0.583750 0.053703 0.079093
0 0.430034 0.508065 0.028211 0.032754
0 0.417448 0.553831 0.038274 0.062062
2 0.569231 0.393512 0.025316 0.067514
