0 0.329075 0.595948 0.055914 0.069750
0 0.281216 0.962957 0.111813 0.071065
0 0.767245 0.631237 0.061389 0.084940
0 0.419617 0.539291 0.036584 0.056247
3 0.648501 0.547651 0.051830 0.094410
3 0.071692 0.800336 0.122142 0.135852
0 0.261486 0.582862 0.053053 0.065103
0 0.346558 0.479623 0.031464 0.036583
0 0.448854 0.465000 0.024377 0.039586
0 0.165359 0.894341 0.130212 0.164312
0 0.313192 0.509831 0.034581 0.044188
0 0.602843 0.428776 0.016224 0.027130
0 0.401167 0.462529 0.024075 0.035098
3 0.165359 0.894341 0.130212 0.164312
