3 0.696408 0.499488 0.098943 0.172535
3 0.212827 0.571787 0.177009 0.248604
3 0.853514 0.710479 0.095016 0.155799
0 0.581350 0.572787 0.043422 0.072664
0 0.675789 0.592563 0.053705 0.075819
0 0.421170 0.541345 0.039912 0.059811
0 0.455650 0.448432 0.024698 0.032576
3 0.588858 0.396288 0.033114 0.058140
0 0.405956 0.459469 0.021712 0.033771
0 0.355408 0.468808 0.026875 0.036867
0 0.365919 0.770009 0.085718 0.146094
0 0.597627 0.470211 0.030761 0.045077
0 0.255821 0.726680 0.074699 0.104173
0 0.542415 0.440700 0.022199 0.032977
