0 0.294576 0.944492 0.115797 0.109212
0 0.366373 0.706345 0.070944 0.099805
0 0.203718 0.844617 0.113748 0.145396
0 0.276853 0.677865 0.073605 0.091910
0 0.349054 0.833088 0.084816 0.131005
3 0.049560 0.850882 0.098634 0.143691
0 0.744617 0.719468 0.076220 0.119810
3 0.296246 0.524756 0.042738 0.064218
0 0.380519 0.510347 0.036611 0.045256
0 0.404069 0.622000 0.045532 0.075991
0 0.580918 0.576257 0.039627 0.072755
0 0.343175 0.573231 0.045841 0.070890
3 0.670450 0.507793 0.042118 0.070253
3 0.188990 0.659880 0.077561 0.086880
