3 0.098943 0.752299 0.196885 0.424275
0 0.283393 0.672831 0.070474 0.090707
0 0.214544 0.785908 0.106611 0.126423
0 0.292587 0.927124 0.117094 0.143481
0 0.695909 0.638547 0.067420 0.090585
0 0.792504 0.651669 0.069014 0.090283
3 0.297087 0.524896 0.056692 0.090611
0 0.383199 0.703502 0.066989 0.100794
0 0.580334 0.583695 0.041522 0.073838
0 0.349456 0.575869 0.041633 0.062712
0 0.102049 0.968658 0.147806 0.060595
3 0.614192 0.422453 0.047906 0.089386
0 0.694842 0.540791 0.038677 0.056388
0 0.416754 0.568480 0.044088 0.083123
