0 0.321057 0.942100 0.109088 0.113093
0 0.428433 0.511390 0.031620 0.048588
0 0.286905 0.669952 0.065022 0.086758
0 0.336640 0.586856 0.050204 0.064473
0 0.391897 0.647178 0.061491 0.089565
3 0.788587 0.804017 0.107007 0.161580
0 0.367571 0.524201 0.039296 0.050861
3 0.078856 0.789196 0.119419 0.124593
0 0.446871 0.465372 0.024654 0.038888
3 0.372250 0.423060 0.053589 0.094098
0 0.729194 0.587508 0.056396 0.073709
0 0.640596 0.480742 0.029077 0.038519
0 0.609227 0.505850 0.033339 0.052227
0 0.324683 0.512235 0.036843 0.048797
3 0.407652 0.444624 0.029016 0.050640
