3 0.91171875 0.5046875 0.125 0.14375
2 0.8625 0.74609375 0.059375 0.109375
2 0.23046875 0.9296875 0.15234375 0.140625
2 0.040625 0.80078125 0.08125 0.1375
2 0.65078125 0.4296875 0.05390625 0.06640625
2 0.66328125 0.36328125 0.01875 0.04140625
2 0.978125 0.5140625 0.034375 0.0640625
2 0.58984375 0.39140625 0.03203125 0.0546875
2 0.48828125 0.35546875 0.01640625 0.0453125
2 0.5265625 0.30625 0.01171875 0.03359375
2 0.50546875 0.3015625 0.0109375 0.028125
2 0.4859375 0.3015625 0.0109375 0.02421875
2 0.46875 0.2875 0.00625 0.028125
