2 0.78046875 0.896875 0.078125 0.20625
2 0.71484375 0.69375 0.05859375 0.15390625
2 0.4765625 0.35625 0.01484375 0.03203125
2 0.453125 0.3375 0.0109375 0.034375
2 0.4875 0.30546875 0.00859375 0.0296875
2 0.49609375 0.30390625 0.00625 0.02578125
2 0.73203125 0.40625 0.02734375 0.0546875
1 0.05390625 0.51875 0.10703125 0.1390625
1 0.41328125 0.28125 0.025 0.03671875
1 0.5125 0.29453125 0.03203125 0.04296875
1 0.53828125 0.3703125 0.0578125 0.0921875
3 0.665625 0.48359375 0.13828125 0.1859375
3 0.79921875 0.403125 0.09296875 0.090625
