3 0.20703125 0.10703125 0.0984375 0.134375
1 0.39296875 0.1140625 0.15234375 0.13203125
1 0.30625 0.36328125 0.1921875 0.2765625
1 0.30390625 0.04609375 0.1140625 0.0921875
2 0.70859375 0.43828125 0.07109375 0.15234375
2 0.39453125 0.23359375 0.053125 0.09140625
2 0.5890625 0.678125 0.15546875 0.21640625
2 0.0984375 0.53203125 0.1421875 0.18125
3 0.296875 0.17109375 0.11953125 0.1578125
2 0.18046875 0.1890625 0.02578125 0.06796875
2 0.428125 0.44609375 0.08125 0.1734375
2 0.10546875 0.88671875 0.11015625 0.1890625
1 0.31484375 0.0703125 0.03671875 0.04375
