0 0.51640625 0.23828125 0.13203125 0.32734375
2 0.575 0.315625 0.0203125 0.08515625
2 0.546875 0.45625 0.05 0.1578125
2 0.59140625 0.28203125 0.0203125 0.09453125
2 0.5640625 0.56875 0.03984375 0.171875
2 0.46484375 0.52734375 0.02890625 0.18125
2 0.490625 0.675 0.059375 0.19453125
2 0.40078125 0.6484375 0.071875 0.22734375
2 0.38046875 0.55703125 0.03203125 0.1671875
2 0.37734375 0.48046875 0.02734375 0.15625
2 0.321875 0.58125 0.05625 0.1921875
3 0.2640625 0.4125 0.2046875 0.46015625
2 0.59609375 0.4640625 0.03046875 0.153125
2 0.625 0.20234375 0.015625 0.05546875
