2 0.35234375 0.28828125 0.03125 0.0921875
2 0.37265625 0.31484375 0.0359375 0.096875
2 0.47109375 0.3140625 0.0125 0.06015625
2 0.4296875 0.41015625 0.03203125 0.11953125
2 0.3765625 0.45 0.02109375 0.046875
2 0.325 0.5875 0.0578125 0.18828125
2 0.38671875 0.596875 0.04921875 0.17265625
2 0.44375 0.68203125 0.040625 0.18984375
2 0.49609375 0.73515625 0.06015625 0.240625
2 0.54921875 0.58828125 0.03046875 0.165625
2 0.49296875 0.53671875 0.0265625 0.14296875
2 0.5453125 0.44453125 0.01796875 0.11171875
2 0.609375 0.45390625 0.025 0.13515625
2 0.57578125 0.3703125 0.01328125 0.05625
2 0.62734375 0.359375 0.01953125 0.04921875
2 0.66328125 0.3375 0.0171875 0.08515625
2 0.64296875 0.3140625 0.0125 0.034375
2 0.6609375 0.228125 0.01015625 0.02265625
1 0.51640625 0.33046875 0.10859375 0.22265625
1 0.56328125 0.21640625 0.04921875 0.10859375
1 0.63046875 0.2140625 0.0421875 0.09453125
1 0.596875 0.165625 0.0359375 0.06328125
1 0.61171875 0.14140625 0.02890625 0.06484375
1 0.63203125 0.13046875 0.01953125 0.04921875
1 0.59609375 0.109375 0.02734375 0.04921875
3 0.48046875 0.17265625 0.0875 0.171875
