1 0.4171875 0.8046875 0.34765625 0.3734375
1 0.5203125 0.2953125 0.03046875 0.040625
2 0.1890625 0.46796875 0.0578125 0.0765625
2 0.29296875 0.415625 0.03671875 0.0671875
2 0.41015625 0.34765625 0.01875 0.03828125
2 0.42578125 0.3171875 0.0125 0.02734375
2 0.4453125 0.30859375 0.01015625 0.025
2 0.453125 0.303125 0.0078125 0.0234375
2 0.47890625 0.315625 0.01328125 0.0296875
2 0.49296875 0.30703125 0.0078125 0.025
2 0.52578125 0.30859375 0.01171875 0.03203125
2 0.5484375 0.30390625 0.0109375 0.03125
2 0.68828125 0.42890625 0.04296875 0.06796875
2 0.7734375 0.43203125 0.0359375 0.05390625
2 0.90625 0.4890625 0.04609375 0.0578125
