3 0.85546875 0.771875 0.22578125 0.33125
2 0.54609375 0.465625 0.02421875 0.05078125
2 0.5140625 0.3890625 0.01640625 0.0421875
2 0.43359375 0.3125 0.00859375 0.021875
2 0.60859375 0.33203125 0.0109375 0.03046875
2 0.55 0.31015625 0.009375 0.0265625
2 0.53359375 0.30859375 0.009375 0.03203125
2 0.51875 0.30546875 0.01015625 0.0296875
2 0.496875 0.31171875 0.0125 0.0296875
2 0.4453125 0.2796875 0.00625 0.01796875
2 0.41640625 0.28828125 0.0078125 0.0203125
1 0.490625 0.29375 0.03046875 0.04375
1 0.5546875 0.28515625 0.03203125 0.04609375
1 0.70234375 0.37734375 0.08359375 0.10859375
2 0.9859375 0.5109375 0.028125 0.046875
