3 0.36171875 0.5875 0.19765625 0.390625
0 0.68984375 0.2265625 0.1234375 0.2796875
1 0.4984375 0.29296875 0.09921875 0.20703125
1 0.5703125 0.1921875 0.05 0.0953125
1 0.596875 0.13828125 0.034375 0.06640625
1 0.5515625 0.12421875 0.04375 0.06640625
2 0.4796875 0.17734375 0.02109375 0.05703125
2 0.41796875 0.153125 0.01875 0.0453125
2 0.3984375 0.16875 0.01875 0.04296875
2 0.23359375 0.42890625 0.04140625 0.1421875
2 0.271875 0.50859375 0.02734375 0.1421875
2 0.296875 0.89296875 0.1 0.2140625
2 0.40703125 0.88984375 0.0765625 0.2203125
2 0.4203125 0.6671875 0.0625 0.13203125
2 0.48359375 0.69765625 0.0609375 0.22734375
2 0.51640625 0.49609375 0.04375 0.13203125
2 0.43828125 0.39609375 0.02421875 0.05078125
2 0.5828125 0.30390625 0.02109375 0.096875
2 0.61328125 0.2109375 0.0140625 0.0640625
