3 0.2703125 0.759375 0.225 0.48125
1 0.5140625 0.29921875 0.090625 0.171875
1 0.61953125 0.14609375 0.03984375 0.0765625
2 0.34921875 0.41328125 0.05078125 0.0625
2 0.33515625 0.8765625 0.0796875 0.246875
2 0.45390625 0.61171875 0.05859375 0.19765625
2 0.52734375 0.63203125 0.04375 0.19296875
2 0.525 0.47265625 0.05859375 0.13046875
2 0.57890625 0.48125 0.03515625 0.1390625
2 0.43515625 0.32421875 0.04375 0.10078125
2 0.63515625 0.3703125 0.03125 0.109375
2 0.5515625 0.3515625 0.02890625 0.0875
2 0.6484375 0.2609375 0.01953125 0.05390625
2 0.53359375 0.20078125 0.02109375 0.03515625
2 0.56796875 0.19453125 0.0171875 0.05625
2 0.58515625 0.24375 0.01015625 0.0578125
2 0.6375 0.21171875 0.01171875 0.0453125
2 0.66875 0.2296875 0.01015625 0.040625
