3 0.33046875 0.33359375 0.1703125 0.30859375
3 0.4953125 0.128125 0.04375 0.07265625
1 0.5359375 0.1859375 0.04921875 0.08359375
1 0.4921875 0.34609375 0.11328125 0.2359375
2 0.41484375 0.2328125 0.025 0.06015625
2 0.634375 0.35859375 0.01640625 0.10078125
2 0.590625 0.37578125 0.01796875 0.084375
2 0.55859375 0.44375 0.02109375 0.0640625
2 0.509375 0.53984375 0.046875 0.14921875
2 0.43359375 0.58828125 0.05703125 0.20234375
2 0.559375 0.584375 0.03984375 0.16328125
2 0.50859375 0.73671875 0.05859375 0.18671875
