2 0.03046875 0.88828125 0.0609375 0.10625
2 0.21328125 0.97890625 0.0390625 0.0421875
2 0.48515625 0.89765625 0.16640625 0.16484375
2 0.9296875 0.984375 0.0328125 0.03125
2 0.74765625 0.43828125 0.0453125 0.05625
2 0.66640625 0.415625 0.03828125 0.0609375
2 0.615625 0.384375 0.0296875 0.0578125
2 0.33046875 0.42109375 0.03828125 0.06484375
2 0.5578125 0.30859375 0.01171875 0.028125
2 0.5015625 0.2703125 0.00859375 0.02265625
2 0.478125 0.271875 0.0078125 0.02109375
2 0.45625 0.290625 0.0109375 0.021875
2 0.415625 0.28515625 0.00703125 0.01796875
1 0.42890625 0.3375 0.0515625 0.06484375
1 0.81171875 0.490625 0.1390625 0.13359375
1 0.43828125 0.27265625 0.02265625 0.03203125
1 0.46171875 0.26015625 0.02109375 0.02734375
1 0.44609375 0.24765625 0.01640625 0.02109375
