1 0.6203125 0.32890625 0.04375 0.06796875
1 0.75390625 0.36328125 0.0890625 0.06484375
1 0.4921875 0.2875 0.0296875 0.0453125
1 0.4515625 0.275 0.0203125 0.0375
1 0.43203125 0.29296875 0.028125 0.034375
1 0.42109375 0.34375 0.05234375 0.065625
2 0.34609375 0.39921875 0.02421875 0.05859375
2 0.2828125 0.4296875 0.0359375 0.05859375
2 0.5546875 0.31015625 0.0109375 0.0296875
2 0.5859375 0.31171875 0.0109375 0.02890625
2 0.51953125 0.30703125 0.009375 0.0296875
2 0.50390625 0.30546875 0.01015625 0.02890625
0 0.90078125 0.765625 0.19765625 0.46796875
