2 0.36875 0.9328125 0.09375 0.134375
2 0.34765625 0.821875 0.09375 0.26875
2 0.39453125 0.36640625 0.0390625 0.06875
2 0.6265625 0.41640625 0.021875 0.12265625
1 0.40859375 0.5015625 0.1484375 0.334375
1 0.57109375 0.18828125 0.03671875 0.07578125
1 0.59765625 0.171875 0.0390625 0.0921875
3 0.49375 0.12578125 0.04609375 0.078125
3 0.51484375 0.2625 0.0921875 0.21328125
3 0.5625 0.3546875 0.10078125 0.284375
1 0.61796875 0.140625 0.028125 0.065625
2 0.6515625 0.2875 0.015625 0.05859375
2 0.6484375 0.19921875 0.0125 0.05234375
