2 0.075 0.65546875 0.07109375 0.10078125
2 0.21484375 0.55 0.0609375 0.090625
2 0.3796875 0.44140625 0.0328125 0.07265625
2 0.4015625 0.39453125 0.02734375 0.05234375
2 0.8171875 0.47890625 0.03828125 0.065625
1 0.7765625 0.54140625 0.1265625 0.1734375
1 0.48125 0.328125 0.03671875 0.07109375
1 0.57265625 0.33828125 0.05078125 0.07421875
1 0.60859375 0.3234375 0.03828125 0.0609375
2 0.60234375 0.346875 0.01171875 0.0390625
3 0.6953125 0.38671875 0.1171875 0.16640625
1 0.52890625 0.29140625 0.03125 0.04296875
1 0.4578125 0.2734375 0.02421875 0.03828125
1 0.43671875 0.2625 0.01953125 0.028125
2 0.44375 0.28671875 0.01015625 0.0265625
2 0.41171875 0.28828125 0.0078125 0.02109375
2 0.5046875 0.29609375 0.01015625 0.02578125
