1 0.93046875 0.65546875 0.1390625 0.27421875
1 0.4234375 0.41796875 0.09140625 0.096875
1 0.51640625 0.31796875 0.0375 0.05703125
1 0.54140625 0.296875 0.03359375 0.046875
1 0.65703125 0.35 0.06640625 0.0859375
1 0.4796875 0.28046875 0.028125 0.04453125
1 0.5171875 0.275 0.02890625 0.03125
1 0.45703125 0.2703125 0.01875 0.028125
3 0.79921875 0.4015625 0.0890625 0.09140625
2 0.8765625 0.4828125 0.046875 0.0609375
2 0.6671875 0.4109375 0.02421875 0.05859375
2 0.63984375 0.396875 0.015625 0.0578125
2 0.603125 0.38125 0.015625 0.05
2 0.58125 0.36171875 0.0140625 0.046875
2 0.56328125 0.33359375 0.0125 0.0328125
2 0.57109375 0.303125 0.0109375 0.02421875
2 0.8359375 0.684375 0.0546875 0.1203125
2 0.503125 0.43125 0.02734375 0.06796875
2 0.45703125 0.4671875 0.03359375 0.071875
2 0.25859375 0.49296875 0.0453125 0.075
2 0.08515625 0.57109375 0.0578125 0.07890625
2 0.34609375 0.38828125 0.02421875 0.05078125
2 0.42421875 0.31640625 0.01328125 0.02734375
2 0.45546875 0.36953125 0.0140625 0.02578125
2 0.465625 0.34609375 0.0078125 0.021875
2 0.47890625 0.33671875 0.01015625 0.0375
2 0.48203125 0.3046875 0.01171875 0.02734375
