2 0.340625 0.58828125 0.0625 0.17890625
2 0.396875 0.6296875 0.06328125 0.18671875
2 0.4609375 0.69375 0.0609375 0.19140625
2 0.49296875 0.5203125 0.03828125 0.1265625
2 0.43359375 0.47734375 0.02578125 0.09765625
2 0.64453125 0.396875 0.025 0.12578125
0 0.490625 0.18125 0.07890625 0.13671875
1 0.503125 0.3296875 0.103125 0.22109375
1 0.575 0.39453125 0.10078125 0.25703125
2 0.6609375 0.31328125 0.0140625 0.0640625
2 0.6390625 0.275 0.0234375 0.03828125
1 0.57109375 0.22734375 0.0484375 0.103125
1 0.60390625 0.16875 0.03359375 0.06640625
