2 0.93984375 0.4984375 0.04296875 0.059375
2 0.83671875 0.46015625 0.0421875 0.05859375
2 0.7359375 0.40390625 0.01640625 0.0484375
2 0.38984375 0.3640625 0.01640625 0.03203125
2 0.425 0.321875 0.01328125 0.03515625
2 0.45390625 0.28828125 0.01015625 0.034375
2 0.30078125 0.41796875 0.015625 0.05234375
2 0.11484375 0.4984375 0.05078125 0.06640625
1 0.16875 0.565625 0.15390625 0.178125
1 0.70078125 0.425 0.0984375 0.13671875
1 0.58125 0.325 0.04765625 0.06875
1 0.475 0.2828125 0.02578125 0.0421875
3 0.48046875 0.3703125 0.0640625 0.103125
3 0.51171875 0.31484375 0.0328125 0.0671875
3 0.53671875 0.296875 0.0390625 0.07578125
3 0.90859375 0.68046875 0.1828125 0.4046875
