3 0.8125 0.6 0.20703125 0.21171875
1 0.0875 0.88671875 0.171875 0.22578125
1 0.4328125 0.28359375 0.021875 0.04140625
1 0.4953125 0.2734375 0.02734375 0.03046875
3 0.4703125 0.25546875 0.02734375 0.034375
2 0.57265625 0.31640625 0.01015625 0.03203125
2 0.65546875 0.35625 0.01796875 0.0375
2 0.7265625 0.4 0.028125 0.0515625
2 0.96640625 0.50234375 0.05 0.05859375
2 0.45546875 0.58515625 0.09765625 0.10703125
2 0.4921875 0.3078125 0.0078125 0.03046875
2 0.5 0.30078125 0.00625 0.02421875
2 0.50859375 0.30546875 0.00703125 0.02890625
2 0.51875 0.303125 0.00625 0.028125
2 0.53046875 0.3046875 0.00703125 0.02734375
2 0.55703125 0.30859375 0.009375 0.0296875
2 0.54375 0.30703125 0.00859375 0.0296875
2 0.48359375 0.303125 0.00703125 0.02734375
