1 0.965625 0.5328125 0.06796875 0.1109375
1 0.51328125 0.33984375 0.0609375 0.07109375
0 0.30234375 0.69375 0.60390625 0.5328125
2 0.77890625 0.48046875 0.05859375 0.075
2 0.84453125 0.4625 0.0453125 0.065625
2 0.590625 0.390625 0.02734375 0.0546875
2 0.55234375 0.30625 0.01171875 0.03046875
2 0.48828125 0.2984375 0.00859375 0.02421875
2 0.44609375 0.3171875 0.00859375 0.02578125
2 0.41875 0.30546875 0.00859375 0.02265625
2 0.4328125 0.296875 0.00625 0.02265625
3 0.44921875 0.27734375 0.02578125 0.0453125
1 0.43125 0.253125 0.0203125 0.03046875
