2 0.98046875 0.54453125 0.0328125 0.06484375
2 0.90546875 0.55 0.05 0.0703125
2 0.8828125 0.528125 0.04609375 0.0671875
2 0.49140625 0.3046875 0.01015625 0.0296875
2 0.51640625 0.30546875 0.01171875 0.02890625
2 0.5421875 0.31015625 0.0125 0.03125
2 0.55859375 0.309375 0.009375 0.02734375
2 0.48125 0.29921875 0.01171875 0.0296875
2 0.46328125 0.28046875 0.00703125 0.025
3 0.8203125 0.40078125 0.04921875 0.09296875
0 0.60546875 0.51953125 0.41171875 0.37265625
2 0.3640625 0.384375 0.02890625 0.05546875
