2 0.59921875 0.48046875 0.02890625 0.153125
2 0.64765625 0.33046875 0.0125 0.08828125
2 0.6296875 0.25234375 0.0140625 0.03828125
3 0.38515625 0.25703125 0.19609375 0.3625
1 0.559375 0.1390625 0.03671875 0.0609375
1 0.41875 0.453125 0.12109375 0.26171875
1 0.5015625 0.496875 0.1609375 0.4203125
1 0.59375 0.30078125 0.06953125 0.1609375
1 0.56875 0.21875 0.04921875 0.1015625
3 0.50625 0.2875 0.090625 0.12109375
0 0.6515625 0.1609375 0.04609375 0.178125
2 0.67109375 0.2734375 0.0140625 0.071875
2 0.821875 0.346875 0.0328125 0.05625
2 0.62421875 0.38515625 0.0203125 0.05859375
1 0.59140625 0.17109375 0.03828125 0.08125
1 0.60703125 0.14453125 0.0296875 0.08125
