2 0.4375 0.290625 0.00859375 0.02109375
2 0.43125 0.3515625 0.009375 0.0296875
2 0.47109375 0.36015625 0.0125 0.034375
2 0.48984375 0.37109375 0.01328125 0.0328125
2 0.50546875 0.35234375 0.0140625 0.03046875
2 0.45625 0.32421875 0.01171875 0.025
2 0.77109375 0.428125 0.03125 0.05859375
2 0.64609375 0.35390625 0.01484375 0.034375
2 0.49296875 0.30703125 0.009375 0.02578125
2 0.50859375 0.3046875 0.0078125 0.0296875
2 0.53046875 0.30625 0.00859375 0.03125
2 0.54375 0.30546875 0.0125 0.03359375
2 0.55625 0.30859375 0.00859375 0.0328125
1 0.95078125 0.49765625 0.0984375 0.128125
1 0.48984375 0.2703125 0.0296875 0.0296875
2 0.484375 0.3 0.00703125 0.025
2 0.51875 0.30234375 0.00859375 0.028125
3 0.59609375 0.44140625 0.10234375 0.14609375
