1 0.2765625 0.915625 0.4046875 0.16875
1 0.1328125 0.76015625 0.265625 0.2734375
1 0.665625 0.440625 0.115625 0.10859375
1 0.5296875 0.35859375 0.0609375 0.071875
1 0.47109375 0.3125 0.046875 0.0609375
3 0.4390625 0.2796875 0.0265625 0.053125
3 0.5 0.2640625 0.059375 0.09375
2 0.49609375 0.30703125 0.0109375 0.0328125
2 0.5078125 0.31953125 0.00859375 0.015625
2 0.415625 0.3484375 0.015625 0.03125
2 0.37734375 0.37421875 0.021875 0.040625
2 0.12421875 0.4921875 0.053125 0.0765625
1 0.41484375 0.2640625 0.015625 0.02734375
