3 0.8 0.403125 0.08828125 0.08828125
1 0.859375 0.80703125 0.23828125 0.30390625
1 0.53125 0.29375 0.0375 0.04921875
1 0.49140625 0.29296875 0.0328125 0.040625
1 0.4765625 0.27734375 0.025 0.03046875
2 0.4421875 0.30703125 0.009375 0.0203125
2 0.46484375 0.353125 0.01328125 0.0296875
2 0.49296875 0.3453125 0.01328125 0.03125
2 0.5140625 0.434375 0.0234375 0.0484375
2 0.5390625 0.39296875 0.0171875 0.040625
2 0.6390625 0.3484375 0.0140625 0.03828125
2 0.56171875 0.31484375 0.01015625 0.02890625
2 0.746875 0.94375 0.04921875 0.1125
2 0.9125 0.9765625 0.05546875 0.04609375
