1 0.19296875 0.5703125 0.17578125 0.2046875
1 0.4359375 0.44921875 0.10234375 0.1328125
1 0.5203125 0.359375 0.0484375 0.08203125
1 0.52265625 0.30625 0.03515625 0.0296875
1 0.50625 0.296875 0.03515625 0.0515625
1 0.47890625 0.26015625 0.01953125 0.02578125
3 0.7984375 0.40078125 0.0921875 0.09296875
2 0.44921875 0.2625 0.00625 0.0171875
2 0.6453125 0.37421875 0.0140625 0.04296875
2 0.8890625 0.56796875 0.0453125 0.09375
2 0.28671875 0.46796875 0.040625 0.06640625
2 0.1109375 0.4984375 0.053125 0.07421875
