1 0.41171875 0.4765625 0.159375 0.35703125
1 0.54140625 0.3234375 0.09375 0.2078125
1 0.56328125 0.20625 0.0625 0.1
1 0.6234375 0.29921875 0.0609375 0.18359375
1 0.62109375 0.14296875 0.0296875 0.078125
2 0.4875 0.29921875 0.0171875 0.065625
2 0.4265625 0.15 0.0328125 0.04609375
2 0.30625 0.5515625 0.0515625 0.15625
2 0.44375 0.6671875 0.06171875 0.20625
2 0.47578125 0.5421875 0.0328125 0.13359375
2 0.51640625 0.5625 0.0484375 0.12890625
2 0.5 0.76875 0.04921875 0.2125
0 0.2625 0.43515625 0.18515625 0.3609375
2 0.578125 0.54921875 0.02890625 0.15703125
2 0.5109375 0.240625 0.0171875 0.03828125
2 0.6703125 0.34296875 0.01328125 0.078125
2 0.66875 0.28203125 0.01328125 0.03984375
2 0.6578125 0.24296875 0.01328125 0.034375
2 0.6015625 0.22890625 0.01875 0.046875
3 0.6 0.175 0.040625 0.08828125
0 0.659375 0.14609375 0.03828125 0.1578125
3 0.5828125 0.10859375 0.03125 0.06015625
2 0.39140625 0.24609375 0.0265625 0.08203125
2 0.4484375 0.21328125 0.021875 0.059375
2 0.459375 0.18046875 0.01640625 0.0515625
1 0.51328125 0.17109375 0.0546875 0.084375
