3 0.7984375 0.40234375 0.08828125 0.090625
1 0.85546875 0.78984375 0.25 0.36640625
1 0.5984375 0.31484375 0.04140625 0.05859375
1 0.49921875 0.290625 0.0328125 0.0421875
1 0.53046875 0.28125 0.03125 0.04609375
0 0.553125 0.2765625 0.0375 0.05703125
2 0.45546875 0.30546875 0.00859375 0.0234375
2 0.4125 0.33203125 0.01328125 0.02890625
2 0.475 0.340625 0.009375 0.03046875
2 0.4875 0.365625 0.01328125 0.03359375
2 0.52578125 0.39609375 0.01796875 0.0609375
2 0.52890625 0.30546875 0.009375 0.02578125
