1 0.92109375 0.62578125 0.1578125 0.2546875
1 0.12421875 0.54765625 0.1859375 0.1984375
1 0.46328125 0.375 0.06328125 0.07890625
1 0.8 0.43203125 0.11015625 0.11875
3 0.821875 0.39140625 0.046875 0.0765625
1 0.678125 0.4015625 0.08203125 0.1125
1 0.640625 0.3296875 0.05390625 0.0578125
1 0.56796875 0.33203125 0.0515625 0.071875
1 0.58984375 0.30390625 0.03828125 0.0578125
1 0.53046875 0.29296875 0.03671875 0.04921875
1 0.490625 0.30859375 0.03359375 0.05546875
1 0.48046875 0.27890625 0.02578125 0.0296875
0 0.45078125 0.2484375 0.02109375 0.04140625
2 0.421875 0.346875 0.01171875 0.0296875
2 0.36875 0.4984375 0.04453125 0.08515625
2 0.41328125 0.55234375 0.04765625 0.096875
