1 0.3328125 0.35078125 0.16640625 0.23828125
1 0.215625 0.028125 0.0484375 0.05546875
1 0.32109375 0.05234375 0.12265625 0.10390625
1 0.3140625 0.0859375 0.03125 0.08359375
1 0.3859375 0.1140625 0.14375 0.13359375
2 0.54296875 0.521875 0.12109375 0.17734375
2 0.4921875 0.1625 0.03828125 0.07734375
2 0.4640625 0.159375 0.02109375 0.059375
2 0.92890625 0.871875 0.1421875 0.253125
2 0.7453125 0.6546875 0.11796875 0.2015625
1 0.23203125 0.7765625 0.4640625 0.44375
1 0.0796875 0.5109375 0.159375 0.17734375
