3 0.22265625 0.5546875 0.12578125 0.309375
1 0.5140625 0.4 0.11171875 0.22890625
1 0.540625 0.2359375 0.07265625 0.13359375
1 0.58984375 0.18671875 0.04375 0.09140625
1 0.60546875 0.1515625 0.03515625 0.07890625
1 0.62265625 0.13046875 0.01875 0.0578125
2 0.4140625 0.26171875 0.021875 0.08984375
2 0.64609375 0.23359375 0.0109375 0.06015625
2 0.58046875 0.2640625 0.015625 0.05
2 0.59296875 0.34140625 0.02109375 0.06328125
2 0.59296875 0.41015625 0.02265625 0.06640625
2 0.55859375 0.57578125 0.0359375 0.1625
2 0.49921875 0.53984375 0.05859375 0.128125
2 0.43359375 0.75 0.04140625 0.20625
2 0.3875 0.68515625 0.0703125 0.21484375
2 0.32109375 0.6015625 0.03671875 0.16796875
2 0.3984375 0.4453125 0.04140625 0.09765625
