1 0.05 0.903125 0.1 0.19375
1 0.921875 0.5125 0.11328125 0.121875
1 0.65234375 0.41484375 0.125 0.1078125
1 0.1234375 0.48828125 0.13046875 0.1265625
1 0.46015625 0.296875 0.03203125 0.04765625
1 0.4859375 0.27890625 0.02421875 0.0375
1 0.465625 0.26328125 0.0203125 0.02109375
2 0.50390625 0.30078125 0.009375 0.03046875
2 0.51796875 0.28984375 0.0078125 0.02265625
2 0.55625 0.31171875 0.0140625 0.02421875
2 0.46875 0.33828125 0.01171875 0.03046875
2 0.42578125 0.28828125 0.01015625 0.02109375
2 0.44140625 0.28828125 0.00859375 0.01953125
2 0.15859375 0.85625 0.1171875 0.14609375
