1 0.675 0.4296875 0.14375 0.125
2 0.5796875 0.37265625 0.02578125 0.05234375
2 0.47265625 0.33984375 0.01484375 0.03515625
2 0.496875 0.3078125 0.01171875 0.0328125
2 0.453125 0.30390625 0.009375 0.02265625
0 0.4953125 0.25703125 0.05546875 0.0859375
1 0.4234375 0.259375 0.0171875 0.02734375
1 0.425 0.29921875 0.02890625 0.04453125
1 0.94296875 0.52890625 0.1140625 0.1390625
3 0.340625 0.378125 0.10546875 0.12265625
2 0.8296875 0.478125 0.053125 0.06875
2 0.01484375 0.534375 0.02890625 0.06484375
