3 0.4734375 0.17890625 0.078125 0.11328125
1 0.45 0.42421875 0.121875 0.2625
1 0.52578125 0.27890625 0.08203125 0.18046875
1 0.56640625 0.21015625 0.05 0.1078125
1 0.61328125 0.2390625 0.05 0.13515625
1 0.56953125 0.12109375 0.03671875 0.05
1 0.60078125 0.1625 0.03125 0.0609375
1 0.621875 0.13984375 0.028125 0.0640625
2 0.659375 0.19765625 0.0140625 0.05703125
2 0.36171875 0.36015625 0.03828125 0.1125
2 0.31796875 0.609375 0.03125 0.16484375
2 0.3609375 0.4921875 0.03984375 0.16015625
2 0.38359375 0.62578125 0.0625 0.203125
2 0.45703125 0.675 0.05859375 0.22734375
2 0.5046875 0.4890625 0.046875 0.12890625
2 0.5515625 0.628125 0.0328125 0.17890625
2 0.53671875 0.42265625 0.03125 0.10078125
2 0.58515625 0.3828125 0.01953125 0.05859375
2 0.61171875 0.4640625 0.02421875 0.1234375
2 0.63671875 0.38671875 0.015625 0.08828125
2 0.409375 0.3546875 0.02265625 0.0609375
2 0.46015625 0.28828125 0.01953125 0.0171875
2 0.3765625 0.28671875 0.03125 0.0796875
2 0.66796875 0.1265625 0.00859375 0.03125
