3 0.4953125 0.28984375 0.03046875 0.046875
2 0.89921875 0.56953125 0.05 0.08046875
2 0.84453125 0.6390625 0.06640625 0.10390625
1 0.45390625 0.6265625 0.21875 0.1890625
2 0.4921875 0.30546875 0.009375 0.034375
2 0.52734375 0.3078125 0.0109375 0.03359375
2 0.55234375 0.31015625 0.01171875 0.02890625
1 0.5359375 0.2828125 0.03671875 0.03359375
0 0.85703125 0.42578125 0.14453125 0.17265625
2 0.47421875 0.2984375 0.0078125 0.0296875
0 0.028125 0.55234375 0.05625 0.30234375
2 0.5234375 0.56328125 0.08828125 0.090625
