3 0.8 0.40234375 0.090625 0.0921875
3 0.53515625 0.3984375 0.08359375 0.12890625
1 0.4984375 0.28671875 0.02890625 0.04765625
1 0.89609375 0.878125 0.2078125 0.24375
1 0.5359375 0.29375 0.03671875 0.04765625
2 0.6265625 0.33828125 0.015625 0.03671875
2 0.57734375 0.39609375 0.0234375 0.0609375
2 0.478125 0.46484375 0.02265625 0.05078125
2 0.44765625 0.3078125 0.0109375 0.02421875
2 0.43125 0.29453125 0.00859375 0.0234375
2 0.3984375 0.35703125 0.01953125 0.04921875
2 0.21875 0.4484375 0.04453125 0.065625
2 0.48046875 0.30625 0.01015625 0.0265625
