2 0.59921875 0.48046875 0.02890625 0.153125
2 0.64765625 0.33046875 0.0125 0.08828125
2 0.6296875 0.25234375 0.0140625 0.03828125
1 0.559375 0.1390625 0.03671875 0.0609375
1 0.41875 0.453125 0.12109375 0.26171875
1 0.5015625 0.496875 0.1609375 0.4203125
1 0.59375 0.30078125 0.06953125 0.1609375
1 0.56875 0.21875 0.04921875 0.1015625
3 0.50625 0.2875 0.090625 0.12109375
0 0.6515625 0.1609375 0.04609375 0.178125
2 0.6671875 0.31953125 0.01484375 0.08828125
2 0.67734375 0.2359375 0.01328125 0.0546875
2 0.4484375 0.3125 0.01953125 0.05078125
2 0.41796875 0.3453125 0.0328125 0.0421875
2 0.3609375 0.46015625 0.04453125 0.1359375
2 0.62421875 0.39296875 0.0171875 0.06640625
1 0.5140625 0.1 0.0453125 0.05859375
1 0.59296875 0.1671875 0.0328125 0.07265625
1 0.6078125 0.13984375 0.028125 0.078125
