0 0.49375 0.13984375 0.10390625 0.19453125
1 0.5640625 0.2078125 0.05703125 0.109375
1 0.475 0.4140625 0.13515625 0.30234375
2 0.3515625 0.5796875 0.06015625 0.190625
2 0.4359375 0.65546875 0.0671875 0.2296875
2 0.50546875 0.76015625 0.05859375 0.209375
2 0.39140625 0.475 0.03671875 0.1375
2 0.52421875 0.52421875 0.03671875 0.1328125
2 0.59609375 0.4 0.03203125 0.0890625
2 0.6234375 0.365625 0.028125 0.096875
2 0.57421875 0.30234375 0.02109375 0.07578125
2 0.5078125 0.2484375 0.02109375 0.03359375
2 0.63125 0.2484375 0.01875 0.04375
2 0.64296875 0.33046875 0.021875 0.09765625
1 0.23984375 0.28515625 0.08515625 0.128125
2 0.36328125 0.35625 0.04140625 0.09375
2 0.28046875 0.42265625 0.04140625 0.13203125
1 0.63671875 0.11015625 0.01953125 0.046875
2 0.665625 0.13671875 0.01015625 0.034375
