1 0.58515625 0.13671875 0.03359375 0.06015625
1 0.5703125 0.2171875 0.05859375 0.10078125
1 0.49765625 0.3171875 0.0953125 0.19921875
3 0.39140625 0.31328125 0.14296875 0.26015625
2 0.215625 0.4875 0.0484375 0.1328125
2 0.503125 0.18515625 0.01875 0.06015625
2 0.6671875 0.29375 0.0171875 0.07578125
2 0.64453125 0.3921875 0.01796875 0.109375
2 0.60390625 0.365625 0.0125 0.05390625
2 0.55703125 0.328125 0.021875 0.071875
2 0.521875 0.4171875 0.0328125 0.03515625
2 0.61171875 0.4421875 0.01953125 0.0921875
2 0.5546875 0.48515625 0.01953125 0.0578125
2 0.56015625 0.59375 0.03515625 0.15234375
2 0.51171875 0.5515625 0.04140625 0.10234375
2 0.46875 0.50234375 0.03828125 0.12890625
2 0.42421875 0.4765625 0.03984375 0.08359375
2 0.36953125 0.63125 0.0390625 0.1671875
2 0.4265625 0.66015625 0.05703125 0.215625
2 0.47265625 0.7484375 0.04375 0.19375
