3 0.340625 0.43046875 0.153125 0.28984375
1 0.49140625 0.35546875 0.121875 0.22890625
1 0.59453125 0.23125 0.0640625 0.11328125
1 0.55703125 0.1796875 0.05703125 0.10625
2 0.36875 0.73828125 0.078125 0.2359375
2 0.43984375 0.83125 0.08125 0.284375
2 0.48046875 0.56640625 0.046875 0.175
2 0.53671875 0.621875 0.05703125 0.190625
2 0.52734375 0.43203125 0.0328125 0.13359375
2 0.5703125 0.45859375 0.0328125 0.10546875
2 0.6046875 0.39765625 0.02421875 0.1078125
2 0.5828125 0.3296875 0.02421875 0.0765625
2 0.65703125 0.26484375 0.015625 0.06953125
1 0.6078125 0.14140625 0.034375 0.06953125
1 0.63046875 0.1171875 0.0171875 0.05546875
1 0.64453125 0.165625 0.0328125 0.0921875
