2 0.1828125 0.50625 0.04375 0.14375
2 0.51328125 0.60234375 0.05 0.18203125
2 0.55390625 0.428125 0.028125 0.11484375
2 0.58125 0.3640625 0.02265625 0.0984375
2 0.54296875 0.31328125 0.0234375 0.10078125
2 0.61484375 0.2515625 0.01328125 0.06953125
2 0.63984375 0.21171875 0.00859375 0.05703125
2 0.62421875 0.18828125 0.0109375 0.028125
1 0.340625 0.746875 0.2171875 0.50546875
3 0.42109375 0.3953125 0.1375 0.25
1 0.57265625 0.203125 0.05546875 0.103125
1 0.73515625 0.3109375 0.07734375 0.13125
1 0.665625 0.11328125 0.021875 0.05625
1 0.51640625 0.09921875 0.04296875 0.05703125
3 0.6359375 0.1046875 0.0234375 0.07578125
