1 0.21484375 0.02890625 0.0484375 0.0578125
1 0.32109375 0.05234375 0.12265625 0.10390625
1 0.3859375 0.1140625 0.14375 0.13359375
1 0.3140625 0.08671875 0.03125 0.084375
2 0.31015625 0.26328125 0.0203125 0.07265625
2 0.21796875 0.21484375 0.0296875 0.07890625
2 0.2375 0.6609375 0.18203125 0.21328125
2 0.41015625 0.8296875 0.1578125 0.278125
2 0.6578125 0.76875 0.15 0.26640625
2 0.490625 0.1578125 0.03984375 0.0828125
2 0.515625 0.54375 0.13828125 0.17734375
2 0.46328125 0.15703125 0.02109375 0.0578125
