1 0.32734375 0.053125 0.1171875 0.09453125
1 0.31484375 0.08671875 0.03671875 0.08515625
1 0.25703125 0.0421875 0.0328125 0.08359375
1 0.21484375 0.02734375 0.0421875 0.0546875
0 0.27109375 0.525 0.5421875 0.7375
1 0.39296875 0.10390625 0.15234375 0.1109375
3 0.2625 0.11484375 0.08828125 0.08828125
1 0.88046875 0.49453125 0.2390625 0.3234375
2 0.90078125 0.91875 0.11328125 0.16171875
2 0.6140625 0.35 0.10078125 0.12109375
2 0.53828125 0.42890625 0.03125 0.153125
2 0.6546875 0.984375 0.05390625 0.03125
