0 0.4984375 0.26171875 0.05546875 0.08671875
3 0.42890625 0.31484375 0.04375 0.08046875
1 0.41875 0.27421875 0.01953125 0.0234375
1 0.53125 0.3578125 0.078125 0.0859375
1 0.6671875 0.42890625 0.11015625 0.10078125
1 0.95625 0.53984375 0.0875 0.10546875
1 0.98359375 0.80390625 0.0328125 0.14375
2 0.596875 0.36875 0.02578125 0.04921875
2 0.49609375 0.3046875 0.01015625 0.03046875
2 0.4671875 0.30859375 0.01015625 0.0234375
2 0.30390625 0.4171875 0.034375 0.0609375
2 0.1703125 0.47109375 0.04765625 0.07421875
