3 0.2546875 0.44765625 0.1640625 0.27578125
3 0.46875 0.35234375 0.125 0.18828125
2 0.6421875 0.1609375 0.009375 0.0421875
2 0.52421875 0.259375 0.02578125 0.0515625
2 0.60703125 0.26328125 0.015625 0.046875
2 0.6265625 0.2984375 0.009375 0.02890625
2 0.578125 0.37578125 0.021875 0.1078125
2 0.55390625 0.33203125 0.0125 0.05390625
2 0.39296875 0.4046875 0.025 0.1171875
2 0.3453125 0.4625 0.05 0.0984375
2 0.3421875 0.5875 0.06171875 0.18515625
2 0.4234375 0.571875 0.06328125 0.17890625
2 0.4328125 0.66640625 0.06171875 0.2390625
2 0.5 0.75859375 0.0578125 0.26328125
2 0.53671875 0.5625 0.04609375 0.07265625
2 0.50625 0.48046875 0.059375 0.17421875
2 0.58984375 0.5296875 0.0375 0.15625
2 0.6375 0.3875 0.02265625 0.1109375
2 0.61015625 0.434375 0.01875 0.078125
2 0.5390625 0.37421875 0.01640625 0.0421875
2 0.56484375 0.14765625 0.01484375 0.04609375
2 0.53671875 0.14296875 0.009375 0.03828125
