1 0.27734375 0.51171875 0.1578125 0.17890625
2 0.1078125 0.55546875 0.05859375 0.07890625
2 0.3890625 0.42421875 0.03046875 0.06015625
2 0.9671875 0.703125 0.06015625 0.12578125
2 0.8296875 0.5625 0.0515625 0.090625
2 0.7078125 0.45234375 0.025 0.0671875
2 0.6390625 0.38359375 0.01796875 0.05390625
2 0.68125 0.3859375 0.0140625 0.04375
2 0.54609375 0.3484375 0.01640625 0.0453125
2 0.59453125 0.33515625 0.01171875 0.03984375
2 0.553125 0.30859375 0.00859375 0.03359375
3 0.4796875 0.35859375 0.09765625 0.15859375
1 0.503125 0.28203125 0.028125 0.0328125
1 0.47890625 0.2703125 0.02421875 0.02265625
2 0.71640625 0.403125 0.01171875 0.02578125
