0 0.428125 0.23984375 0.02734375 0.046875
2 0.12890625 0.4875 0.03203125 0.06640625
1 0.490625 0.34375 0.05390625 0.071875
1 0.45234375 0.29453125 0.03125 0.04296875
1 0.29765625 0.4234375 0.121875 0.10546875
1 0.52421875 0.29375 0.025 0.03984375
2 0.50078125 0.296875 0.01015625 0.01640625
2 0.18515625 0.47265625 0.04609375 0.07109375
0 0.68515625 0.45703125 0.30625 0.40234375
0 0.44375 0.25546875 0.03203125 0.0671875
2 0.09609375 0.52109375 0.05625 0.07265625
1 0.953125 0.915625 0.09375 0.16796875
