2 0.9625 0.465625 0.07421875 0.096875
1 0.3765625 0.115625 0.125 0.12578125
1 0.334375 0.0828125 0.0875 0.0890625
1 0.31015625 0.059375 0.10703125 0.08984375
1 0.278125 0.0421875 0.10546875 0.084375
1 0.26015625 0.5671875 0.40390625 0.359375
1 0.18203125 0.09375 0.10234375 0.125
2 0.71796875 0.40234375 0.046875 0.1375
2 0.17109375 0.1703125 0.0296875 0.065625
3 0.86640625 0.8015625 0.2671875 0.39609375
2 0.26640625 0.18359375 0.04140625 0.0953125
2 0.32421875 0.29921875 0.03984375 0.08359375
2 0.8625 0.53671875 0.11640625 0.1875
2 0.60390625 0.640625 0.14453125 0.215625
2 0.55546875 0.9515625 0.22421875 0.096875
