3 0.13984375 0.440625 0.2796875 0.2421875
3 0.6328125 0.453125 0.171875 0.23203125
3 0.471875 0.25625 0.0265625 0.04375
3 0.46875 0.3078125 0.0390625 0.059375
1 0.69609375 0.3734375 0.0703125 0.10234375
2 0.4125 0.28984375 0.009375 0.02578125
2 0.54140625 0.3109375 0.0109375 0.028125
2 0.565625 0.31171875 0.0125 0.03046875
2 0.55234375 0.30625 0.0078125 0.01953125
2 0.4875 0.3046875 0.00859375 0.021875
1 0.5 0.290625 0.03359375 0.04453125
1 0.4421875 0.28671875 0.02265625 0.040625
1 0.44453125 0.2484375 0.0171875 0.02109375
2 0.7546875 0.80625 0.07578125 0.1796875
