3 0.2328125 0.4984375 0.1484375 0.24921875
3 0.4125 0.48828125 0.1546875 0.28828125
1 0.49921875 0.29765625 0.08671875 0.18046875
1 0.571875 0.359375 0.08125 0.21875
1 0.5546875 0.2203125 0.05234375 0.125
1 0.61171875 0.2 0.03515625 0.09921875
2 0.45078125 0.6484375 0.0609375 0.2109375
2 0.50234375 0.66484375 0.05546875 0.19140625
2 0.49375 0.4921875 0.0234375 0.11171875
2 0.56796875 0.53828125 0.03984375 0.15703125
2 0.60546875 0.47265625 0.02265625 0.12734375
2 0.628125 0.4015625 0.015625 0.103125
2 0.659375 0.35078125 0.01640625 0.090625
2 0.61328125 0.2625 0.01796875 0.0390625
2 0.5953125 0.23203125 0.0109375 0.028125
0 0.42890625 0.24921875 0.11796875 0.203125
1 0.5328125 0.14609375 0.0453125 0.0640625
2 0.65390625 0.26875 0.0109375 0.02578125
1 0.64765625 0.15234375 0.03359375 0.0671875
2 0.503125 0.159375 0.01328125 0.03984375
1 0.62265625 0.12265625 0.02109375 0.05234375
1 0.63984375 0.1046875 0.02109375 0.04375
3 0.596875 0.15078125 0.03125 0.0796875
1 0.6671875 0.12578125 0.015625 0.0609375
