3 0.45703125 0.34453125 0.07578125 0.140625
1 0.3375 0.46328125 0.13515625 0.153125
1 0.04375 0.58359375 0.0875 0.1546875
1 0.85078125 0.45 0.11640625 0.128125
1 0.6046875 0.33125 0.0546875 0.0734375
1 0.5125 0.32265625 0.03125 0.065625
1 0.56953125 0.315625 0.0296875 0.04921875
1 0.5359375 0.28828125 0.02890625 0.04296875
2 0.646875 0.34765625 0.01640625 0.03984375
2 0.3640625 0.36953125 0.021875 0.0296875
2 0.125 0.4890625 0.05 0.0734375
2 0.72109375 0.39296875 0.0171875 0.0484375
2 0.675 0.365625 0.01640625 0.040625
2 0.84921875 0.6125 0.04609375 0.1078125
2 0.9 0.69453125 0.059375 0.12734375
2 0.93046875 0.659375 0.04296875 0.115625
2 0.9828125 0.69375 0.03359375 0.084375
