1 0.290625 0.3921875 0.1296875 0.21484375
2 0.178125 0.61875 0.03359375 0.1640625
2 0.32578125 0.5859375 0.05859375 0.190625
2 0.3921875 0.62265625 0.03828125 0.16328125
2 0.39609375 0.45859375 0.02578125 0.09140625
2 0.45234375 0.67421875 0.05859375 0.23125
2 0.58203125 0.55234375 0.03359375 0.1484375
2 0.63515625 0.32578125 0.0140625 0.07421875
2 0.58125 0.29296875 0.01953125 0.0765625
2 0.5234375 0.2515625 0.01796875 0.06875
2 0.61640625 0.175 0.01171875 0.053125
2 0.5484375 0.14140625 0.0125 0.04609375
2 0.6015625 0.16015625 0.01328125 0.040625
