0 0.3765625 0.30078125 0.20703125 0.43046875
3 0.53671875 0.18046875 0.05390625 0.10546875
3 0.63046875 0.18671875 0.05390625 0.15234375
1 0.590625 0.171875 0.03125 0.09375
1 0.209375 0.80625 0.09765625 0.3875
2 0.4015625 0.653125 0.0640625 0.215625
2 0.4328125 0.775 0.07265625 0.25390625
2 0.46015625 0.5125 0.0484375 0.13359375
2 0.50859375 0.61015625 0.0453125 0.16328125
2 0.55234375 0.35234375 0.02265625 0.096875
2 0.61015625 0.36875 0.02734375 0.10078125
2 0.5921875 0.30078125 0.01484375 0.08046875
2 0.70234375 0.2828125 0.03046875 0.0515625
