1 0.50390625 0.6109375 0.26484375 0.22890625
2 0.16796875 0.7984375 0.1203125 0.14453125
2 0.96328125 0.54140625 0.03515625 0.0578125
2 0.42734375 0.3109375 0.00859375 0.0234375
2 0.4828125 0.3046875 0.00859375 0.0296875
2 0.5625 0.309375 0.01015625 0.03125
2 0.5484375 0.303125 0.00859375 0.02578125
2 0.53046875 0.30390625 0.00703125 0.02890625
2 0.47578125 0.29609375 0.009375 0.02578125
1 0.5 0.29140625 0.034375 0.0421875
1 0.53125 0.2828125 0.02890625 0.046875
1 0.50546875 0.275 0.028125 0.02578125
3 0.79921875 0.40234375 0.090625 0.09375
2 0.46015625 0.29375 0.0078125 0.02265625
2 0.44375 0.31484375 0.009375 0.028125
