1 0.16875 0.8765625 0.3375 0.246875
1 0.91796875 0.54921875 0.13515625 0.1265625
1 0.53359375 0.28125 0.03125 0.040625
3 0.8 0.4015625 0.090625 0.09453125
1 0.46328125 0.25859375 0.02421875 0.02734375
2 0.48125 0.2984375 0.0109375 0.0328125
2 0.51875 0.30625 0.0140625 0.0234375
2 0.4921875 0.30625 0.00703125 0.028125
2 0.46015625 0.3265625 0.009375 0.03046875
1 0.4328125 0.2875 0.0265625 0.04296875
2 0.41796875 0.31796875 0.009375 0.01953125
2 0.425 0.37109375 0.01796875 0.03671875
2 0.40234375 0.3625 0.01875 0.0390625
2 0.2234375 0.44765625 0.04765625 0.06875
2 0.6375 0.40390625 0.034375 0.065625
2 0.68203125 0.46015625 0.053125 0.0765625
