0 0.32109375 0.55703125 0.31796875 0.82109375
3 0.55703125 0.21328125 0.059375 0.1421875
1 0.6171875 0.2078125 0.03828125 0.11796875
1 0.66015625 0.1734375 0.02421875 0.0796875
2 0.37109375 0.90859375 0.09765625 0.1828125
2 0.43046875 0.709375 0.0671875 0.21953125
2 0.4640625 0.56796875 0.021875 0.0578125
2 0.53125 0.63203125 0.04765625 0.18984375
2 0.6203125 0.44375 0.0265625 0.12734375
2 0.5875 0.403125 0.021875 0.09375
2 0.54921875 0.36328125 0.034375 0.08046875
2 0.609375 0.3390625 0.01953125 0.06953125
2 0.6484375 0.3703125 0.02421875 0.08828125
2 0.6359375 0.27578125 0.01171875 0.059375
2 0.65234375 0.23125 0.0125 0.0203125
1 0.6234375 0.12109375 0.03125 0.05390625
