1 0.528125 0.2703125 0.07890625 0.175
1 0.578125 0.2296875 0.04453125 0.128125
1 0.5984375 0.18203125 0.0359375 0.0796875
1 0.61328125 0.153125 0.025 0.05546875
3 0.6171875 0.12734375 0.02890625 0.05859375
2 0.4375 0.69140625 0.0375 0.1875
2 0.39609375 0.61484375 0.03125 0.17734375
2 0.31640625 0.646875 0.0703125 0.1765625
2 0.2890625 0.521875 0.02578125 0.06796875
2 0.375 0.48125 0.01796875 0.1328125
2 0.35546875 0.43984375 0.0171875 0.0875
2 0.40625 0.3421875 0.0171875 0.0546875
2 0.42265625 0.3671875 0.01796875 0.0546875
2 0.51015625 0.5609375 0.0296875 0.1546875
2 0.45234375 0.3390625 0.0171875 0.08046875
2 0.48203125 0.29375 0.01640625 0.0765625
2 0.58359375 0.51953125 0.0234375 0.15078125
2 0.6265625 0.3875 0.01875 0.1
2 0.58359375 0.3859375 0.01484375 0.046875
2 0.58671875 0.30703125 0.01328125 0.05234375
2 0.540625 0.4109375 0.01171875 0.0578125
2 0.5078125 0.4078125 0.01875 0.0640625
2 0.659375 0.3359375 0.0171875 0.0875
2 0.6125 0.31015625 0.015625 0.0703125
2 0.67578125 0.28046875 0.01328125 0.0203125
