0 0.26484375 0.44375 0.20859375 0.6375
1 0.434375 0.4046875 0.153125 0.30703125
1 0.525 0.27109375 0.06640625 0.1421875
1 0.5640625 0.21171875 0.05703125 0.13671875
1 0.60234375 0.18515625 0.034375 0.09765625
1 0.6140625 0.146875 0.02734375 0.075
1 0.5921875 0.09609375 0.028125 0.05234375
2 0.64453125 0.1984375 0.0140625 0.05234375
2 0.5359375 0.37890625 0.03515625 0.1109375
2 0.49609375 0.44375 0.03671875 0.09765625
2 0.43671875 0.64375 0.06953125 0.2046875
2 0.496875 0.57890625 0.0484375 0.12109375
2 0.49609375 0.78046875 0.07265625 0.26875
