2 0.0390625 0.815625 0.078125 0.1375
2 0.9671875 0.5296875 0.04609375 0.06015625
2 0.6390625 0.3546875 0.0171875 0.0421875
2 0.53984375 0.36328125 0.0171875 0.0453125
2 0.4453125 0.3015625 0.00703125 0.0203125
2 0.47578125 0.29453125 0.0078125 0.02578125
2 0.459375 0.28125 0.00859375 0.02421875
1 0.49921875 0.2921875 0.03203125 0.0453125
1 0.40625 0.36484375 0.071875 0.0875
3 0.8375 0.46328125 0.21953125 0.221875
2 0.4359375 0.278125 0.00859375 0.021875
2 0.5203125 0.27578125 0.0078125 0.02109375
