1 0.88984375 0.465625 0.11484375 0.128125
1 0.75703125 0.3609375 0.090625 0.059375
1 0.43828125 0.2828125 0.021875 0.03515625
1 0.48984375 0.284375 0.028125 0.040625
1 0.4265625 0.26328125 0.01796875 0.0328125
0 0.55390625 0.371875 0.12578125 0.2125
2 0.41875 0.33359375 0.01015625 0.034375
2 0.4453125 0.384375 0.01484375 0.0359375
2 0.4625 0.54140625 0.0203125 0.06640625
2 0.55390625 0.54296875 0.02734375 0.0640625
2 0.68515625 0.63671875 0.065625 0.13671875
2 0.73984375 0.41328125 0.028125 0.05859375
