2 0.04453125 0.884375 0.08828125 0.14765625
2 0.03671875 0.76875 0.071875 0.12734375
2 0.15390625 0.96015625 0.0421875 0.0796875
2 0.46953125 0.78203125 0.1390625 0.14140625
2 0.653125 0.89375 0.14765625 0.159375
2 0.753125 0.73046875 0.10703125 0.12734375
2 0.96953125 0.8046875 0.06015625 0.1296875
2 0.37734375 0.371875 0.01953125 0.0421875
2 0.4453125 0.3109375 0.0078125 0.025
2 0.48515625 0.30703125 0.0125 0.03125
2 0.53125 0.3078125 0.0109375 0.0296875
2 0.54609375 0.31171875 0.009375 0.02734375
2 0.5625 0.30859375 0.01015625 0.028125
1 0.49921875 0.29296875 0.02734375 0.04140625
1 0.4671875 0.271875 0.0234375 0.0296875
1 0.45703125 0.25546875 0.01796875 0.028125
3 0.88203125 0.4890625 0.146875 0.15859375
