3 0.22890625 0.4828125 0.13828125 0.30859375
3 0.6 0.184375 0.040625 0.10859375
1 0.41171875 0.4765625 0.159375 0.35703125
1 0.54140625 0.3234375 0.09375 0.2078125
1 0.56328125 0.20625 0.0625 0.1
1 0.6421875 0.2328125 0.04453125 0.125
1 0.62109375 0.14296875 0.0296875 0.078125
2 0.6515625 0.15546875 0.01015625 0.02578125
2 0.5234375 0.1828125 0.0140625 0.0546875
2 0.4265625 0.15078125 0.0328125 0.04765625
2 0.39921875 0.16640625 0.0140625 0.0453125
2 0.30625 0.5515625 0.0515625 0.15625
2 0.44375 0.6671875 0.06171875 0.20625
2 0.47578125 0.5421875 0.0328125 0.13359375
2 0.51640625 0.5625 0.0484375 0.12890625
2 0.5 0.76875 0.04921875 0.2125
