1 0.490625 0.2203125 0.09453125 0.140625
2 0.5171875 0.2796875 0.0265625 0.08671875
2 0.6359375 0.19375 0.02578125 0.04453125
2 0.57265625 0.42421875 0.0140625 0.06171875
2 0.51796875 0.4015625 0.01796875 0.0515625
2 0.4640625 0.40859375 0.01875 0.05546875
2 0.3984375 0.45 0.02578125 0.07734375
2 0.32578125 0.5859375 0.06171875 0.1890625
2 0.39375 0.62421875 0.0359375 0.16640625
2 0.44140625 0.6828125 0.04296875 0.18046875
2 0.5171875 0.7515625 0.05 0.20078125
2 0.5734375 0.55 0.02890625 0.13046875
2 0.46875 0.47890625 0.025 0.0671875
2 0.51875 0.525 0.0359375 0.084375
2 0.3515625 0.46171875 0.040625 0.09296875
