0 0.21953125 0.44375 0.12109375 0.51875
3 0.46484375 0.33515625 0.14375 0.36640625
1 0.5625 0.2078125 0.05078125 0.1125
2 0.36875 0.46640625 0.04375 0.15234375
2 0.3203125 0.58125 0.05 0.19296875
2 0.21171875 0.7953125 0.05703125 0.2953125
2 0.44609375 0.640625 0.07421875 0.19609375
2 0.50546875 0.7078125 0.0484375 0.19765625
2 0.5625 0.56640625 0.034375 0.16484375
2 0.48828125 0.5234375 0.02578125 0.1265625
2 0.53125 0.44140625 0.028125 0.10625
2 0.60625 0.46875 0.02578125 0.11953125
2 0.64765625 0.3703125 0.0171875 0.08671875
2 0.55703125 0.36328125 0.015625 0.04921875
2 0.54765625 0.27734375 0.0140625 0.04609375
2 0.6421875 0.18828125 0.01015625 0.05078125
2 0.60078125 0.1578125 0.0109375 0.04453125
2 0.6296875 0.12265625 0.0078125 0.0328125
2 0.56953125 0.13359375 0.0109375 0.03359375
2 0.6546875 0.0953125 0.00546875 0.021875
