0 0.25390625 0.41796875 0.1890625 0.55390625
1 0.334375 0.815625 0.25625 0.36875
1 0.4734375 0.3703125 0.12578125 0.25703125
1 0.61953125 0.25390625 0.0625 0.15859375
1 0.559375 0.20390625 0.06953125 0.125
1 0.53671875 0.12734375 0.03046875 0.06484375
1 0.60625 0.15625 0.03046875 0.06953125
1 0.62265625 0.12578125 0.02734375 0.06875
1 0.64375 0.10703125 0.0171875 0.046875
1 0.671875 0.10546875 0.015625 0.0328125
2 0.59765625 0.3921875 0.025 0.09375
2 0.51953125 0.5 0.0265625 0.14609375
2 0.24296875 0.8640625 0.0921875 0.2625
