3 0.31953125 0.48671875 0.15 0.165625
3 0.503125 0.3625 0.05078125 0.09296875
3 0.6015625 0.34453125 0.0640625 0.11484375
1 0.68984375 0.41484375 0.0859375 0.1203125
1 0.18125 0.46640625 0.1265625 0.121875
1 0.5578125 0.30078125 0.02734375 0.04921875
2 0.0375 0.52421875 0.04921875 0.07421875
2 0.4078125 0.4265625 0.02421875 0.0640625
2 0.42890625 0.33828125 0.01171875 0.028125
2 0.4703125 0.3515625 0.0125 0.04375
2 0.91640625 0.61484375 0.046875 0.096875
2 0.9625 0.50703125 0.04140625 0.05546875
2 0.53984375 0.31015625 0.009375 0.0265625
