3 0.1234375 0.41484375 0.246875 0.2640625
3 0.49140625 0.2515625 0.0296875 0.028125
1 0.4953125 0.2828125 0.0234375 0.034375
2 0.5421875 0.309375 0.01328125 0.02734375
2 0.440625 0.30390625 0.00703125 0.0203125
2 0.48046875 0.2984375 0.009375 0.02265625
1 0.43125 0.28359375 0.0234375 0.04140625
2 0.4875 0.309375 0.009375 0.028125
2 0.50859375 0.30703125 0.0109375 0.028125
2 0.52734375 0.3078125 0.0078125 0.03046875
2 0.56015625 0.3109375 0.01171875 0.0296875
2 0.5859375 0.3125 0.009375 0.0265625
2 0.98203125 0.50390625 0.0359375 0.0578125
