3 0.16015625 0.5265625 0.16171875 0.2296875
3 0.5171875 0.27421875 0.03046875 0.05625
3 0.4828125 0.25 0.0171875 0.028125
1 0.66875 0.37734375 0.0765625 0.0953125
1 0.50078125 0.30234375 0.03046875 0.0515625
1 0.47890625 0.2875 0.02421875 0.03671875
1 0.46796875 0.27265625 0.02265625 0.03515625
2 0.290625 0.50078125 0.04375 0.08125
2 0.265625 0.46328125 0.0265625 0.075
2 0.378125 0.47578125 0.040625 0.075
2 0.43125 0.38125 0.01796875 0.05078125
2 0.496875 0.3671875 0.01875 0.04453125
2 0.59609375 0.37421875 0.01953125 0.04921875
2 0.5703125 0.34765625 0.01171875 0.040625
2 0.759375 0.49921875 0.0375 0.08359375
2 0.79296875 0.4703125 0.0296875 0.0703125
2 0.9 0.6265625 0.0453125 0.11015625
2 0.4375 0.27578125 0.0078125 0.01953125
2 0.546875 0.31484375 0.01484375 0.03125
2 0.5890625 0.32890625 0.0109375 0.03203125
