2 0.92109375 0.69921875 0.06953125 0.1375
2 0.84921875 0.596875 0.05 0.09765625
2 0.72734375 0.48828125 0.03125 0.06875
2 0.765625 0.421875 0.028125 0.05234375
2 0.7171875 0.4015625 0.025 0.0421875
2 0.70390625 0.38359375 0.0109375 0.0421875
2 0.6578125 0.35390625 0.0140625 0.04453125
2 0.540625 0.359375 0.01640625 0.04453125
2 0.459375 0.38359375 0.01953125 0.05234375
2 0.39921875 0.43203125 0.0328125 0.0546875
2 0.23203125 0.50234375 0.05390625 0.07421875
2 0.01953125 0.6390625 0.034375 0.0734375
1 0.3296875 0.5 0.153125 0.18046875
1 0.84453125 0.4578125 0.12890625 0.1421875
3 0.79453125 0.3828125 0.075 0.06015625
1 0.61640625 0.3609375 0.06171875 0.08671875
1 0.509375 0.328125 0.03828125 0.06015625
1 0.48984375 0.29375 0.0296875 0.04375
1 0.48046875 0.2765625 0.02578125 0.03515625
1 0.46875 0.2625 0.02265625 0.03515625
1 0.446875 0.2546875 0.01953125 0.02421875
1 0.53515625 0.2765625 0.028125 0.03984375
3 0.43671875 0.30546875 0.03125 0.059375
