0 0.44140625 0.271875 0.03515625 0.0890625
3 0.6984375 0.6796875 0.21640625 0.325
1 0.62109375 0.49765625 0.121875 0.15
1 0.47734375 0.39375 0.06015625 0.0890625
1 0.496875 0.34375 0.05 0.06796875
2 0.9828125 0.50546875 0.034375 0.05625
2 0.5734375 0.3109375 0.0109375 0.03125
2 0.55859375 0.31015625 0.01015625 0.03125
2 0.53125 0.3078125 0.0078125 0.028125
2 0.54453125 0.309375 0.01171875 0.0328125
2 0.51875 0.30078125 0.0078125 0.0234375
2 0.50859375 0.3015625 0.0078125 0.021875
2 0.49296875 0.30234375 0.0125 0.01953125
2 0.4828125 0.29765625 0.01171875 0.01953125
1 0.496875 0.2734375 0.034375 0.028125
