1 0.21484375 0.028125 0.04453125 0.05625
1 0.3921875 0.11484375 0.153125 0.13203125
1 0.3203125 0.05234375 0.121875 0.1046875
1 0.315625 0.0859375 0.03359375 0.08515625
2 0.52578125 0.51640625 0.14296875 0.18046875
1 0.90390625 0.53984375 0.19140625 0.3296875
2 0.55234375 0.85234375 0.14765625 0.2953125
2 0.85390625 0.77265625 0.15625 0.25
2 0.728125 0.83359375 0.1375 0.29296875
2 0.9390625 0.34609375 0.0484375 0.06484375
2 0.9046875 0.9328125 0.090625 0.134375
2 0.24296875 0.6484375 0.1875 0.20625
2 0.01875 0.6671875 0.0375 0.109375
