0 0.24609375 0.49296875 0.1734375 0.48828125
1 0.46796875 0.4203125 0.1234375 0.26171875
1 0.5359375 0.27890625 0.0765625 0.16953125
1 0.5703125 0.19453125 0.04765625 0.10703125
1 0.5984375 0.16796875 0.03671875 0.09765625
1 0.50390625 0.20703125 0.0609375 0.09140625
1 0.5890625 0.11640625 0.034375 0.04296875
1 0.61875 0.09296875 0.02109375 0.0390625
2 0.43125 0.2296875 0.02109375 0.075
2 0.63359375 0.203125 0.01015625 0.0546875
2 0.646875 0.159375 0.0078125 0.03984375
2 0.5484375 0.1375 0.0109375 0.04140625
2 0.32578125 0.5796875 0.059375 0.18984375
2 0.475 0.61171875 0.034375 0.1734375
2 0.5859375 0.51015625 0.02734375 0.14375
2 0.53359375 0.50078125 0.03046875 0.14921875
2 0.56328125 0.41015625 0.02109375 0.09921875
2 0.56171875 0.33203125 0.0140625 0.040625
2 0.6078125 0.40625 0.01640625 0.09140625
