2 0.24609375 0.61640625 0.0890625 0.096875
2 0.1875 0.94140625 0.11796875 0.1171875
1 0.49921875 0.29375 0.03359375 0.05078125
3 0.9453125 0.51640625 0.109375 0.1453125
3 0.47265625 0.25546875 0.02421875 0.04296875
2 0.540625 0.31171875 0.0109375 0.03203125
2 0.565625 0.309375 0.01328125 0.03125
2 0.53046875 0.30625 0.00859375 0.02890625
2 0.553125 0.30703125 0.00859375 0.02734375
2 0.74609375 0.4140625 0.028125 0.05234375
2 0.4875 0.30859375 0.009375 0.02890625
2 0.475 0.3046875 0.0109375 0.02890625
1 0.83046875 0.4484375 0.13125 0.13828125
2 0.015625 0.53671875 0.03046875 0.065625
2 0.42890625 0.30546875 0.00859375 0.021875
2 0.44453125 0.271875 0.00703125 0.02109375
2 0.98515625 0.74765625 0.02890625 0.1203125
2 0.7703125 0.5734375 0.0796875 0.08125
2 0.63671875 0.60390625 0.08515625 0.10078125
2 0.59453125 0.5734375 0.06796875 0.09453125
