3 0.54453125 0.40234375 0.10234375 0.16171875
1 0.48125 0.32265625 0.04453125 0.059375
1 0.4484375 0.28671875 0.03203125 0.040625
1 0.43359375 0.26640625 0.01953125 0.0328125
1 0.50390625 0.290625 0.03515625 0.04453125
1 0.52734375 0.28671875 0.03046875 0.040625
1 0.540625 0.26796875 0.025 0.0296875
2 0.54453125 0.3078125 0.01171875 0.028125
2 0.565625 0.309375 0.00625 0.02265625
2 0.578125 0.31171875 0.01171875 0.0296875
2 0.55703125 0.3046875 0.00625 0.025
2 0.446875 0.34609375 0.01171875 0.03203125
2 0.684375 0.609375 0.05 0.12578125
2 0.87734375 0.4765625 0.04453125 0.05859375
