2 0.4984375 0.71953125 0.05078125 0.1859375
2 0.5578125 0.5921875 0.03515625 0.16484375
2 0.41484375 0.7484375 0.05703125 0.2046875
2 0.38125 0.62890625 0.03515625 0.17890625
2 0.4625 0.56796875 0.03828125 0.096875
2 0.52109375 0.4859375 0.03125 0.10546875
2 0.59453125 0.3328125 0.02109375 0.10078125
1 0.3046875 0.44375 0.14375 0.24296875
1 0.46484375 0.3640625 0.109375 0.23984375
0 0.55078125 0.2 0.1078125 0.2671875
2 0.21875 0.45546875 0.05390625 0.1265625
2 0.178125 0.62578125 0.046875 0.13515625
