0 0.86796875 0.7359375 0.2640625 0.528125
1 0.628125 0.33359375 0.05 0.06640625
1 0.50546875 0.29375 0.03359375 0.04453125
1 0.484375 0.28671875 0.02109375 0.0359375
1 0.4734375 0.27734375 0.01796875 0.03203125
2 0.4328125 0.31484375 0.0109375 0.0234375
2 0.44921875 0.30625 0.009375 0.021875
2 0.46640625 0.328125 0.01171875 0.0265625
2 0.51328125 0.3546875 0.01875 0.040625
2 0.4640625 0.3921875 0.0203125 0.06015625
2 0.57578125 0.30703125 0.01171875 0.02890625
2 0.55625 0.309375 0.01015625 0.025
2 0.53515625 0.30625 0.0109375 0.02890625
