2 0.46796875 0.68359375 0.06015625 0.2109375
2 0.46796875 0.55 0.04765625 0.12265625
2 0.54296875 0.61640625 0.0328125 0.1765625
2 0.51640625 0.53203125 0.03046875 0.1546875
2 0.590625 0.53046875 0.0296875 0.15390625
2 0.62265625 0.43515625 0.02265625 0.12578125
2 0.5796875 0.375 0.0234375 0.10390625
1 0.39921875 0.48359375 0.16484375 0.39375
1 0.51796875 0.31796875 0.0890625 0.21015625
1 0.5796875 0.2296875 0.0546875 0.1328125
1 0.59140625 0.1640625 0.040625 0.0671875
3 0.4953125 0.13046875 0.04921875 0.07578125
2 0.6203125 0.28828125 0.01875 0.08203125
3 0.246875 0.425 0.1734375 0.2953125
1 0.61484375 0.13671875 0.034375 0.0640625
