3 0.61171875 0.43046875 0.11015625 0.15546875
2 0.29140625 0.41640625 0.0359375 0.0625
2 0.5671875 0.3140625 0.0109375 0.03203125
2 0.5453125 0.30859375 0.0109375 0.0296875
2 0.478125 0.29453125 0.00859375 0.02890625
2 0.42890625 0.2875 0.00859375 0.01953125
2 0.80234375 0.75703125 0.08984375 0.1609375
1 0.5078125 0.371875 0.06640625 0.08984375
1 0.58359375 0.29609375 0.034375 0.053125
1 0.52734375 0.2875 0.03203125 0.03671875
1 0.50234375 0.29296875 0.03671875 0.04765625
1 0.45625 0.3125 0.03671875 0.04921875
3 0.4265625 0.26171875 0.02421875 0.04921875
