3 0.72734375 0.39765625 0.09453125 0.0875
2 0.665625 0.3734375 0.01953125 0.0453125
2 0.6390625 0.35703125 0.0140625 0.0421875
2 0.6296875 0.33125 0.01015625 0.02890625
2 0.39921875 0.35859375 0.01953125 0.04453125
2 0.49375 0.3078125 0.0078125 0.03359375
2 0.5125 0.3078125 0.0140625 0.03203125
2 0.55859375 0.309375 0.009375 0.028125
2 0.4796875 0.3015625 0.01015625 0.03359375
1 0.43984375 0.32109375 0.03671875 0.053125
1 0.45859375 0.2984375 0.028125 0.04296875
1 0.4328125 0.2828125 0.02421875 0.0328125
1 0.534375 0.296875 0.034375 0.04609375
1 0.54609375 0.27890625 0.0296875 0.034375
1 0.51640625 0.26875 0.021875 0.02109375
1 0.4703125 0.259375 0.02265625 0.0234375
