1 0.39375 0.29609375 0.1390625 0.2203125
1 0.215625 0.028125 0.0484375 0.05546875
1 0.32109375 0.05234375 0.12265625 0.10390625
1 0.3140625 0.0859375 0.03125 0.08359375
1 0.3859375 0.1140625 0.14375 0.13359375
2 0.5328125 0.640625 0.159375 0.21328125
2 0.83046875 0.45546875 0.11796875 0.15234375
2 0.4921875 0.1625 0.03828125 0.07734375
2 0.4640625 0.159375 0.02109375 0.059375
2 0.79296875 0.90546875 0.1671875 0.1890625
2 0.5921875 0.80703125 0.184375 0.246875
2 0.15546875 0.82265625 0.21171875 0.24453125
1 0.190625 0.053125 0.065625 0.10625
2 0.95234375 0.465625 0.0953125 0.15
