0 0.23515625 0.4859375 0.15234375 0.6078125
1 0.40625 0.184375 0.0609375 0.10234375
1 0.4734375 0.26171875 0.075 0.14453125
1 0.6171875 0.096875 0.02109375 0.040625
2 0.49765625 0.17421875 0.01640625 0.046875
2 0.6046875 0.2640625 0.01484375 0.07265625
2 0.5140625 0.43828125 0.03046875 0.12734375
2 0.5234375 0.52265625 0.02734375 0.10078125
2 0.54375 0.64140625 0.0515625 0.1921875
2 0.46640625 0.721875 0.07109375 0.25
2 0.4234375 0.66875 0.03671875 0.18515625
2 0.3859375 0.609375 0.06015625 0.19296875
2 0.3234375 0.59140625 0.0578125 0.18828125
2 0.48125 0.48984375 0.0171875 0.078125
