0 0.296875 0.29375 0.2140625 0.4109375
2 0.18046875 0.6359375 0.04296875 0.15390625
2 0.43671875 0.65078125 0.04296875 0.1859375
2 0.48984375 0.678125 0.03515625 0.18984375
2 0.4890625 0.47578125 0.0296875 0.0703125
2 0.55546875 0.52109375 0.02890625 0.1359375
2 0.5640625 0.32421875 0.01640625 0.0796875
2 0.6265625 0.3203125 0.015625 0.07265625
2 0.7421875 0.3140625 0.0390625 0.0609375
1 0.4109375 0.4859375 0.14296875 0.3078125
1 0.51875 0.2953125 0.0875 0.1953125
1 0.5703125 0.209375 0.053125 0.11640625
1 0.59140625 0.16953125 0.0390625 0.0890625
1 0.60703125 0.14453125 0.028125 0.07890625
1 0.63046875 0.1296875 0.0203125 0.05703125
1 0.646875 0.16875 0.02734375 0.0875
