0 0.42734375 0.2515625 0.025 0.05703125
1 0.44765625 0.29140625 0.0296875 0.040625
1 0.4390625 0.31875 0.0375 0.05078125
1 0.67734375 0.54140625 0.13046875 0.159375
1 0.49140625 0.340625 0.0484375 0.06015625
3 0.50546875 0.3875 0.06953125 0.11953125
3 0.453125 0.25 0.01953125 0.0328125
2 0.63828125 0.340625 0.01484375 0.03671875
2 0.57265625 0.31484375 0.01171875 0.03125
2 0.55703125 0.3078125 0.0078125 0.0296875
2 0.53203125 0.30703125 0.0109375 0.0328125
2 0.5171875 0.3046875 0.0078125 0.02734375
2 0.546875 0.3078125 0.0125 0.0375
2 0.49296875 0.30234375 0.0109375 0.01953125
2 0.50859375 0.30078125 0.009375 0.021875
2 0.484375 0.29921875 0.009375 0.021875
1 0.4953125 0.271875 0.028125 0.025
