3 0.56328125 0.18125 0.06953125 0.1859375
1 0.440625 0.16015625 0.0625 0.08828125
2 0.26953125 0.68203125 0.07109375 0.215625
2 0.28203125 0.5453125 0.06640625 0.11640625
2 0.3609375 0.65703125 0.0625 0.2203125
2 0.41171875 0.68984375 0.0484375 0.1890625
2 0.4625 0.73515625 0.07265625 0.25703125
2 0.39453125 0.48984375 0.05078125 0.08828125
2 0.46484375 0.50390625 0.04375 0.0953125
2 0.534375 0.64609375 0.03671875 0.17890625
2 0.5203125 0.5375 0.0296875 0.13203125
2 0.58515625 0.53515625 0.034375 0.159375
2 0.4421875 0.396875 0.040625 0.103125
2 0.5125 0.44296875 0.025 0.13359375
2 0.57109375 0.45234375 0.02578125 0.109375
2 0.55625 0.403125 0.02265625 0.096875
2 0.50390625 0.375 0.01796875 0.103125
2 0.59765625 0.3328125 0.01875 0.05859375
2 0.6078125 0.4078125 0.028125 0.08359375
2 0.6046875 0.2515625 0.01796875 0.059375
2 0.53125 0.315625 0.0265625 0.0703125
2 0.646875 0.15234375 0.015625 0.046875
2 0.26484375 0.2609375 0.04140625 0.05859375
