2 0.19921875 0.75078125 0.0671875 0.24375
2 0.51796875 0.71484375 0.06015625 0.2203125
2 0.403125 0.35390625 0.03359375 0.11015625
2 0.55 0.47734375 0.034375 0.0796875
2 0.60703125 0.45546875 0.028125 0.11796875
2 0.5890625 0.3078125 0.0203125 0.06015625
2 0.646875 0.3453125 0.021875 0.0921875
2 0.62421875 0.28671875 0.01640625 0.04921875
2 0.63515625 0.2359375 0.01953125 0.05078125
1 0.415625 0.5578125 0.171875 0.390625
1 0.58515625 0.18203125 0.0453125 0.1015625
1 0.6140625 0.153125 0.02890625 0.08515625
3 0.50390625 0.29296875 0.1 0.23125
3 0.4953125 0.1265625 0.04296875 0.075
2 0.64609375 0.18359375 0.0171875 0.04375
1 0.63359375 0.11015625 0.02578125 0.0609375
