0 0.39375 0.33046875 0.11484375 0.14375
1 0.26796875 0.44375 0.12734375 0.11796875
1 0.5 0.3 0.03515625 0.0515625
1 0.75625 0.3625 0.0890625 0.065625
3 0.44765625 0.29609375 0.04140625 0.0796875
2 0.046875 0.5203125 0.0515625 0.07578125
2 0.51328125 0.40078125 0.0171875 0.0609375
2 0.57421875 0.31640625 0.0109375 0.03125
2 0.6 0.3203125 0.009375 0.03125
2 0.50703125 0.3328125 0.01484375 0.03125
2 0.53203125 0.31015625 0.009375 0.03125
2 0.546875 0.30703125 0.009375 0.02890625
2 0.56171875 0.30625 0.0078125 0.028125
