2 0.06953125 0.64765625 0.06953125 0.10703125
2 0.025 0.534375 0.03359375 0.0578125
2 0.3125 0.40703125 0.03125 0.05234375
2 0.46328125 0.4078125 0.0171875 0.05859375
2 0.44765625 0.38828125 0.0125 0.05234375
2 0.5390625 0.30859375 0.0125 0.03359375
2 0.553125 0.3078125 0.01015625 0.03984375
2 0.4375 0.3171875 0.00859375 0.02421875
1 0.95625 0.70234375 0.0875 0.2515625
1 0.50546875 0.3484375 0.0390625 0.0734375
1 0.6125 0.33359375 0.0484375 0.0625
3 0.765625 0.4921875 0.1375 0.2296875
3 0.38515625 0.46484375 0.13515625 0.15546875
1 0.384375 0.3484375 0.0625 0.04765625
3 0.4546875 0.2453125 0.01875 0.03984375
