1 0.4578125 0.21875 0.071875 0.10703125
1 0.603125 0.1640625 0.04140625 0.0875
1 0.6203125 0.0953125 0.01953125 0.04140625
1 0.5890625 0.1234375 0.03125 0.06015625
2 0.3125 0.59453125 0.06484375 0.19609375
2 0.4296875 0.66640625 0.04296875 0.1859375
2 0.49453125 0.54609375 0.0328125 0.15625
2 0.54765625 0.63515625 0.0390625 0.165625
2 0.54140625 0.48203125 0.0265625 0.0578125
2 0.603125 0.27734375 0.0171875 0.0703125
2 0.44375 0.28828125 0.02890625 0.09453125
2 0.503125 0.15234375 0.0125 0.03984375
2 0.6421875 0.15546875 0.0109375 0.0375
3 0.26484375 0.39375 0.18359375 0.3796875
