0 0.57578125 0.52890625 0.434375 0.38203125
1 0.75625 0.35859375 0.08515625 0.05625
1 0.3625 0.38515625 0.065625 0.071875
1 0.44375 0.3125 0.03515625 0.0484375
1 0.45859375 0.2953125 0.025 0.03671875
1 0.51953125 0.2890625 0.034375 0.03984375
2 0.4796875 0.30859375 0.009375 0.02890625
2 0.48984375 0.30546875 0.01015625 0.02890625
2 0.5703125 0.31640625 0.01328125 0.0359375
2 0.55546875 0.30859375 0.0125 0.028125
2 0.53828125 0.30703125 0.01015625 0.03125
2 0.515625 0.30546875 0.0140625 0.02734375
2 0.4203125 0.30703125 0.00859375 0.01875
2 0.92109375 0.528125 0.04375 0.0640625
2 0.31328125 0.58203125 0.0890625 0.0984375
2 0.12265625 0.5765625 0.0671875 0.0875
