2 0.78125 0.42890625 0.03359375 0.05546875
2 0.5828125 0.321875 0.0109375 0.034375
2 0.56953125 0.31953125 0.0109375 0.03359375
2 0.5546875 0.309375 0.00703125 0.028125
2 0.5375 0.309375 0.009375 0.02734375
2 0.515625 0.3078125 0.01015625 0.02578125
2 0.5 0.30703125 0.01015625 0.03046875
2 0.4890625 0.30703125 0.009375 0.0265625
2 0.2296875 0.446875 0.0453125 0.0671875
2 0.64765625 0.54609375 0.075 0.0859375
1 0.4390625 0.296875 0.02734375 0.040625
1 0.51796875 0.2890625 0.02890625 0.03984375
1 0.75546875 0.36171875 0.0890625 0.06015625
1 0.4296875 0.2671875 0.02109375 0.03359375
1 0.471875 0.26796875 0.01875 0.021875
1 0.95546875 0.55859375 0.0890625 0.1296875
3 0.5125 0.58671875 0.21640625 0.215625
