0 0.48359375 0.1265625 0.1015625 0.16796875
2 0.2921875 0.47578125 0.04296875 0.15546875
2 0.43671875 0.65078125 0.04296875 0.1859375
2 0.48984375 0.678125 0.03515625 0.18984375
2 0.4890625 0.47578125 0.0296875 0.0703125
2 0.55546875 0.52109375 0.02890625 0.1359375
2 0.5640625 0.32421875 0.01640625 0.0796875
2 0.60859375 0.46171875 0.02265625 0.12265625
1 0.4109375 0.4859375 0.14296875 0.3078125
1 0.51875 0.2953125 0.0875 0.1953125
1 0.5703125 0.209375 0.053125 0.11640625
1 0.59140625 0.16953125 0.0390625 0.0890625
1 0.60703125 0.14453125 0.028125 0.07890625
1 0.63046875 0.1296875 0.0203125 0.05703125
1 0.67265625 0.23828125 0.06015625 0.13671875
2 0.46015625 0.3078125 0.01640625 0.05546875
2 0.2609375 0.40546875 0.03828125 0.12734375
2 0.4828125 0.22734375 0.01796875 0.05546875
2 0.65703125 0.1328125 0.00625 0.028125
