1 0.4 0.4671875 0.1515625 0.33125
1 0.5375 0.26875 0.078125 0.13828125
1 0.57734375 0.1296875 0.040625 0.0734375
2 0.57421875 0.33359375 0.021875 0.05703125
2 0.5625 0.57734375 0.03125 0.16875
2 0.52265625 0.47578125 0.03046875 0.12421875
2 0.46171875 0.57734375 0.03203125 0.1703125
2 0.49921875 0.659375 0.0625 0.2296875
2 0.4953125 0.41484375 0.04140625 0.1125
3 0.3046875 0.4015625 0.14609375 0.28515625
2 0.39765625 0.22265625 0.02734375 0.0703125
2 0.425 0.23515625 0.02734375 0.06953125
1 0.6421875 0.07734375 0.01171875 0.03125
