1 0.46328125 0.3734375 0.11328125 0.253125
0 0.55 0.2 0.10625 0.265625
1 0.61015625 0.17890625 0.0203125 0.1046875
1 0.653125 0.14453125 0.025 0.07109375
2 0.39140625 0.79296875 0.075 0.2125
2 0.49609375 0.709375 0.06171875 0.23203125
2 0.4578125 0.59140625 0.04140625 0.15859375
2 0.39609375 0.575 0.05859375 0.12578125
2 0.32421875 0.5859375 0.05625 0.20390625
2 0.3546875 0.47265625 0.03671875 0.08046875
2 0.39453125 0.4171875 0.0328125 0.125
2 0.521875 0.48671875 0.0421875 0.1171875
2 0.58984375 0.4859375 0.025 0.1359375
2 0.55546875 0.5953125 0.0375 0.178125
2 0.42421875 0.3390625 0.01796875 0.04609375
2 0.55703125 0.39921875 0.02421875 0.0546875
2 0.62265625 0.42421875 0.02421875 0.11875
2 0.58046875 0.36484375 0.02265625 0.0921875
2 0.64453125 0.375 0.0171875 0.08984375
2 0.61875 0.33671875 0.01875 0.04921875
