3 0.884375 0.47265625 0.11640625 0.1046875
2 0.759375 0.4359375 0.0375 0.0578125
2 0.740625 0.40390625 0.0234375 0.04296875
2 0.71328125 0.41328125 0.025 0.05625
2 0.42890625 0.3328125 0.009375 0.028125
2 0.49375 0.3078125 0.0078125 0.03359375
2 0.5125 0.3078125 0.0140625 0.03203125
2 0.55859375 0.309375 0.009375 0.028125
2 0.4796875 0.3015625 0.01015625 0.03359375
1 0.440625 0.296875 0.028125 0.04140625
1 0.43984375 0.2703125 0.02265625 0.01640625
1 0.42890625 0.26796875 0.01640625 0.02578125
1 0.534375 0.296875 0.034375 0.04609375
1 0.57890625 0.29765625 0.0359375 0.05
1 0.48671875 0.2640625 0.01953125 0.0234375
2 0.68203125 0.36875 0.02109375 0.04375
2 0.6609375 0.61796875 0.04375 0.12734375
2 0.77890625 0.80703125 0.08125 0.1796875
