2 0.54140625 0.30625 0.0109375 0.03046875
2 0.5546875 0.28984375 0.00703125 0.0171875
2 0.5203125 0.30390625 0.00859375 0.025
2 0.45703125 0.31796875 0.01171875 0.02734375
2 0.425 0.3046875 0.009375 0.0234375
2 0.4546875 0.275 0.01015625 0.01640625
2 0.47265625 0.2921875 0.009375 0.02265625
2 0.6703125 0.44140625 0.05390625 0.07421875
2 0.9875 0.5421875 0.025 0.06328125
1 0.11640625 0.84140625 0.2328125 0.2703125
1 0.96015625 0.67109375 0.0796875 0.2140625
1 0.54140625 0.375 0.0859375 0.0875
1 0.75703125 0.3625 0.08984375 0.06484375
1 0.57421875 0.30546875 0.03671875 0.04609375
1 0.49375 0.29453125 0.0328125 0.04921875
1 0.509375 0.26640625 0.02265625 0.03125
