2 0.32109375 0.60546875 0.0453125 0.16015625
2 0.3859375 0.64921875 0.046875 0.184375
2 0.45625 0.69140625 0.0453125 0.19921875
2 0.55859375 0.61796875 0.0453125 0.16484375
2 0.4984375 0.515625 0.04296875 0.13359375
2 0.36328125 0.47265625 0.0484375 0.121875
2 0.409375 0.3609375 0.02578125 0.0625
2 0.39375 0.25546875 0.03125 0.08515625
2 0.45703125 0.28984375 0.02109375 0.03125
2 0.54140625 0.4234375 0.034375 0.11640625
2 0.58671875 0.3921875 0.028125 0.10546875
2 0.6171875 0.46484375 0.03515625 0.13046875
2 0.64296875 0.3734375 0.0328125 0.07109375
3 0.25390625 0.41953125 0.16640625 0.30234375
1 0.45078125 0.4265625 0.1125 0.25703125
1 0.52578125 0.2796875 0.0765625 0.18203125
1 0.49296875 0.19296875 0.0625 0.1078125
1 0.56875 0.2140625 0.04375 0.11484375
1 0.61484375 0.23828125 0.0484375 0.14453125
1 0.59765625 0.1609375 0.03125 0.0640625
1 0.6203125 0.134375 0.0296875 0.0609375
