2 0.2671875 0.60546875 0.07109375 0.10546875
2 0.0421875 0.5828125 0.05859375 0.08671875
2 0.2546875 0.49140625 0.05234375 0.05859375
2 0.35 0.4359375 0.03046875 0.06171875
2 0.4265625 0.36953125 0.0125 0.0328125
2 0.44609375 0.35 0.01171875 0.02421875
2 0.69375 0.44453125 0.02578125 0.06640625
2 0.815625 0.5109375 0.03515625 0.08046875
2 0.6328125 0.353125 0.01875 0.0390625
2 0.54765625 0.30078125 0.009375 0.021875
3 0.79921875 0.4015625 0.08984375 0.0875
1 0.175 0.56796875 0.1578125 0.18125
1 0.45 0.4140625 0.08515625 0.12109375
1 0.51875 0.35859375 0.04296875 0.07890625
1 0.51484375 0.3109375 0.0375 0.04765625
1 0.48359375 0.27734375 0.028125 0.040625
1 0.45546875 0.24453125 0.01484375 0.02265625
1 0.5046875 0.29296875 0.02890625 0.0421875
