3 0.3671875 0.353125 0.115625 0.13515625
1 0.1984375 0.47109375 0.13671875 0.1171875
1 0.43515625 0.31328125 0.028125 0.0546875
1 0.4328125 0.27109375 0.0234375 0.028125
1 0.5 0.2921875 0.03515625 0.0515625
1 0.5265625 0.2890625 0.028125 0.04453125
2 0.46640625 0.303125 0.01171875 0.025
2 0.45546875 0.265625 0.00859375 0.01953125
2 0.50234375 0.3328125 0.0125 0.0296875
2 0.525 0.35078125 0.015625 0.03359375
2 0.546875 0.31015625 0.0078125 0.0296875
2 0.5640625 0.3109375 0.009375 0.028125
2 0.57421875 0.375 0.025 0.04765625
2 0.665625 0.4296875 0.03984375 0.065625
2 0.725 0.396875 0.0265625 0.05546875
2 0.821875 0.453125 0.040625 0.05859375
2 0.78359375 0.4765625 0.05234375 0.078125
2 0.8875 0.515625 0.05546875 0.07265625
2 0.06796875 0.96015625 0.02578125 0.03515625
