2 0.43515625 0.7234375 0.09375 0.215625
2 0.48359375 0.56640625 0.02890625 0.12265625
2 0.421875 0.60234375 0.0296875 0.08671875
2 0.38046875 0.60703125 0.05703125 0.15546875
2 0.346875 0.56015625 0.04921875 0.15703125
2 0.4046875 0.440625 0.04296875 0.0984375
2 0.434375 0.46171875 0.05078125 0.08046875
2 0.53359375 0.4796875 0.03671875 0.1296875
2 0.5734375 0.57265625 0.03515625 0.16484375
2 0.6203125 0.346875 0.02109375 0.08515625
2 0.54921875 0.3140625 0.0203125 0.090625
2 0.6359375 0.22578125 0.01328125 0.0578125
2 0.6546875 0.209375 0.0140625 0.0578125
2 0.45234375 0.23671875 0.021875 0.08671875
2 0.5375 0.1515625 0.0109375 0.040625
2 0.2859375 0.35625 0.040625 0.08984375
3 0.2203125 0.546875 0.121875 0.3453125
