1 0.25546875 0.51953125 0.16171875 0.1859375
1 0.5875 0.34140625 0.05234375 0.0765625
1 0.50078125 0.32109375 0.03203125 0.0546875
0 0.16640625 0.4515625 0.159375 0.1625
0 0.49375 0.26640625 0.04375 0.07421875
3 0.634375 0.3828125 0.06875 0.0984375
2 0.3671875 0.459375 0.03359375 0.07109375
2 0.43359375 0.30859375 0.0078125 0.025
2 0.46015625 0.31015625 0.01015625 0.025
2 0.478125 0.3859375 0.015625 0.0515625
2 0.75390625 0.41484375 0.028125 0.05390625
2 0.7875 0.459375 0.02578125 0.05859375
2 0.975 0.665625 0.05 0.1203125
2 0.52421875 0.2859375 0.0078125 0.02265625
