2 0.034375 0.85703125 0.06796875 0.10625
2 0.2796875 0.8984375 0.1421875 0.1546875
2 0.3171875 0.42890625 0.046875 0.07421875
2 0.86328125 0.52109375 0.05859375 0.0796875
2 0.7328125 0.46171875 0.05078125 0.08203125
2 0.65 0.4328125 0.04375 0.06640625
2 0.62421875 0.39609375 0.03515625 0.0625
2 0.546875 0.35390625 0.01953125 0.03984375
2 0.71328125 0.3921875 0.028125 0.0484375
2 0.7828125 0.43515625 0.034375 0.05234375
0 0.44140625 0.303125 0.096875 0.1546875
1 0.54296875 0.2875 0.034375 0.04375
