2 0.6984375 0.384375 0.02265625 0.04453125
2 0.5046875 0.32265625 0.0125 0.03828125
2 0.56953125 0.31328125 0.0078125 0.028125
2 0.55078125 0.30546875 0.0109375 0.03046875
2 0.484375 0.3046875 0.01015625 0.0296875
2 0.4765625 0.29609375 0.0078125 0.028125
2 0.4671875 0.28828125 0.0078125 0.03046875
2 0.53984375 0.29609375 0.0109375 0.02578125
0 0.50078125 0.2625 0.0578125 0.096875
3 0.39609375 0.371875 0.0859375 0.0921875
3 0.83515625 0.4296875 0.121875 0.16171875
3 0.6015625 0.32421875 0.053125 0.0875
3 0.65390625 0.3375 0.05078125 0.06953125
3 0.56171875 0.28046875 0.03515625 0.05078125
