3 0.7984375 0.40234375 0.08828125 0.090625
1 0.859375 0.8078125 0.23828125 0.3140625
1 0.65703125 0.3609375 0.06796875 0.08671875
1 0.49921875 0.290625 0.0328125 0.0421875
1 0.53046875 0.28125 0.03125 0.04609375
0 0.5921875 0.29765625 0.04921875 0.07109375
2 0.45 0.30703125 0.0078125 0.02109375
2 0.17421875 0.46953125 0.0484375 0.07109375
2 0.46875 0.3203125 0.009375 0.025
2 0.47578125 0.2953125 0.00859375 0.02734375
2 0.4875 0.47578125 0.01796875 0.06171875
2 0.52890625 0.30546875 0.009375 0.02578125
1 0.62109375 0.4921875 0.11953125 0.175
