2 0.32109375 0.59765625 0.0375 0.16328125
2 0.36875 0.4515625 0.01875 0.05625
2 0.37109375 0.58828125 0.0375 0.1953125
2 0.4375 0.6765625 0.0390625 0.18984375
2 0.51953125 0.653125 0.03046875 0.190625
2 0.49765625 0.53828125 0.02578125 0.15078125
2 0.58671875 0.5078125 0.0203125 0.1453125
2 0.56328125 0.4359375 0.02421875 0.12578125
2 0.6171875 0.4328125 0.01953125 0.1046875
2 0.54609375 0.3578125 0.021875 0.04765625
2 0.6 0.3421875 0.021875 0.02890625
1 0.43828125 0.15546875 0.06171875 0.0765625
1 0.47890625 0.3453125 0.10546875 0.225
1 0.5546875 0.24453125 0.06328125 0.1515625
1 0.20078125 0.62578125 0.08203125 0.2640625
2 0.39375 0.29140625 0.02890625 0.08515625
2 0.46015625 0.215625 0.021875 0.0671875
2 0.4921875 0.2203125 0.01875 0.0375
2 0.6515625 0.18671875 0.0171875 0.05390625
1 0.58046875 0.12890625 0.03671875 0.071875
