1 0.39296875 0.1140625 0.15234375 0.13203125
1 0.32734375 0.053125 0.1171875 0.09453125
1 0.31484375 0.08671875 0.03671875 0.08515625
1 0.25703125 0.0421875 0.0328125 0.08359375
2 0.83515625 0.8890625 0.24140625 0.221875
1 0.0609375 0.8578125 0.121875 0.284375
1 0.21484375 0.02734375 0.0421875 0.0546875
2 0.73828125 0.5796875 0.14453125 0.19296875
2 0.55703125 0.53515625 0.14453125 0.175
2 0.08359375 0.5890625 0.1671875 0.19375
2 0.34609375 0.35390625 0.03828125 0.090625
2 0.19140625 0.15859375 0.02734375 0.0609375
