3 0.7984375 0.4015625 0.08984375 0.090625
1 0.49921875 0.29375 0.03515625 0.046875
1 0.18828125 0.46640625 0.1359375 0.12734375
1 0.96328125 0.4875 0.0734375 0.1
2 0.5390625 0.29453125 0.0109375 0.028125
2 0.47578125 0.29296875 0.0125 0.02734375
2 0.4328125 0.31484375 0.01171875 0.02734375
2 0.5046875 0.35703125 0.01640625 0.0375
2 0.78359375 0.48046875 0.0578125 0.0734375
2 0.46015625 0.28203125 0.009375 0.028125
2 0.9578125 0.66640625 0.06328125 0.1
2 0.9328125 0.90078125 0.1015625 0.15546875
2 0.84375 0.78671875 0.09921875 0.13125
2 0.13984375 0.86953125 0.1171875 0.15859375
