3 0.50078125 0.15625 0.07265625 0.15859375
1 0.3921875 0.334375 0.11171875 0.16796875
1 0.58203125 0.20234375 0.05390625 0.11640625
1 0.6171875 0.09765625 0.021875 0.0453125
1 0.55703125 0.13203125 0.0359375 0.06015625
2 0.3125 0.59453125 0.06484375 0.19609375
2 0.4296875 0.66640625 0.04296875 0.1859375
2 0.49453125 0.54609375 0.0328125 0.15625
2 0.54765625 0.63515625 0.0390625 0.165625
2 0.54140625 0.48203125 0.0265625 0.0578125
2 0.62734375 0.21953125 0.0109375 0.0609375
2 0.56328125 0.353125 0.0265625 0.02890625
2 0.30390625 0.46015625 0.04375 0.15234375
2 0.65078125 0.128125 0.01015625 0.03125
1 0.49921875 0.35234375 0.10234375 0.20859375
