3 0.68359375 0.53671875 0.16328125 0.23046875
1 0.546875 0.41875 0.08046875 0.10703125
1 0.484375 0.34609375 0.04453125 0.0578125
1 0.44765625 0.29765625 0.03046875 0.03671875
1 0.01875 0.540625 0.03671875 0.09609375
1 0.75625 0.3625 0.09140625 0.06640625
1 0.51875 0.2890625 0.02890625 0.0390625
2 0.20859375 0.45390625 0.04296875 0.0671875
2 0.3078125 0.409375 0.03359375 0.05859375
2 0.36875 0.3796875 0.025 0.0515625
2 0.40546875 0.35390625 0.01640625 0.0296875
2 0.4453125 0.346875 0.01171875 0.025
2 0.42421875 0.334375 0.01171875 0.034375
2 0.490625 0.3046875 0.00859375 0.0234375
2 0.5 0.30703125 0.009375 0.034375
2 0.51640625 0.3078125 0.01015625 0.0296875
2 0.53828125 0.31015625 0.00859375 0.03125
2 0.55546875 0.31015625 0.009375 0.03125
2 0.56953125 0.31171875 0.0109375 0.034375
2 0.4765625 0.3 0.009375 0.02421875
