1 0.19921875 0.08359375 0.096875 0.125
3 0.2546875 0.14375 0.10390625 0.13828125
1 0.31484375 0.0875 0.03671875 0.07890625
1 0.39296875 0.1140625 0.15234375 0.13203125
1 0.15078125 0.48515625 0.3015625 0.3109375
1 0.29765625 0.0359375 0.1015625 0.071875
2 0.6875 0.4140625 0.06796875 0.1578125
2 0.95 0.521875 0.09921875 0.16328125
2 0.278125 0.7984375 0.20703125 0.23828125
2 0.0890625 0.67421875 0.17734375 0.23984375
3 0.33203125 0.24765625 0.12109375 0.22265625
2 0.23671875 0.30390625 0.03515625 0.08828125
