3 0.69296875 0.39296875 0.0921875 0.13515625
3 0.74140625 0.3921875 0.05 0.0953125
3 0.6 0.3015625 0.04921875 0.06484375
3 0.446875 0.2984375 0.0296875 0.0546875
0 0.50234375 0.2640625 0.05859375 0.09375
2 0.85 0.46875 0.04453125 0.0609375
2 0.6265625 0.3546875 0.0140625 0.0453125
2 0.59296875 0.33984375 0.01484375 0.03984375
2 0.5671875 0.31953125 0.0140625 0.034375
2 0.54453125 0.3 0.0078125 0.02890625
2 0.5515625 0.2921875 0.00859375 0.0265625
2 0.4953125 0.37265625 0.01796875 0.04765625
2 0.509375 0.3515625 0.01171875 0.03984375
2 0.49609375 0.31328125 0.0109375 0.02578125
2 0.4765625 0.29765625 0.009375 0.03203125
2 0.2453125 0.4421875 0.0453125 0.06796875
2 0.1265625 0.49765625 0.0609375 0.0765625
