0 0.2375 0.44921875 0.153125 0.56953125
3 0.4953125 0.1296875 0.05 0.08125
1 0.5640625 0.2078125 0.05703125 0.109375
1 0.475 0.4140625 0.13515625 0.30234375
2 0.3515625 0.5796875 0.06015625 0.190625
2 0.4359375 0.65546875 0.0671875 0.2296875
2 0.50546875 0.76015625 0.05859375 0.209375
2 0.39140625 0.475 0.03671875 0.1375
2 0.52421875 0.52421875 0.03671875 0.1328125
2 0.59609375 0.4 0.03203125 0.0890625
2 0.6234375 0.365625 0.028125 0.096875
2 0.57421875 0.30234375 0.02109375 0.07578125
2 0.5078125 0.2484375 0.02109375 0.03359375
2 0.63125 0.2484375 0.01875 0.04375
2 0.64296875 0.33046875 0.021875 0.09765625
1 0.63671875 0.10390625 0.02109375 0.04296875
1 0.61640625 0.0921875 0.02265625 0.034375
