1 0.434375 0.4046875 0.153125 0.30703125
1 0.525 0.27109375 0.06640625 0.1421875
1 0.5640625 0.21171875 0.05703125 0.13671875
1 0.6140625 0.146875 0.02734375 0.075
0 0.246875 0.4921875 0.1734375 0.58984375
2 0.54296875 0.47265625 0.028125 0.1375
2 0.53203125 0.3671875 0.02734375 0.08671875
2 0.49609375 0.44375 0.03671875 0.09765625
2 0.43671875 0.64375 0.06953125 0.2046875
2 0.496875 0.57890625 0.0484375 0.12109375
2 0.49609375 0.78046875 0.07265625 0.26875
2 0.57421875 0.54609375 0.034375 0.16328125
2 0.37890625 0.271875 0.03125 0.08359375
2 0.28515625 0.63125 0.05546875 0.19453125
1 0.51953125 0.16328125 0.05703125 0.09921875
1 0.6140625 0.2671875 0.05859375 0.159375
1 0.6 0.175 0.0296875 0.0765625
1 0.6359375 0.19140625 0.0328125 0.0640625
1 0.5890625 0.10546875 0.0296875 0.05234375
2 0.62734375 0.38828125 0.021875 0.1
2 0.64921875 0.34609375 0.01796875 0.0921875
2 0.6828125 0.33046875 0.01484375 0.075
2 0.66640625 0.2765625 0.01328125 0.05
2 0.5546875 0.30234375 0.0140625 0.04609375
