2 0.38671875 0.63984375 0.0625 0.18203125
2 0.4484375 0.6703125 0.06328125 0.21640625
2 0.42578125 0.5015625 0.0484375 0.11328125
2 0.33046875 0.5703125 0.0625 0.1765625
2 0.51171875 0.51796875 0.034375 0.1484375
2 0.6140625 0.4421875 0.02578125 0.1203125
2 0.55625 0.38125 0.021875 0.03125
2 0.5859375 0.3703125 0.025 0.10078125
2 0.6453125 0.371875 0.02109375 0.10234375
2 0.6296875 0.2765625 0.01875 0.04609375
2 0.61171875 0.3046875 0.01640625 0.0453125
2 0.65546875 0.2171875 0.01171875 0.0546875
3 0.26953125 0.384375 0.15078125 0.23671875
3 0.5859375 0.18828125 0.025 0.10859375
0 0.4984375 0.26171875 0.1484375 0.3609375
2 0.35625 0.43046875 0.03671875 0.05
2 0.415625 0.36796875 0.0125 0.10546875
2 0.59375 0.26796875 0.01328125 0.028125
2 0.59921875 0.18203125 0.0140625 0.03046875
2 0.57734375 0.303125 0.01953125 0.02734375
1 0.625 0.19375 0.03203125 0.08125
3 0.59921875 0.08828125 0.0328125 0.07890625
2 0.38984375 0.446875 0.0171875 0.03125
2 0.66328125 0.29453125 0.01171875 0.07734375
2 0.6484375 0.16796875 0.009375 0.0390625
2 0.6609375 0.16171875 0.00859375 0.03671875
