2 0.03203125 0.95078125 0.0640625 0.0984375
2 0.47578125 0.44921875 0.02109375 0.04921875
2 0.459375 0.3828125 0.01328125 0.02734375
2 0.45703125 0.3296875 0.01171875 0.015625
2 0.5390625 0.3125 0.0109375 0.02890625
2 0.56328125 0.31171875 0.01171875 0.02890625
2 0.48671875 0.309375 0.01171875 0.028125
1 0.5 0.290625 0.03046875 0.0453125
1 0.44921875 0.2953125 0.02734375 0.0453125
1 0.421875 0.2625 0.015625 0.03125
1 0.596875 0.3078125 0.03984375 0.05625
1 0.521875 0.38515625 0.0671875 0.0953125
3 0.621875 0.4921875 0.125 0.17109375
3 0.471875 0.25546875 0.02734375 0.04375
