2 0.47421875 0.728125 0.065625 0.24296875
2 0.43046875 0.6375 0.0625 0.20625
2 0.41484375 0.546875 0.0203125 0.07734375
2 0.35 0.60703125 0.06171875 0.1953125
2 0.35546875 0.48984375 0.05625 0.0734375
2 0.2921875 0.40546875 0.0453125 0.13515625
2 0.40625 0.44453125 0.02890625 0.1265625
2 0.46171875 0.4359375 0.02890625 0.08984375
2 0.453125 0.353125 0.02265625 0.05625
2 0.4984375 0.40703125 0.025 0.06484375
2 0.55078125 0.42890625 0.021875 0.109375
2 0.59609375 0.465625 0.03359375 0.14609375
2 0.6265625 0.42578125 0.02734375 0.11328125
2 0.553125 0.56328125 0.0421875 0.15
2 0.575 0.31484375 0.021875 0.06171875
2 0.58828125 0.36953125 0.021875 0.05703125
3 0.5265625 0.28203125 0.0796875 0.15
0 0.440625 0.1953125 0.1484375 0.2671875
2 0.6359375 0.22421875 0.015625 0.065625
3 0.60234375 0.12109375 0.02578125 0.059375
2 0.53984375 0.15234375 0.0171875 0.04140625
