2 0.87265625 0.565625 0.04296875 0.08515625
2 0.8296875 0.51015625 0.03125 0.07578125
2 0.78359375 0.490625 0.03046875 0.0703125
2 0.1125 0.58671875 0.06953125 0.09140625
2 0.43125 0.38125 0.0203125 0.053125
2 0.59921875 0.39453125 0.01875 0.05234375
2 0.72734375 0.40703125 0.01328125 0.0453125
2 0.71171875 0.37890625 0.0109375 0.0234375
2 0.64453125 0.35 0.01875 0.040625
2 0.56171875 0.33359375 0.01328125 0.0421875
1 0.68984375 0.4234375 0.08203125 0.11171875
3 0.4953125 0.35703125 0.06875 0.1140625
1 0.575 0.2984375 0.0390625 0.0484375
1 0.47890625 0.28359375 0.0234375 0.03203125
1 0.51171875 0.278125 0.02578125 0.02578125
3 0.5 0.2640625 0.0265625 0.0421875
1 0.46015625 0.26484375 0.0203125 0.034375
