3 0.803125 0.3984375 0.08125 0.0953125
1 0.9703125 0.534375 0.059375 0.12890625
1 0.1171875 0.77421875 0.234375 0.2734375
1 0.49140625 0.29375 0.03046875 0.0421875
1 0.5328125 0.29375 0.03828125 0.0484375
1 0.47734375 0.28125 0.02421875 0.03984375
1 0.509375 0.27578125 0.01875 0.03359375
2 0.13359375 0.49296875 0.05 0.0734375
2 0.0203125 0.58984375 0.040625 0.0734375
2 0.5625 0.3125 0.0109375 0.034375
2 0.61640625 0.3296875 0.0125 0.0359375
2 0.034375 0.52578125 0.053125 0.06328125
2 0.4203125 0.29375 0.01015625 0.0171875
