1 0.24921875 0.44140625 0.1265625 0.11328125
1 0.4546875 0.30234375 0.03125 0.0484375
2 0.02109375 0.9234375 0.0421875 0.1125
2 0.68125 0.85703125 0.14375 0.1546875
2 0.8484375 0.8625 0.11484375 0.14765625
2 0.96640625 0.88828125 0.0671875 0.1515625
2 0.85 0.48359375 0.05 0.071875
2 0.95 0.51640625 0.04375 0.06484375
2 0.55703125 0.309375 0.0109375 0.02734375
2 0.50546875 0.33359375 0.01328125 0.02734375
2 0.4203125 0.33671875 0.0125 0.02734375
2 0.4671875 0.26171875 0.00625 0.01640625
2 0.4796875 0.25859375 0.0078125 0.01796875
1 0.4515625 0.25234375 0.01796875 0.02578125
