3 0.7921875 0.40625 0.06875 0.09296875
1 0.51328125 0.29375 0.03046875 0.04140625
1 0.54609375 0.29609375 0.03984375 0.05078125
1 0.47734375 0.26796875 0.021875 0.03125
1 0.46171875 0.26328125 0.01796875 0.03203125
2 0.42734375 0.31875 0.00859375 0.0265625
2 0.49375 0.30703125 0.00859375 0.03125
2 0.48515625 0.29921875 0.00859375 0.02265625
2 0.47109375 0.2890625 0.009375 0.028125
2 0.94140625 0.5390625 0.04453125 0.06953125
2 0.17578125 0.5765625 0.0734375 0.0890625
1 0.11796875 0.8515625 0.2359375 0.296875
2 0.5296875 0.59296875 0.1 0.103125
2 0.76875 0.559375 0.06953125 0.084375
2 0.8484375 0.58515625 0.06171875 0.0875
2 0.915625 0.4875 0.046875 0.0578125
