2 0.1921875 0.58515625 0.078125 0.090625
2 0.571875 0.30546875 0.0109375 0.02890625
2 0.7671875 0.42734375 0.03984375 0.059375
2 0.49140625 0.3046875 0.01015625 0.0296875
2 0.51640625 0.30546875 0.01171875 0.02890625
2 0.5421875 0.31015625 0.0125 0.03125
2 0.55859375 0.309375 0.009375 0.02734375
2 0.48125 0.29921875 0.01171875 0.0296875
2 0.46328125 0.28046875 0.00703125 0.025
3 0.80078125 0.40078125 0.08828125 0.09296875
0 0.9859375 0.4796875 0.028125 0.1796875
2 0.4359375 0.3046875 0.0125 0.0203125
1 0.57265625 0.5953125 0.2015625 0.1859375
