1 0.21484375 0.028125 0.04453125 0.05625
2 0.98203125 0.57578125 0.0359375 0.1203125
1 0.3921875 0.11484375 0.153125 0.13203125
1 0.3203125 0.05234375 0.121875 0.1046875
2 0.2203125 0.16015625 0.0328125 0.06875
1 0.315625 0.0859375 0.03359375 0.08515625
2 0.43359375 0.23515625 0.0359375 0.09296875
2 0.04140625 0.609375 0.08203125 0.184375
2 0.28828125 0.22578125 0.028125 0.0625
2 0.65 0.91015625 0.1875 0.1796875
2 0.95546875 0.8421875 0.0890625 0.184375
2 0.8515625 0.9046875 0.1859375 0.190625
2 0.90234375 0.67265625 0.1578125 0.19453125
