2 0.3390625 0.9 0.05 0.2
2 0.34765625 0.3921875 0.03984375 0.125
2 0.38671875 0.5953125 0.03828125 0.15078125
2 0.446875 0.65546875 0.04140625 0.19453125
2 0.53046875 0.62734375 0.03515625 0.16640625
2 0.5015625 0.465625 0.034375 0.128125
2 0.5484375 0.34375 0.02578125 0.096875
2 0.58671875 0.37890625 0.0171875 0.078125
2 0.6359375 0.2671875 0.01875 0.07109375
2 0.60625 0.234375 0.0171875 0.0453125
1 0.44765625 0.37734375 0.11640625 0.22890625
1 0.615625 0.146875 0.02421875 0.075
3 0.6453125 0.15859375 0.0328125 0.12890625
2 0.671875 0.21171875 0.01171875 0.0484375
0 0.51953125 0.14375 0.08828125 0.19296875
