2 0.23046875 0.65546875 0.07578125 0.1984375
2 0.2921875 0.8046875 0.08828125 0.2578125
2 0.309375 0.625 0.0671875 0.10390625
2 0.45625 0.69765625 0.0703125 0.22890625
2 0.42109375 0.53203125 0.05859375 0.17109375
2 0.54453125 0.6296875 0.059375 0.2046875
2 0.4765625 0.51328125 0.03671875 0.09609375
2 0.48984375 0.40703125 0.02890625 0.10078125
2 0.53515625 0.4484375 0.0234375 0.12421875
2 0.60078125 0.45 0.03203125 0.125
2 0.52265625 0.33828125 0.02578125 0.08984375
2 0.559375 0.35078125 0.02578125 0.0625
2 0.60234375 0.33671875 0.025 0.0609375
2 0.58125 0.29765625 0.01953125 0.07421875
3 0.5515625 0.190625 0.07421875 0.19609375
1 0.440625 0.1609375 0.05625 0.09140625
2 0.63984375 0.1875 0.015625 0.05703125
2 0.26796875 0.2671875 0.04140625 0.05390625
