2 0.46796875 0.68359375 0.06015625 0.2109375
2 0.46796875 0.55 0.04765625 0.12265625
2 0.54296875 0.61640625 0.0328125 0.1765625
2 0.51640625 0.53203125 0.03046875 0.1546875
2 0.590625 0.53046875 0.0296875 0.15390625
2 0.62265625 0.43515625 0.02265625 0.12578125
2 0.5796875 0.375 0.0234375 0.10390625
1 0.39921875 0.48359375 0.16484375 0.39375
1 0.51796875 0.31796875 0.0890625 0.21015625
1 0.5796875 0.2296875 0.0546875 0.1328125
1 0.59140625 0.1640625 0.040625 0.0671875
3 0.4578125 0.19609375 0.11171875 0.18203125
2 0.59609375 0.315625 0.02109375 0.05703125
1 0.584375 0.11875 0.03515625 0.05546875
2 0.64453125 0.371875 0.0125 0.08203125
2 0.6546875 0.23828125 0.0140625 0.059375
1 0.61640625 0.1375 0.028125 0.065625
