1 0.33203125 0.2203125 0.13046875 0.19296875
1 0.215625 0.028125 0.0484375 0.05546875
1 0.32109375 0.05234375 0.12265625 0.10390625
1 0.3140625 0.0859375 0.03125 0.08359375
1 0.3859375 0.1140625 0.14375 0.13359375
2 0.63125 0.49296875 0.1234375 0.16796875
2 0.4921875 0.1625 0.03828125 0.07734375
2 0.4640625 0.159375 0.02109375 0.059375
2 0.92890625 0.871875 0.1421875 0.253125
2 0.69375 0.74375 0.16875 0.234375
1 0.90390625 0.52109375 0.19140625 0.33515625
1 0.19375 0.0921875 0.08984375 0.11328125
2 0.4421875 0.590625 0.1578125 0.19609375
2 0.28359375 0.55703125 0.16015625 0.19296875
