3 0.6703125 0.39765625 0.0765625 0.096875
3 0.91328125 0.478125 0.125 0.11796875
3 0.58125 0.2828125 0.04375 0.0796875
3 0.528125 0.28984375 0.03125 0.03984375
1 0.55625 0.29296875 0.03671875 0.0359375
1 0.5640625 0.33984375 0.05390625 0.07421875
1 0.5015625 0.30546875 0.03203125 0.05
1 0.48515625 0.2796875 0.028125 0.04140625
2 0.196875 0.46640625 0.05 0.0703125
2 0.45859375 0.36484375 0.01875 0.05
2 0.61328125 0.39453125 0.015625 0.053125
2 0.8015625 0.4890625 0.03828125 0.07734375
2 0.70859375 0.39765625 0.0109375 0.05078125
2 0.47109375 0.31796875 0.01328125 0.0328125
2 0.46328125 0.29453125 0.01015625 0.028125
2 0.415625 0.2953125 0.0078125 0.02265625
2 0.4296875 0.2828125 0.00625 0.02109375
