2 0.18359375 0.921875 0.13671875 0.15625
3 0.96953125 0.5265625 0.06015625 0.13984375
2 0.715625 0.3921875 0.0234375 0.04921875
2 0.33046875 0.42421875 0.04921875 0.06796875
2 0.67109375 0.36640625 0.0203125 0.0453125
2 0.5625 0.30625 0.01015625 0.0296875
2 0.4859375 0.30625 0.0109375 0.02734375
2 0.5484375 0.3078125 0.0109375 0.02890625
2 0.46953125 0.2765625 0.0078125 0.0203125
2 0.42578125 0.2828125 0.0078125 0.01953125
1 0.503125 0.29296875 0.03359375 0.04375
1 0.53203125 0.290625 0.03046875 0.05
1 0.57421875 0.40625 0.10703125 0.10078125
1 0.45 0.31171875 0.03359375 0.05390625
1 0.40390625 0.7578125 0.34765625 0.29140625
