1 0.67265625 0.61484375 0.23984375 0.21328125
2 0.25859375 0.5875 0.08515625 0.09765625
2 0.0953125 0.60859375 0.06796875 0.08984375
2 0.15078125 0.47890625 0.05 0.07421875
2 0.07109375 0.51484375 0.0515625 0.07578125
2 0.42890625 0.328125 0.0109375 0.028125
2 0.4828125 0.3046875 0.00859375 0.0296875
2 0.5625 0.309375 0.01015625 0.03125
2 0.5484375 0.303125 0.00859375 0.02578125
2 0.53046875 0.30390625 0.00703125 0.02890625
2 0.47578125 0.29609375 0.009375 0.02578125
1 0.5 0.29140625 0.034375 0.0421875
1 0.53125 0.2828125 0.02890625 0.046875
1 0.50546875 0.275 0.028125 0.02578125
3 0.79921875 0.40234375 0.090625 0.09375
