1 0.52265625 0.10390625 0.05703125 0.06640625
1 0.48203125 0.19453125 0.0640625 0.0953125
1 0.54921875 0.26328125 0.07421875 0.15859375
1 0.41796875 0.4578125 0.15078125 0.32890625
1 0.21875 0.565625 0.11875 0.2578125
0 0.7390625 0.246875 0.184375 0.27578125
2 0.64140625 0.36953125 0.025 0.09765625
2 0.61328125 0.33828125 0.01953125 0.0421875
2 0.5234375 0.4140625 0.02734375 0.090625
2 0.5625 0.43046875 0.02578125 0.0984375
2 0.609375 0.46640625 0.0265625 0.1484375
2 0.53359375 0.58125 0.0390625 0.11953125
2 0.49375 0.5296875 0.0484375 0.16171875
2 0.43359375 0.69765625 0.06015625 0.2125
2 0.63828125 0.2109375 0.01171875 0.05703125
2 0.62421875 0.1875 0.009375 0.05078125
2 0.5828125 0.175 0.0125 0.03203125
2 0.584375 0.30546875 0.01796875 0.028125
2 0.546875 0.340625 0.0265625 0.05078125
