0 0.59375 0.1015625 0.0375 0.0859375
0 0.51953125 0.1703125 0.07578125 0.13203125
2 0.44140625 0.25390625 0.0296875 0.096875
2 0.41640625 0.2625 0.015625 0.06875
2 0.39921875 0.25859375 0.01328125 0.05703125
2 0.21015625 0.496875 0.05234375 0.14453125
2 0.3140625 0.5921875 0.065625 0.190625
2 0.43046875 0.6640625 0.0453125 0.19453125
2 0.55 0.6375 0.03515625 0.1640625
2 0.53828125 0.43984375 0.02109375 0.1265625
2 0.51484375 0.39765625 0.0265625 0.1171875
1 0.64609375 0.115625 0.01953125 0.04765625
0 0.6234375 0.08515625 0.01953125 0.0671875
