2 0.49453125 0.7328125 0.05390625 0.2015625
2 0.3453125 0.546875 0.059375 0.19609375
2 0.54765625 0.57578125 0.04375 0.16875
2 0.55234375 0.46484375 0.028125 0.109375
2 0.59921875 0.4734375 0.034375 0.13203125
0 0.4859375 0.15 0.11328125 0.19453125
1 0.48515625 0.43046875 0.1375 0.30703125
1 0.5265625 0.25234375 0.08125 0.13203125
1 0.58125 0.1921875 0.05078125 0.1125
2 0.28828125 0.36328125 0.03984375 0.1109375
1 0.2375 0.28359375 0.08828125 0.12109375
3 0.6359375 0.10859375 0.02421875 0.05859375
2 0.6515625 0.1734375 0.0125 0.0453125
2 0.66484375 0.16015625 0.01171875 0.03984375
