1 0.44140625 0.16171875 0.05859375 0.09453125
3 0.51640625 0.2265625 0.1109375 0.24296875
2 0.55859375 0.346875 0.034375 0.0765625
2 0.5625 0.428125 0.0390625 0.12578125
2 0.63046875 0.25078125 0.0265625 0.06640625
2 0.42421875 0.515625 0.04609375 0.165625
2 0.47265625 0.5265625 0.02734375 0.09765625
2 0.490625 0.6578125 0.0671875 0.23671875
2 0.42578125 0.89765625 0.0765625 0.2046875
2 0.37734375 0.775 0.0734375 0.24765625
2 0.246875 0.84453125 0.08515625 0.271875
2 0.26484375 0.2640625 0.03828125 0.05390625
1 0.64765625 0.11015625 0.02265625 0.05
