2 0.26171875 0.8953125 0.08203125 0.20859375
2 0.340625 0.915625 0.096875 0.16875
2 0.45078125 0.69375 0.07265625 0.24296875
2 0.4703125 0.52109375 0.04296875 0.09375
2 0.540625 0.60703125 0.046875 0.17734375
2 0.5046875 0.43203125 0.03515625 0.1109375
2 0.54765625 0.453125 0.046875 0.08515625
2 0.56484375 0.32265625 0.0296875 0.059375
2 0.603125 0.3671875 0.02109375 0.1125
2 0.63984375 0.3109375 0.01875 0.08828125
2 0.60546875 0.26015625 0.01171875 0.0453125
1 0.409375 0.45 0.159375 0.3296875
0 0.5109375 0.20859375 0.1234375 0.28125
