3 0.24765625 0.8765625 0.3109375 0.246875
3 0.4890625 0.2515625 0.0296875 0.028125
1 0.4953125 0.2828125 0.0234375 0.034375
2 0.46484375 0.4234375 0.03359375 0.06796875
2 0.440625 0.30703125 0.00625 0.0265625
2 0.41953125 0.296875 0.00859375 0.021875
1 0.43125 0.27109375 0.01796875 0.0296875
2 0.4875 0.309375 0.01015625 0.028125
2 0.50859375 0.30703125 0.0109375 0.028125
2 0.52734375 0.3078125 0.0078125 0.03046875
2 0.56015625 0.3109375 0.01171875 0.0296875
2 0.58515625 0.3140625 0.01015625 0.0296875
2 0.60390625 0.31875 0.0109375 0.0296875
2 0.63828125 0.34375 0.0140625 0.0375
