2 0.3375 0.40625 0.0265625 0.02734375
2 0.44375 0.4984375 0.034375 0.0796875
2 0.42890625 0.4140625 0.0171875 0.06484375
2 0.47734375 0.36875 0.01875 0.05234375
2 0.50234375 0.371875 0.01640625 0.05
2 0.5265625 0.3328125 0.0140625 0.040625
2 0.6109375 0.35703125 0.01640625 0.03125
2 0.70078125 0.38125 0.01640625 0.046875
2 0.65078125 0.34453125 0.0125 0.02578125
1 0.3 0.50546875 0.16796875 0.178125
1 0.64453125 0.40859375 0.08359375 0.10234375
1 0.775 0.4296875 0.11015625 0.1265625
1 0.575 0.3140625 0.05 0.06640625
1 0.49140625 0.29140625 0.0390625 0.0453125
2 0.4671875 0.34375 0.01015625 0.0328125
3 0.8203125 0.3984375 0.0484375 0.090625
