0 0.82421875 0.53359375 0.18359375 0.26875
1 0.91796875 0.48515625 0.12109375 0.1375
1 0.7265625 0.38125 0.0796875 0.096875
1 0.60546875 0.390625 0.0703125 0.08671875
1 0.2390625 0.5671875 0.16328125 0.1796875
1 0.58671875 0.32890625 0.046875 0.04609375
1 0.51328125 0.30546875 0.03828125 0.04453125
1 0.43359375 0.2890625 0.025 0.0359375
1 0.4234375 0.26484375 0.02109375 0.03515625
1 0.5171875 0.28203125 0.03125 0.0265625
1 0.49375 0.2640625 0.0234375 0.03046875
2 0.42265625 0.43046875 0.025 0.0625
2 0.475 0.38125 0.0171875 0.0515625
2 0.5546875 0.3546875 0.0125 0.0453125
2 0.478125 0.30703125 0.0109375 0.025
2 0.459375 0.2875 0.0078125 0.025
2 0.70703125 0.44140625 0.028125 0.0625
2 0.67421875 0.39765625 0.021875 0.05078125
2 0.6359375 0.3625 0.0140625 0.04140625
2 0.65390625 0.359375 0.00859375 0.04140625
2 0.61953125 0.33671875 0.0078125 0.02890625
