2 0.496875 0.43828125 0.0203125 0.040625
2 0.5578125 0.30625 0.01015625 0.02734375
2 0.54609375 0.30703125 0.01171875 0.0296875
2 0.5203125 0.30546875 0.01015625 0.0296875
2 0.4765625 0.29453125 0.00859375 0.025
3 0.1921875 0.44453125 0.15859375 0.1640625
3 0.49609375 0.2984375 0.034375 0.053125
1 0.45 0.25625 0.015625 0.021875
2 0.53359375 0.3078125 0.009375 0.02890625
2 0.43046875 0.2984375 0.009375 0.01953125
2 0.46796875 0.29140625 0.0078125 0.02421875
1 0.5109375 0.37734375 0.06015625 0.08828125
1 0.34453125 0.3984375 0.10625 0.11796875
1 0.75703125 0.3609375 0.090625 0.0625
