1 0.7953125 0.54140625 0.14296875 0.20234375
1 0.65546875 0.37578125 0.06484375 0.1
1 0.45 0.39609375 0.08515625 0.10859375
1 0.51171875 0.32421875 0.040625 0.06796875
3 0.74921875 0.3640625 0.10390625 0.15859375
3 0.59453125 0.34453125 0.06015625 0.075
3 0.5296875 0.28515625 0.03359375 0.06328125
1 0.55703125 0.28515625 0.02109375 0.04296875
2 0.69140625 0.36796875 0.009375 0.04140625
2 0.440625 0.28671875 0.009375 0.0234375
2 0.4609375 0.27265625 0.00546875 0.02109375
2 0.26953125 0.49296875 0.046875 0.08046875
2 0.0890625 0.5015625 0.0515625 0.06953125
2 0.26796875 0.4453125 0.03984375 0.02734375
