3 0.88125 0.76953125 0.2375 0.4609375
3 0.0640625 0.4671875 0.128125 0.209375
3 0.5140625 0.3609375 0.06171875 0.09296875
3 0.471875 0.25625 0.0265625 0.04375
1 0.46171875 0.3203125 0.0390625 0.059375
1 0.63046875 0.32890625 0.0484375 0.0703125
2 0.4203125 0.33203125 0.01015625 0.02578125
2 0.54140625 0.3109375 0.0109375 0.028125
2 0.565625 0.31171875 0.0125 0.03046875
2 0.55234375 0.30625 0.0078125 0.01953125
2 0.4875 0.3046875 0.00859375 0.021875
1 0.5 0.290625 0.03359375 0.04453125
1 0.4328125 0.271875 0.02265625 0.03359375
1 0.43984375 0.24453125 0.0171875 0.02109375
