3 0.196875 0.4515625 0.14375 0.1421875
1 0.95546875 0.7421875 0.0890625 0.228125
1 0.94453125 0.50390625 0.1109375 0.1328125
1 0.64140625 0.365625 0.07578125 0.0984375
1 0.61328125 0.31796875 0.04375 0.053125
1 0.50703125 0.31953125 0.03515625 0.06171875
1 0.51484375 0.28203125 0.028125 0.04140625
1 0.475 0.2765625 0.025 0.03203125
3 0.8015625 0.40078125 0.08359375 0.0953125
2 0.84296875 0.46484375 0.04375 0.06015625
2 0.84375 0.559375 0.046875 0.09375
2 0.75390625 0.41953125 0.0265625 0.05546875
2 0.603125 0.4 0.0203125 0.05625
2 0.49375 0.44375 0.03515625 0.0796875
2 0.4703125 0.37890625 0.0171875 0.05
2 0.44140625 0.42734375 0.0296875 0.0609375
2 0.39375 0.4703125 0.03671875 0.07421875
2 0.36171875 0.45625 0.03515625 0.071875
2 0.38359375 0.41171875 0.0140625 0.03359375
2 0.2125 0.54765625 0.03515625 0.103125
2 0.01640625 0.70625 0.0328125 0.096875
