1 0.39296875 0.1140625 0.15234375 0.13203125
1 0.32734375 0.053125 0.1171875 0.09453125
1 0.31484375 0.08671875 0.03671875 0.08515625
1 0.25703125 0.0421875 0.0328125 0.08359375
2 0.56796875 0.4359375 0.0765625 0.1703125
1 0.953125 0.425 0.09375 0.2359375
1 0.21484375 0.02734375 0.0421875 0.0546875
1 0.39375 0.66328125 0.434375 0.39453125
2 0.2390625 0.43203125 0.10078125 0.14453125
2 0.05625 0.56328125 0.1125 0.16640625
2 0.18671875 0.13828125 0.025 0.05859375
2 0.1515625 0.1140625 0.021875 0.046875
