2 0.54140625 0.30625 0.0109375 0.03046875
2 0.5546875 0.28984375 0.00703125 0.0171875
2 0.5203125 0.30390625 0.00859375 0.025
2 0.4625 0.31015625 0.00703125 0.021875
2 0.44453125 0.35 0.01171875 0.03046875
2 0.4546875 0.275 0.01015625 0.01640625
2 0.47265625 0.2921875 0.009375 0.02265625
2 0.51015625 0.375 0.01484375 0.0375
2 0.9796875 0.48984375 0.040625 0.0421875
0 0.81640625 0.65 0.36640625 0.58359375
1 0.371875 0.39765625 0.09609375 0.09296875
1 0.75703125 0.35 0.08984375 0.0390625
1 0.57421875 0.30546875 0.03671875 0.04609375
1 0.49375 0.29453125 0.0328125 0.04921875
1 0.509375 0.26640625 0.02265625 0.03125
2 0.49453125 0.3515625 0.0140625 0.03125
