2 0.3265625 0.9296875 0.090625 0.140625
2 0.2359375 0.62734375 0.059375 0.2
2 0.471875 0.746875 0.07109375 0.2359375
2 0.3265625 0.30078125 0.034375 0.075
2 0.45859375 0.30234375 0.028125 0.096875
2 0.490625 0.23828125 0.01875 0.07265625
2 0.59921875 0.26796875 0.0140625 0.078125
2 0.6125 0.44375 0.02265625 0.12890625
2 0.60546875 0.35078125 0.01015625 0.05703125
2 0.5203125 0.1828125 0.0125 0.0546875
2 0.546875 0.17890625 0.015625 0.03984375
3 0.346875 0.56875 0.184375 0.3859375
1 0.525 0.4328125 0.1234375 0.2875
1 0.5296875 0.2703125 0.08203125 0.1390625
1 0.58671875 0.184375 0.040625 0.0984375
0 0.65078125 0.16015625 0.05 0.17578125
1 0.60703125 0.14453125 0.03515625 0.08515625
