2 0.32421875 0.90703125 0.08828125 0.1859375
2 0.28125 0.7109375 0.065625 0.22890625
2 0.3625 0.696875 0.06796875 0.19140625
2 0.4609375 0.66796875 0.0609375 0.19921875
2 0.521875 0.67890625 0.05234375 0.19609375
2 0.453125 0.49921875 0.04296875 0.1265625
2 0.54921875 0.421875 0.0328125 0.096875
2 0.58828125 0.46484375 0.028125 0.11953125
2 0.65234375 0.275 0.0125 0.07265625
1 0.36953125 0.44140625 0.13046875 0.2375
1 0.590625 0.27890625 0.05703125 0.1546875
1 0.63671875 0.2078125 0.03671875 0.10078125
3 0.57890625 0.16015625 0.06953125 0.175
3 0.625 0.10390625 0.03671875 0.08828125
2 0.66640625 0.18984375 0.0140625 0.05
