2 0.9265625 0.55390625 0.0375 0.06875
1 0.5 0.29140625 0.03203125 0.046875
1 0.6671875 0.371875 0.07109375 0.090625
1 0.4578125 0.259375 0.0171875 0.02734375
3 0.7984375 0.3953125 0.09140625 0.07890625
3 0.53203125 0.290625 0.03125 0.0453125
2 0.48046875 0.3015625 0.009375 0.02890625
2 0.55 0.31328125 0.01171875 0.034375
2 0.74296875 0.42265625 0.02890625 0.0625
2 0.01640625 0.53671875 0.0328125 0.06640625
2 0.378125 0.59375 0.09296875 0.1
1 0.415625 0.34609375 0.06640625 0.0765625
3 0.30234375 0.403125 0.121875 0.140625
1 0.0171875 0.6484375 0.034375 0.115625
