1 0.84375 0.6 0.14453125 0.2
1 0.94453125 0.48515625 0.1109375 0.1203125
1 0.43125 0.41484375 0.084375 0.103125
1 0.5765625 0.3265625 0.05390625 0.06953125
1 0.5359375 0.29140625 0.0296875 0.0484375
3 0.50703125 0.31953125 0.034375 0.06953125
3 0.66328125 0.39375 0.11796875 0.14765625
3 0.4890625 0.2890625 0.028125 0.04765625
1 0.4625 0.26953125 0.01953125 0.03125
2 0.4765625 0.31484375 0.01015625 0.03359375
2 0.4640625 0.30546875 0.01015625 0.03125
2 0.425 0.340625 0.01015625 0.028125
2 0.353125 0.3828125 0.021875 0.05
2 0.17890625 0.46328125 0.04765625 0.06796875
2 0.1359375 0.59453125 0.0671875 0.0984375
2 0.0390625 0.60390625 0.0625 0.09296875
2 0.9546875 0.64765625 0.05078125 0.11015625
2 0.7328125 0.403125 0.01484375 0.0453125
