1 0.41796875 0.4578125 0.15234375 0.33671875
1 0.55390625 0.25859375 0.06796875 0.1390625
1 0.59453125 0.18984375 0.040625 0.09375
1 0.61484375 0.15234375 0.028125 0.05625
3 0.6171875 0.121875 0.03125 0.0484375
2 0.2296875 0.6890625 0.06796875 0.21640625
2 0.315625 0.87578125 0.084375 0.2484375
2 0.48046875 0.728125 0.07578125 0.2375
2 0.48125 0.54140625 0.028125 0.096875
2 0.5671875 0.5421875 0.04609375 0.1515625
2 0.52421875 0.4234375 0.03125 0.096875
2 0.5859375 0.39375 0.015625 0.0515625
2 0.56171875 0.359375 0.028125 0.10234375
2 0.640625 0.35 0.01796875 0.084375
2 0.61015625 0.31484375 0.02109375 0.06171875
2 0.62734375 0.24375 0.0125 0.0421875
2 0.60390625 0.24453125 0.0125 0.0546875
2 0.65546875 0.2484375 0.01171875 0.05625
2 0.64453125 0.17265625 0.00859375 0.04375
