2 0.33046875 0.596875 0.06015625 0.171875
2 0.38359375 0.59609375 0.0625 0.1625
2 0.4359375 0.67109375 0.04609375 0.2
2 0.51875 0.65078125 0.034375 0.1875
2 0.49765625 0.54296875 0.02734375 0.15703125
2 0.58515625 0.51484375 0.02734375 0.15546875
2 0.57734375 0.3796875 0.0171875 0.05234375
2 0.34296875 0.409375 0.046875 0.1234375
2 0.38046875 0.32578125 0.03125 0.1
2 0.4125 0.33828125 0.03125 0.11015625
2 0.48828125 0.20625 0.025 0.06953125
2 0.65078125 0.25625 0.0171875 0.07421875
1 0.478125 0.35 0.10625 0.234375
1 0.440625 0.16171875 0.05625 0.09296875
2 0.54296875 0.1625 0.0140625 0.046875
2 0.65234375 0.16640625 0.0125 0.0453125
