1 0.55703125 0.23046875 0.07109375 0.159375
2 0.32734375 0.59453125 0.06171875 0.1890625
2 0.39453125 0.61875 0.05078125 0.21328125
2 0.4546875 0.609375 0.05234375 0.215625
2 0.40078125 0.43046875 0.0515625 0.12265625
2 0.4484375 0.47265625 0.02578125 0.075
2 0.53125 0.4359375 0.034375 0.13359375
2 0.578125 0.5546875 0.046875 0.15703125
2 0.6171875 0.45625 0.03046875 0.11796875
2 0.634375 0.3890625 0.0171875 0.08984375
2 0.584375 0.4 0.0265625 0.0734375
2 0.56484375 0.35703125 0.02734375 0.078125
2 0.4546875 0.33984375 0.028125 0.04921875
2 0.5078125 0.315625 0.0296875 0.07109375
1 0.578125 0.1328125 0.034375 0.065625
0 0.22578125 0.56640625 0.13359375 0.5015625
0 0.4734375 0.21875 0.0953125 0.17890625
