2 0.9609375 0.65234375 0.05 0.10625
2 0.83515625 0.60390625 0.0515625 0.10625
2 0.8578125 0.54140625 0.0390625 0.0828125
2 0.39609375 0.5015625 0.0453125 0.08203125
2 0.3046875 0.471875 0.04375 0.0703125
2 0.23828125 0.53046875 0.05546875 0.08203125
2 0.17890625 0.53359375 0.06171875 0.08125
2 0.06640625 0.6015625 0.06328125 0.08984375
2 0.340625 0.415625 0.02890625 0.0546875
2 0.4046875 0.3890625 0.025 0.0515625
2 0.52109375 0.3578125 0.015625 0.0453125
2 0.5578125 0.3359375 0.01328125 0.03671875
2 0.61953125 0.37421875 0.0203125 0.0453125
2 0.63515625 0.3375 0.01328125 0.0296875
2 0.53828125 0.31484375 0.01171875 0.03046875
3 0.4703125 0.3671875 0.06953125 0.1234375
3 0.503125 0.26484375 0.028125 0.04765625
1 0.5875 0.321875 0.0484375 0.0625
1 0.4875 0.2828125 0.025 0.034375
1 0.46875 0.2734375 0.02265625 0.02734375
1 0.46015625 0.2625 0.0171875 0.03046875
1 0.44765625 0.25703125 0.01640625 0.02890625
