3 0.87734375 0.609375 0.16875 0.1875
3 0.68671875 0.41953125 0.146875 0.15234375
1 0.16484375 0.540625 0.1921875 0.21171875
2 0.3078125 0.41015625 0.03359375 0.05546875
2 0.478125 0.38046875 0.02109375 0.05078125
2 0.43515625 0.29921875 0.0109375 0.02421875
2 0.58515625 0.3125 0.01484375 0.03046875
2 0.5578125 0.29609375 0.0109375 0.0234375
2 0.63359375 0.359375 0.01796875 0.04453125
2 0.8375 0.46171875 0.040625 0.05546875
2 0.515625 0.28203125 0.0078125 0.0234375
2 0.528125 0.28125 0.0078125 0.02109375
