3 0.42734375 0.46484375 0.15625 0.28984375
1 0.5359375 0.26640625 0.075 0.16640625
0 0.43203125 0.1921875 0.14453125 0.26328125
2 0.62421875 0.44296875 0.02890625 0.1359375
2 0.58046875 0.3984375 0.0296875 0.11796875
2 0.52734375 0.4390625 0.0265625 0.1328125
2 0.55 0.53046875 0.0390625 0.15859375
2 0.48125 0.5359375 0.028125 0.13125
2 0.42890625 0.66015625 0.0671875 0.21484375
2 0.50703125 0.7140625 0.06015625 0.20078125
2 0.640625 0.26015625 0.01171875 0.0734375
2 0.1953125 0.55390625 0.04765625 0.1578125
3 0.659375 0.11171875 0.02265625 0.0828125
2 0.63671875 0.16015625 0.01171875 0.03984375
