1 0.82421875 0.7640625 0.2359375 0.25859375
1 0.86015625 0.50390625 0.14609375 0.1265625
1 0.75703125 0.3625 0.08984375 0.06328125
1 0.49453125 0.29375 0.03203125 0.05
1 0.54609375 0.284375 0.02734375 0.03125
1 0.484375 0.2546875 0.01953125 0.02734375
2 0.52890625 0.37265625 0.02109375 0.053125
2 0.3875 0.36171875 0.01953125 0.0453125
2 0.44375 0.33671875 0.009375 0.028125
2 0.41875 0.29921875 0.0078125 0.02265625
2 0.51875 0.3046875 0.0078125 0.0265625
2 0.53828125 0.30546875 0.01015625 0.03046875
2 0.4578125 0.271875 0.0078125 0.021875
2 0.44765625 0.26875 0.0078125 0.0171875
