1 0.87265625 0.53828125 0.1265625 0.128125
3 0.8 0.4015625 0.090625 0.09453125
1 0.4765625 0.26796875 0.0265625 0.03046875
2 0.48125 0.2984375 0.0109375 0.0328125
2 0.51875 0.30625 0.0140625 0.0234375
2 0.4921875 0.30625 0.00703125 0.028125
2 0.45234375 0.3078125 0.009375 0.02421875
1 0.42421875 0.265625 0.01953125 0.02890625
2 0.42734375 0.309375 0.009375 0.02578125
2 0.39375 0.3609375 0.01875 0.028125
2 0.4984375 0.3671875 0.01484375 0.0328125
1 0.609375 0.43125 0.11328125 0.10546875
1 0.5828125 0.30859375 0.046875 0.05703125
2 0.44296875 0.29296875 0.00703125 0.01953125
