2 0.89609375 0.61328125 0.04921875 0.109375
2 0.884375 0.52578125 0.03828125 0.06171875
2 0.83984375 0.5390625 0.03671875 0.084375
2 0.7890625 0.546875 0.04375 0.09296875
2 0.76640625 0.42578125 0.02890625 0.0546875
2 0.4640625 0.31328125 0.00859375 0.02109375
2 0.4375 0.31953125 0.00859375 0.02890625
2 0.42734375 0.3140625 0.0078125 0.0203125
1 0.4390625 0.41328125 0.090625 0.121875
1 0.478125 0.34765625 0.04453125 0.065625
3 0.60546875 0.32890625 0.06328125 0.10078125
3 0.52734375 0.28203125 0.03515625 0.05078125
3 0.49765625 0.30546875 0.03046875 0.05078125
1 0.446875 0.253125 0.0140625 0.02265625
1 0.48203125 0.27734375 0.0234375 0.02734375
1 0.46875 0.26796875 0.01875 0.02109375
