1 0.91953125 0.6875 0.1609375 0.303125
1 0.8109375 0.50234375 0.12421875 0.15078125
1 0.63828125 0.36484375 0.07109375 0.06875
1 0.51484375 0.309375 0.03515625 0.0515625
1 0.48984375 0.28671875 0.02734375 0.0421875
1 0.47265625 0.275 0.0234375 0.028125
3 0.79765625 0.39609375 0.09140625 0.0765625
2 0.778125 0.57265625 0.0484375 0.090625
2 0.9203125 0.5375 0.0375 0.0296875
2 0.71796875 0.4453125 0.0265625 0.059375
2 0.67890625 0.4546875 0.025 0.07109375
2 0.7 0.38203125 0.01875 0.040625
2 0.0671875 0.59375 0.06328125 0.09140625
2 0.2 0.4890625 0.0515625 0.0765625
2 0.26875 0.49453125 0.04765625 0.071875
2 0.353125 0.50703125 0.053125 0.08046875
2 0.51015625 0.44375 0.0296875 0.06953125
2 0.3765625 0.4046875 0.0265625 0.0546875
2 0.42578125 0.39375 0.0234375 0.0484375
2 0.47265625 0.375 0.01796875 0.04765625
2 0.45078125 0.3546875 0.015625 0.040625
2 0.49609375 0.35234375 0.01328125 0.04140625
2 0.55390625 0.325 0.0140625 0.034375
2 0.60234375 0.3328125 0.01328125 0.03125
2 0.565625 0.30859375 0.0109375 0.028125
2 0.47734375 0.3234375 0.01328125 0.03515625
2 0.4671875 0.31328125 0.0125 0.03046875
2 0.45234375 0.2828125 0.00703125 0.0234375
2 0.5328125 0.2859375 0.00859375 0.02421875
1 0.421875 0.26328125 0.0171875 0.02890625
