0 0.45 0.38046875 0.184375 0.42890625
3 0.428125 0.19296875 0.10078125 0.14453125
3 0.23984375 0.54375 0.16171875 0.3609375
1 0.23828125 0.2859375 0.0921875 0.1265625
1 0.55859375 0.234375 0.0453125 0.1421875
1 0.5890625 0.19140625 0.0296875 0.10390625
2 0.57421875 0.32109375 0.01875 0.07421875
2 0.46875 0.65390625 0.0453125 0.19765625
2 0.55625 0.56640625 0.04375 0.16640625
2 0.5140625 0.4671875 0.03671875 0.11640625
2 0.60859375 0.440625 0.02734375 0.11328125
1 0.60703125 0.15625 0.0296875 0.07265625
1 0.63515625 0.12109375 0.02578125 0.05703125
