2 0.96953125 0.790625 0.0609375 0.159375
2 0.9 0.6328125 0.05 0.10703125
2 0.93671875 0.58671875 0.04296875 0.09296875
2 0.7109375 0.39765625 0.0203125 0.03046875
2 0.65 0.37421875 0.0203125 0.0453125
2 0.60703125 0.3328125 0.01640625 0.0359375
2 0.5484375 0.38125 0.01953125 0.05390625
2 0.5453125 0.31484375 0.01015625 0.0234375
2 0.48359375 0.34375 0.01484375 0.04375
2 0.47109375 0.334375 0.01015625 0.0359375
2 0.43125 0.3625 0.01796875 0.03828125
2 0.4203125 0.43125 0.03046875 0.06328125
2 0.4015625 0.39921875 0.01640625 0.05546875
2 0.271875 0.5140625 0.0515625 0.08125
2 0.1875 0.51328125 0.0515625 0.07421875
2 0.10625 0.71640625 0.084375 0.12734375
2 0.1203125 0.49140625 0.0515625 0.065625
1 0.5203125 0.34453125 0.03984375 0.0703125
1 0.75 0.4640625 0.11015625 0.11875
1 0.50625 0.30859375 0.03125 0.05546875
1 0.48515625 0.284375 0.0234375 0.02890625
3 0.796875 0.40234375 0.09296875 0.090625
1 0.41796875 0.25390625 0.01640625 0.02734375
