2 0.2125 0.79296875 0.0640625 0.28671875
2 0.31953125 0.58671875 0.05390625 0.17890625
2 0.37109375 0.4609375 0.03984375 0.14921875
2 0.4484375 0.64296875 0.06640625 0.19765625
2 0.5015625 0.70546875 0.0484375 0.203125
2 0.56640625 0.56875 0.03515625 0.171875
2 0.4890625 0.51953125 0.02421875 0.1078125
2 0.534375 0.446875 0.03125 0.11484375
2 0.609375 0.471875 0.02265625 0.11328125
2 0.646875 0.37109375 0.02109375 0.08828125
2 0.5625 0.36328125 0.01875 0.04921875
2 0.546875 0.28125 0.0125 0.05703125
2 0.621875 0.29765625 0.015625 0.06953125
2 0.6046875 0.159375 0.0140625 0.04375
3 0.46328125 0.33359375 0.14765625 0.3609375
3 0.24765625 0.4296875 0.1734375 0.36796875
1 0.5625 0.21171875 0.04765625 0.1140625
0 0.5640625 0.090625 0.04921875 0.09765625
