2 0.2625 0.91953125 0.090625 0.1609375
2 0.3625 0.921875 0.08828125 0.15625
2 0.35546875 0.39609375 0.028125 0.08515625
2 0.3796875 0.70703125 0.075 0.20625
2 0.4546875 0.74609375 0.05234375 0.19375
2 0.49296875 0.51015625 0.040625 0.09765625
2 0.5484375 0.609375 0.046875 0.178125
2 0.56484375 0.43125 0.02890625 0.0234375
2 0.53125 0.39609375 0.0359375 0.07734375
2 0.49453125 0.3125 0.02734375 0.0953125
2 0.61484375 0.3828125 0.02109375 0.1109375
2 0.54453125 0.228125 0.021875 0.03359375
2 0.571875 0.1671875 0.01484375 0.04609375
2 0.65546875 0.2953125 0.01875 0.0734375
2 0.6140625 0.246875 0.01171875 0.03984375
2 0.67109375 0.21953125 0.015625 0.0515625
2 0.6625 0.18359375 0.0109375 0.02578125
2 0.64765625 0.1546875 0.01015625 0.03203125
2 0.575 0.3203125 0.02578125 0.03125
1 0.396875 0.48359375 0.14453125 0.3015625
1 0.61796875 0.153125 0.034375 0.0703125
