3 0.45234375 0.36328125 0.14140625 0.32734375
3 0.4953125 0.12890625 0.04296875 0.07890625
3 0.5890625 0.1515625 0.04765625 0.08046875
1 0.56171875 0.21640625 0.05625 0.1140625
2 0.30859375 0.77265625 0.08203125 0.234375
2 0.3640625 0.88203125 0.08125 0.2359375
2 0.48515625 0.7640625 0.0671875 0.21484375
2 0.46328125 0.6015625 0.0296875 0.17265625
2 0.56484375 0.5578125 0.0421875 0.159375
2 0.5421875 0.4328125 0.03359375 0.12265625
2 0.5921875 0.4265625 0.0296875 0.1109375
2 0.62734375 0.384375 0.0265625 0.1046875
2 0.6625 0.28828125 0.0140625 0.07421875
2 0.59921875 0.27578125 0.01875 0.07109375
2 0.55625 0.29609375 0.01875 0.04453125
2 0.57421875 0.36015625 0.0140625 0.0921875
2 0.65703125 0.20703125 0.01328125 0.0546875
