3 0.3796875 0.2953125 0.1234375 0.190625
1 0.50390625 0.0875 0.04140625 0.05859375
1 0.45390625 0.3734375 0.1375 0.284375
1 0.6328125 0.19609375 0.05 0.090625
1 0.596875 0.1796875 0.03125 0.09375
1 0.61171875 0.140625 0.0296875 0.04765625
1 0.6265625 0.10859375 0.021875 0.04375
0 0.63828125 0.1015625 0.02578125 0.065625
3 0.534375 0.1921875 0.09453125 0.215625
2 0.484375 0.4984375 0.0359375 0.1484375
2 0.5453125 0.59375 0.0453125 0.16875
2 0.5359375 0.45078125 0.02578125 0.09375
2 0.5203125 0.3859375 0.02265625 0.0734375
2 0.58125 0.4203125 0.02734375 0.08203125
2 0.6171875 0.43828125 0.021875 0.12421875
2 0.5703125 0.37109375 0.01875 0.0703125
2 0.5625 0.3109375 0.01796875 0.06171875
2 0.6109375 0.3453125 0.0203125 0.06171875
2 0.64765625 0.375 0.02421875 0.07578125
2 0.67109375 0.3375 0.01640625 0.075
2 0.64765625 0.3171875 0.01796875 0.04296875
2 0.6359375 0.27578125 0.0171875 0.03203125
2 0.6734375 0.1359375 0.00859375 0.02734375
2 0.65703125 0.140625 0.0078125 0.0296875
2 0.45703125 0.15703125 0.0203125 0.053125
2 0.428125 0.20703125 0.02421875 0.05390625
