1 0.4 0.4671875 0.1515625 0.33125
1 0.5375 0.26875 0.078125 0.13828125
1 0.6171875 0.0984375 0.0234375 0.0484375
2 0.5546875 0.37578125 0.021875 0.09921875
2 0.5625 0.57734375 0.03125 0.16875
2 0.52265625 0.47578125 0.03046875 0.12421875
2 0.46171875 0.57734375 0.03203125 0.1703125
2 0.49921875 0.659375 0.0625 0.2296875
2 0.4953125 0.41484375 0.04140625 0.1125
3 0.53984375 0.146875 0.053125 0.0984375
2 0.42109375 0.23359375 0.025 0.07109375
2 0.45234375 0.25390625 0.025 0.0796875
2 0.65859375 0.16328125 0.01015625 0.04375
