2 0.4109375 0.36484375 0.0171875 0.03203125
1 0.1828125 0.81953125 0.24921875 0.29921875
1 0.49921875 0.29375 0.03359375 0.05078125
3 0.63515625 0.5328125 0.2109375 0.19296875
3 0.47265625 0.25546875 0.02421875 0.04296875
2 0.540625 0.31171875 0.0109375 0.03203125
2 0.565625 0.309375 0.01328125 0.03125
2 0.53046875 0.30625 0.00859375 0.02890625
2 0.553125 0.30703125 0.00859375 0.02734375
2 0.69375 0.378125 0.021875 0.046875
2 0.4875 0.30859375 0.009375 0.02890625
2 0.475 0.3046875 0.0109375 0.02890625
1 0.76640625 0.41328125 0.10859375 0.11953125
2 0.421875 0.30390625 0.00859375 0.0203125
2 0.43984375 0.30078125 0.01015625 0.0234375
2 0.4515625 0.28125 0.00703125 0.0265625
