3 0.53203125 0.15625 0.05546875 0.09375
1 0.50390625 0.32109375 0.10390625 0.20703125
1 0.5671875 0.40703125 0.109375 0.27109375
1 0.64765625 0.1046875 0.01953125 0.04375
2 0.65546875 0.20234375 0.015625 0.05
2 0.64453125 0.3390625 0.01953125 0.08125
2 0.23671875 0.50078125 0.03828125 0.1546875
2 0.459375 0.67734375 0.0640625 0.23828125
2 0.3984375 0.63359375 0.0640625 0.18203125
2 0.34140625 0.58828125 0.06640625 0.17890625
2 0.4375 0.475 0.01953125 0.10390625
2 0.49609375 0.51484375 0.03671875 0.08671875
