3 0.72890625 0.43828125 0.109375 0.15234375
3 0.7984375 0.4015625 0.0921875 0.0953125
1 0.440625 0.3203125 0.03359375 0.05078125
1 0.51953125 0.30546875 0.0375 0.06328125
1 0.55859375 0.3078125 0.04296875 0.05078125
1 0.48203125 0.2734375 0.02578125 0.02890625
2 0.38828125 0.434375 0.03515625 0.06484375
2 0.48203125 0.34140625 0.01640625 0.0390625
2 0.484375 0.3046875 0.0125 0.01953125
2 0.471875 0.30234375 0.0109375 0.02734375
2 0.65078125 0.359375 0.0140625 0.03984375
2 0.615625 0.328125 0.01328125 0.02734375
2 0.92109375 0.596875 0.05 0.1
