1 0.43515625 0.2578125 0.10546875 0.171875
0 0.5765625 0.096875 0.05625 0.1109375
2 0.58828125 0.19296875 0.01484375 0.06171875
2 0.61796875 0.240625 0.0140625 0.06015625
2 0.59609375 0.32734375 0.01640625 0.08203125
2 0.53828125 0.3765625 0.02265625 0.06171875
2 0.45078125 0.35625 0.025 0.11015625
2 0.3984375 0.45 0.02578125 0.07734375
2 0.32578125 0.5859375 0.06171875 0.1890625
2 0.39375 0.62421875 0.0359375 0.16640625
2 0.44140625 0.6828125 0.04296875 0.18046875
2 0.5171875 0.7515625 0.05 0.20078125
2 0.5734375 0.55 0.02890625 0.13046875
2 0.46875 0.47890625 0.025 0.0671875
2 0.51875 0.525 0.0359375 0.084375
