1 0.9375 0.53984375 0.12421875 0.13515625
3 0.5703125 0.7921875 0.5625 0.415625
2 0.16875 0.47109375 0.05234375 0.0703125
2 0.36171875 0.38046875 0.028125 0.05703125
2 0.8296875 0.459375 0.03984375 0.05703125
2 0.6234375 0.35703125 0.0171875 0.04453125
2 0.546875 0.3109375 0.0109375 0.03203125
2 0.490625 0.30859375 0.0109375 0.03203125
2 0.47578125 0.31015625 0.01015625 0.0296875
1 0.515625 0.2984375 0.03125 0.04765625
1 0.4703125 0.265625 0.02109375 0.028125
1 0.5171875 0.2671875 0.02578125 0.02109375
2 0.42109375 0.33984375 0.01484375 0.0328125
2 0.59609375 0.3296875 0.0140625 0.034375
2 0.55546875 0.30625 0.00859375 0.03046875
