3 0.44296875 0.41328125 0.190625 0.3453125
0 0.590625 0.165625 0.0578125 0.159375
2 0.2234375 0.77734375 0.0859375 0.16953125
2 0.225 0.91640625 0.09375 0.1671875
2 0.3140625 0.96796875 0.04375 0.0640625
2 0.4671875 0.72734375 0.04453125 0.1671875
2 0.50546875 0.49609375 0.0296875 0.06328125
2 0.56796875 0.49921875 0.02890625 0.140625
2 0.60625 0.315625 0.0171875 0.08984375
2 0.5796875 0.27265625 0.01484375 0.06640625
2 0.64375 0.27421875 0.01875 0.075
2 0.62265625 0.2578125 0.01171875 0.06640625
2 0.66796875 0.2390625 0.01171875 0.06640625
2 0.565625 0.39609375 0.01875 0.07578125
