3 0.46171875 0.3375 0.14453125 0.36796875
0 0.65390625 0.18828125 0.08359375 0.234375
2 0.21484375 0.79609375 0.059375 0.28828125
2 0.32109375 0.58203125 0.0484375 0.19765625
2 0.36328125 0.453125 0.0328125 0.11953125
2 0.44453125 0.634375 0.06796875 0.19140625
2 0.50390625 0.69921875 0.046875 0.18359375
2 0.56484375 0.55 0.03515625 0.13046875
2 0.48671875 0.5203125 0.0296875 0.1140625
2 0.53125 0.4328125 0.0234375 0.0921875
2 0.60625 0.47734375 0.03359375 0.12734375
2 0.64453125 0.359375 0.01875 0.06328125
2 0.5609375 0.3640625 0.01953125 0.05
2 0.5640625 0.2625 0.015625 0.034375
