3 0.753125 0.6953125 0.49375 0.609375
2 0.38125 0.56640625 0.1546875 0.1859375
1 0.25390625 0.17734375 0.1078125 0.16171875
1 0.378125 0.11640625 0.128125 0.128125
1 0.334375 0.0828125 0.0875 0.0890625
1 0.31015625 0.059375 0.10703125 0.08984375
1 0.278125 0.0421875 0.10546875 0.084375
2 0.3328125 0.34140625 0.0375 0.09609375
2 0.43203125 0.40234375 0.053125 0.16328125
2 0.16015625 0.57109375 0.16015625 0.18828125
2 0.92109375 0.46328125 0.03828125 0.03984375
2 0.98984375 0.40546875 0.0203125 0.0859375
