2 0.33984375 0.346875 0.03515625 0.10546875
2 0.43671875 0.2046875 0.02421875 0.065625
2 0.4703125 0.209375 0.01953125 0.0640625
2 0.34609375 0.58671875 0.05546875 0.19296875
2 0.39765625 0.4890625 0.03984375 0.14609375
2 0.41640625 0.65234375 0.0625 0.19453125
2 0.4890625 0.5421875 0.02734375 0.15234375
2 0.51328125 0.62421875 0.06953125 0.2
1 0.61484375 0.2609375 0.0625 0.1578125
1 0.24296875 0.2859375 0.08515625 0.12890625
3 0.24140625 0.5234375 0.16171875 0.3140625
0 0.62890625 0.12265625 0.03125 0.0921875
