2 0.265625 0.5234375 0.05859375 0.0859375
2 0.41484375 0.45 0.03203125 0.0703125
2 0.4390625 0.415625 0.03125 0.05546875
2 0.49921875 0.375 0.01640625 0.05078125
2 0.4890625 0.325 0.0109375 0.03671875
2 0.478125 0.31015625 0.0125 0.034375
2 0.42578125 0.32734375 0.01640625 0.03125
2 0.41328125 0.3546875 0.01484375 0.034375
2 0.56328125 0.31484375 0.01328125 0.034375
2 0.58359375 0.32890625 0.01171875 0.0359375
2 0.60625 0.3328125 0.01328125 0.04140625
2 0.64375 0.340625 0.00859375 0.03203125
2 0.628125 0.371875 0.01640625 0.046875
2 0.68125 0.43203125 0.0171875 0.0578125
2 0.7421875 0.45703125 0.025 0.07421875
2 0.78671875 0.49921875 0.03359375 0.0765625
3 0.9171875 0.58828125 0.165625 0.2671875
3 0.88359375 0.44921875 0.10078125 0.06953125
3 0.68359375 0.3546875 0.07109375 0.10703125
3 0.428125 0.2671875 0.01875 0.03671875
0 0.509375 0.2671875 0.0640625 0.09921875
