2 0.4359375 0.96875 0.14296875 0.06171875
1 0.92734375 0.5484375 0.1453125 0.178125
2 0.7234375 0.5796875 0.07578125 0.09375
2 0.18359375 0.58515625 0.0765625 0.08984375
2 0.68828125 0.53515625 0.053125 0.08046875
2 0.56796875 0.309375 0.01015625 0.0296875
2 0.4859375 0.30625 0.0109375 0.02734375
2 0.553125 0.309375 0.0109375 0.02890625
2 0.47734375 0.30078125 0.0078125 0.028125
2 0.42890625 0.3109375 0.009375 0.02421875
1 0.503125 0.29296875 0.03359375 0.04375
1 0.53203125 0.29296875 0.03046875 0.0453125
2 0.44296875 0.58828125 0.0984375 0.1046875
2 0.03359375 0.52734375 0.05078125 0.07578125
2 0.0328125 0.86484375 0.065625 0.14765625
