0 0.4390625 0.21796875 0.1046875 0.2078125
1 0.46796875 0.4203125 0.1234375 0.26171875
1 0.5359375 0.27890625 0.0765625 0.16953125
1 0.5703125 0.19453125 0.04765625 0.10703125
1 0.5984375 0.16796875 0.03671875 0.09765625
1 0.6203125 0.13984375 0.025 0.059375
1 0.53984375 0.14296875 0.0515625 0.07109375
1 0.62734375 0.078125 0.01875 0.02890625
2 0.62265625 0.3546875 0.0203125 0.0953125
2 0.65234375 0.34765625 0.01796875 0.09140625
2 0.32578125 0.5796875 0.059375 0.18984375
2 0.475 0.61171875 0.034375 0.1734375
2 0.5859375 0.51015625 0.02734375 0.14375
2 0.53359375 0.50078125 0.03046875 0.14921875
2 0.56328125 0.41015625 0.02109375 0.09921875
2 0.56171875 0.33203125 0.0140625 0.040625
2 0.6078125 0.4046875 0.0171875 0.0890625
2 0.6484375 0.26796875 0.01171875 0.0328125
2 0.5875 0.2828125 0.0171875 0.03046875
2 0.66171875 0.2515625 0.01171875 0.02421875
1 0.59609375 0.09921875 0.025 0.03828125
2 0.6703125 0.13515625 0.00859375 0.03359375
2 0.659375 0.1296875 0.0078125 0.03046875
1 0.6484375 0.10703125 0.01484375 0.03671875
2 0.6234375 0.2609375 0.0171875 0.02421875
