1 0.58359375 0.22265625 0.053125 0.11640625
3 0.59140625 0.14140625 0.0390625 0.071875
2 0.52421875 0.7265625 0.06171875 0.23359375
2 0.4546875 0.66640625 0.06171875 0.21875
2 0.36875 0.5390625 0.046875 0.17109375
2 0.46796875 0.4671875 0.0234375 0.04453125
2 0.515625 0.53203125 0.02734375 0.10859375
2 0.5734375 0.55546875 0.0265625 0.15
2 0.60703125 0.4703125 0.02109375 0.0984375
2 0.5640625 0.4609375 0.0234375 0.09921875
2 0.5125 0.415625 0.021875 0.065625
2 0.46171875 0.409375 0.01484375 0.06484375
2 0.4625 0.31875 0.015625 0.05234375
2 0.496875 0.35703125 0.015625 0.06171875
2 0.5578125 0.37578125 0.01640625 0.05546875
2 0.59921875 0.3734375 0.01640625 0.04375
2 0.628125 0.35234375 0.01484375 0.084375
2 0.64765625 0.32109375 0.015625 0.0875
2 0.58125 0.31328125 0.02109375 0.03984375
2 0.52109375 0.29609375 0.0171875 0.040625
2 0.61015625 0.2671875 0.01484375 0.0375
2 0.5703125 0.2625 0.0125 0.04140625
