3 0.45703125 0.4 0.121875 0.20859375
1 0.55546875 0.203125 0.0625 0.1078125
1 0.58984375 0.16796875 0.03671875 0.0796875
1 0.61640625 0.1375 0.028125 0.08203125
0 0.36640625 0.2734375 0.2671875 0.45859375
2 0.65 0.31484375 0.015625 0.08046875
2 0.6140625 0.33203125 0.021875 0.0421875
2 0.62109375 0.42421875 0.02890625 0.10859375
2 0.5328125 0.428125 0.02265625 0.1265625
2 0.56171875 0.496875 0.0484375 0.146875
2 0.496875 0.46796875 0.03984375 0.084375
2 0.4765625 0.68046875 0.0609375 0.23828125
2 0.41875 0.6734375 0.06015625 0.2375
2 0.3671875 0.64609375 0.05 0.18671875
2 0.3234375 0.61171875 0.0375 0.165625
2 0.52421875 0.2875 0.0234375 0.07734375
2 0.57265625 0.26953125 0.01484375 0.03984375
3 0.63203125 0.1109375 0.02265625 0.06796875
