1 0.26015625 0.759375 0.19921875 0.48125
1 0.4609375 0.325 0.1140625 0.20625
1 0.51796875 0.10078125 0.04765625 0.059375
1 0.621875 0.23984375 0.0453125 0.1296875
1 0.58984375 0.17421875 0.04375 0.0796875
1 0.6375 0.1828125 0.03203125 0.08125
1 0.61484375 0.13359375 0.0328125 0.065625
1 0.6578125 0.12109375 0.01953125 0.04765625
3 0.5359375 0.4046875 0.11640625 0.26328125
2 0.5203125 0.203125 0.01484375 0.05234375
2 0.671875 0.3484375 0.0171875 0.08515625
2 0.66640625 0.253125 0.0140625 0.046875
2 0.45 0.81640625 0.05546875 0.2171875
