2 0.9734375 0.54296875 0.0375 0.06875
1 0.5 0.29140625 0.03203125 0.046875
1 0.60234375 0.31953125 0.040625 0.0578125
1 0.4578125 0.259375 0.0171875 0.02734375
3 0.7984375 0.3953125 0.09140625 0.07890625
3 0.53203125 0.290625 0.03125 0.0453125
2 0.48046875 0.3015625 0.009375 0.02890625
2 0.55 0.31328125 0.01171875 0.034375
2 0.64296875 0.35 0.01640625 0.0390625
2 0.79296875 0.59140625 0.0671875 0.0875
2 0.1609375 0.6203125 0.08203125 0.1015625
2 0.58203125 0.58203125 0.09296875 0.103125
1 0.2578125 0.43671875 0.1359375 0.121875
3 0.03046875 0.503125 0.06015625 0.15625
