3 0.86484375 0.4640625 0.11953125 0.12109375
3 0.21640625 0.5375 0.26015625 0.23984375
1 0.96640625 0.675 0.0671875 0.234375
1 0.6609375 0.3828125 0.06796875 0.0828125
1 0.54296875 0.35 0.04765625 0.08125
3 0.4921875 0.28984375 0.0328125 0.0484375
1 0.02265625 0.53828125 0.0453125 0.1109375
1 0.4265625 0.2453125 0.01328125 0.0234375
2 0.46328125 0.278125 0.0078125 0.0203125
2 0.35078125 0.48828125 0.0453125 0.08125
2 0.5859375 0.3078125 0.0109375 0.03046875
2 0.703125 0.3765625 0.01953125 0.03984375
