0 0.48203125 0.14453125 0.10625 0.19453125
1 0.26875 0.4296875 0.1546875 0.28125
2 0.5234375 0.7453125 0.0640625 0.20234375
2 0.4546875 0.68359375 0.065625 0.19921875
2 0.40234375 0.625 0.06484375 0.17734375
2 0.32734375 0.58125 0.05625 0.18828125
2 0.396875 0.459375 0.02890625 0.0984375
2 0.4671875 0.47265625 0.0234375 0.0640625
2 0.53359375 0.49765625 0.03125 0.0875
2 0.57734375 0.56875 0.03125 0.1578125
2 0.465625 0.4046875 0.03203125 0.0640625
2 0.5828125 0.26328125 0.02578125 0.07578125
2 0.5640625 0.21796875 0.01875 0.07578125
2 0.54140625 0.20546875 0.02578125 0.0671875
2 0.62109375 0.2125 0.01953125 0.05703125
2 0.64296875 0.16953125 0.01015625 0.05
