1 0.434375 0.4046875 0.153125 0.30703125
1 0.525 0.27109375 0.06640625 0.1421875
1 0.5640625 0.21171875 0.05703125 0.13671875
1 0.60234375 0.18515625 0.034375 0.09765625
1 0.6140625 0.146875 0.02734375 0.075
0 0.31328125 0.37109375 0.16875 0.30546875
2 0.54296875 0.47265625 0.028125 0.1375
2 0.53125 0.36953125 0.02578125 0.090625
2 0.49609375 0.44375 0.03671875 0.09765625
2 0.43671875 0.64375 0.06953125 0.2046875
2 0.496875 0.57890625 0.0484375 0.12109375
2 0.49609375 0.78046875 0.07265625 0.26875
2 0.57421875 0.54609375 0.034375 0.16328125
2 0.38671875 0.2359375 0.01875 0.05390625
2 0.28515625 0.63125 0.05546875 0.19453125
2 0.53359375 0.146875 0.015625 0.046875
1 0.64453125 0.19453125 0.03828125 0.1078125
2 0.5765625 0.2796875 0.01953125 0.0703125
