3 0.24609375 0.41171875 0.171875 0.47421875
1 0.4171875 0.46953125 0.15234375 0.33984375
1 0.5 0.29453125 0.07421875 0.1265625
1 0.55859375 0.13671875 0.03671875 0.0625
1 0.58359375 0.18671875 0.0484375 0.0953125
1 0.61171875 0.14609375 0.0328125 0.07421875
1 0.64921875 0.103125 0.01953125 0.05234375
3 0.54296875 0.22109375 0.05546875 0.08671875
3 0.6046875 0.2515625 0.0609375 0.15078125
2 0.4171875 0.15546875 0.02265625 0.04921875
2 0.4 0.1640625 0.01328125 0.04453125
2 0.3796875 0.17109375 0.02890625 0.0484375
2 0.353125 0.19140625 0.0109375 0.046875
2 0.359375 0.2390625 0.0171875 0.06484375
2 0.66328125 0.13515625 0.00625 0.0328125
1 0.59453125 0.1078125 0.021875 0.0453125
2 0.634375 0.26328125 0.01796875 0.04453125
2 0.65625 0.2875 0.0109375 0.04140625
2 0.64296875 0.37890625 0.02109375 0.10703125
2 0.6140625 0.40546875 0.028125 0.109375
2 0.5828125 0.48125 0.0296875 0.1375
2 0.5265625 0.44609375 0.025 0.0921875
2 0.51640625 0.40234375 0.02109375 0.0875
2 0.53828125 0.56640625 0.046875 0.1640625
2 0.4734375 0.5203125 0.03046875 0.10859375
2 0.43515625 0.665625 0.06484375 0.21796875
2 0.4890625 0.68515625 0.06171875 0.2265625
2 0.3125 0.5578125 0.0546875 0.17890625
2 0.371875 0.4015625 0.01328125 0.03984375
2 0.45 0.2859375 0.01484375 0.02890625
2 0.50546875 0.22421875 0.0109375 0.0171875
2 0.54609375 0.30703125 0.0140625 0.02578125
2 0.5671875 0.365625 0.021875 0.04375
