1 0.39296875 0.1140625 0.15234375 0.13203125
1 0.32734375 0.053125 0.1171875 0.09453125
1 0.31484375 0.08671875 0.03671875 0.08515625
1 0.25703125 0.0421875 0.0328125 0.08359375
2 0.83515625 0.8890625 0.24140625 0.221875
1 0.81875 0.57578125 0.3625 0.31640625
1 0.21484375 0.02734375 0.0421875 0.0546875
2 0.9546875 0.38671875 0.090625 0.12890625
2 0.34765625 0.6515625 0.1703125 0.2171875
2 0.20859375 0.95546875 0.0734375 0.0890625
1 0.01796875 0.64453125 0.03515625 0.16640625
2 0.22578125 0.19921875 0.03125 0.06640625
