2 0.4046875 0.46015625 0.05546875 0.12421875
2 0.57578125 0.365625 0.021875 0.09765625
0 0.53125 0.1515625 0.06484375 0.1421875
1 0.58671875 0.11640625 0.03203125 0.0546875
2 0.340625 0.60703125 0.05625 0.171875
2 0.3890625 0.625 0.05546875 0.2015625
2 0.43359375 0.6609375 0.05703125 0.21015625
2 0.48515625 0.775 0.06171875 0.2078125
2 0.55546875 0.603125 0.05 0.18984375
2 0.49609375 0.509375 0.028125 0.05078125
2 0.4546875 0.490625 0.03671875 0.08046875
2 0.54765625 0.44140625 0.0203125 0.09140625
2 0.328125 0.3171875 0.028125 0.071875
2 0.3140625 0.3703125 0.04140625 0.1234375
2 0.265625 0.52109375 0.0625 0.16015625
2 0.19296875 0.4859375 0.0515625 0.1390625
