3 0.4359375 0.30234375 0.0890625 0.15078125
3 0.4921875 0.2515625 0.028125 0.028125
1 0.4953125 0.2828125 0.0234375 0.034375
2 0.5421875 0.309375 0.01328125 0.02734375
2 0.4875 0.309375 0.009375 0.028125
2 0.50859375 0.30703125 0.0109375 0.028125
2 0.52734375 0.3078125 0.0078125 0.03046875
2 0.56015625 0.3109375 0.01171875 0.0296875
2 0.915625 0.49765625 0.04765625 0.0578125
2 0.22109375 0.69609375 0.103125 0.11484375
2 0.15703125 0.6203125 0.0546875 0.08984375
0 0.06015625 0.4796875 0.1203125 0.18125
