1 0.90625 0.55625 0.1875 0.34375
2 0.784375 0.521875 0.11171875 0.17734375
2 0.4921875 0.165625 0.0375 0.06640625
2 0.4625 0.1578125 0.0203125 0.06328125
1 0.3875 0.115625 0.146875 0.13046875
1 0.3203125 0.0515625 0.121875 0.103125
1 0.3140625 0.0859375 0.03125 0.08671875
1 0.215625 0.0296875 0.04609375 0.05859375
1 0.47421875 0.70703125 0.45234375 0.425
3 0.640625 0.296875 0.26796875 0.24140625
2 0.146875 0.69375 0.18984375 0.2125
2 0.79375 0.90703125 0.16171875 0.1859375
2 0.94453125 0.92734375 0.1109375 0.1453125
2 0.60234375 0.51484375 0.1328125 0.14375
2 0.03203125 0.63984375 0.0640625 0.1796875
2 0.2328125 0.125 0.01796875 0.06953125
2 0.40234375 0.48671875 0.034375 0.034375
