0 0.39453125 0.2515625 0.190625 0.34921875
1 0.5578125 0.2328125 0.07265625 0.14140625
2 0.328125 0.59140625 0.05859375 0.1875
2 0.39375 0.61640625 0.05546875 0.20703125
2 0.45234375 0.6203125 0.0421875 0.1734375
2 0.446875 0.47578125 0.02421875 0.08125
2 0.403125 0.43046875 0.0484375 0.11328125
2 0.45234375 0.346875 0.02109375 0.059375
2 0.5265625 0.44140625 0.0296875 0.13984375
2 0.56328125 0.35859375 0.01484375 0.08359375
2 0.571875 0.55546875 0.03125 0.15546875
2 0.58359375 0.39375 0.0203125 0.05546875
2 0.61328125 0.45546875 0.021875 0.11171875
2 0.63671875 0.4015625 0.0171875 0.0984375
2 0.6140625 0.284375 0.01796875 0.06640625
2 0.50234375 0.30078125 0.01171875 0.04375
2 0.66015625 0.1125 0.0078125 0.02734375
