1 0.9625 0.725 0.075 0.221875
1 0.62734375 0.33125 0.05859375 0.06796875
1 0.5453125 0.31015625 0.03828125 0.04921875
1 0.4953125 0.30546875 0.03046875 0.046875
1 0.49296875 0.26796875 0.02265625 0.03046875
3 0.3421875 0.45234375 0.1734375 0.190625
3 0.5234375 0.27734375 0.03515625 0.05625
1 0.46953125 0.27578125 0.025 0.04375
2 0.0625 0.5609375 0.05703125 0.0859375
2 0.0921875 0.50859375 0.02421875 0.06328125
2 0.4875 0.4234375 0.02578125 0.065625
2 0.47578125 0.35234375 0.0171875 0.046875
2 0.50859375 0.33203125 0.01484375 0.0375
2 0.60390625 0.40390625 0.01953125 0.05625
2 0.653125 0.42578125 0.02109375 0.06171875
2 0.7203125 0.47109375 0.03125 0.065625
2 0.81171875 0.51640625 0.03046875 0.078125
2 0.88984375 0.565625 0.03671875 0.08515625
2 0.9421875 0.63046875 0.0171875 0.0703125
2 0.9796875 0.5984375 0.015625 0.04375
2 0.9671875 0.86796875 0.06484375 0.1921875
2 0.57890625 0.3046875 0.0109375 0.02890625
