2 0.7734375 0.4921875 0.0296875 0.08125
2 0.7171875 0.3953125 0.0171875 0.05234375
2 0.61171875 0.38671875 0.0125 0.05703125
2 0.584375 0.36484375 0.01875 0.0484375
2 0.63515625 0.35390625 0.0171875 0.03984375
2 0.496875 0.36796875 0.0171875 0.0484375
2 0.3546875 0.37890625 0.0296875 0.0484375
2 0.41796875 0.33203125 0.01875 0.03984375
2 0.4609375 0.303125 0.0125 0.0328125
2 0.34609375 0.45 0.03515625 0.06796875
1 0.23828125 0.4859375 0.153125 0.18203125
1 0.44921875 0.39765625 0.0765625 0.09375
1 0.55 0.31796875 0.0484375 0.07109375
1 0.4859375 0.2875 0.03125 0.04375
1 0.67734375 0.3875 0.0796875 0.10546875
0 0.93125 0.5953125 0.1375 0.409375
