3 0.35546875 0.2953125 0.13359375 0.2359375
3 0.53359375 0.26875 0.078125 0.16484375
1 0.58125 0.1953125 0.0421875 0.0765625
1 0.6421875 0.1171875 0.0234375 0.05703125
2 0.51640625 0.1546875 0.01328125 0.034375
2 0.48515625 0.15078125 0.015625 0.04453125
2 0.4671875 0.20234375 0.02109375 0.0625
2 0.3390625 0.5921875 0.06015625 0.2015625
2 0.39296875 0.6625 0.03828125 0.1875
2 0.45078125 0.7109375 0.04609375 0.2078125
2 0.4875 0.50625 0.03046875 0.05390625
2 0.43984375 0.509375 0.025 0.1
2 0.39921875 0.47109375 0.04453125 0.1046875
2 0.44296875 0.3875 0.01953125 0.0671875
2 0.4734375 0.43671875 0.01796875 0.06640625
2 0.52578125 0.4859375 0.03125 0.1390625
2 0.56953125 0.42265625 0.0234375 0.053125
2 0.49140625 0.26484375 0.0109375 0.0484375
2 0.60078125 0.3734375 0.0203125 0.05390625
2 0.63515625 0.38671875 0.0171875 0.1046875
2 0.6296875 0.30859375 0.01796875 0.04921875
2 0.571875 0.32890625 0.02109375 0.05390625
2 0.66015625 0.3375 0.01796875 0.07421875
2 0.65078125 0.2890625 0.01328125 0.04140625
2 0.66953125 0.11328125 0.0046875 0.021875
2 0.66171875 0.11796875 0.00546875 0.028125
2 0.671875 0.17109375 0.0078125 0.0359375
