2 0.4140625 0.44921875 0.03515625 0.06796875
2 0.16796875 0.46796875 0.04609375 0.065625
2 0.35546875 0.3953125 0.02890625 0.0515625
2 0.40625 0.3578125 0.015625 0.03359375
2 0.68828125 0.41875 0.025 0.06328125
3 0.903125 0.6578125 0.19375 0.3375
1 0.6265625 0.39921875 0.08046875 0.103125
1 0.78359375 0.42109375 0.115625 0.1265625
1 0.50703125 0.325 0.03359375 0.0671875
1 0.446875 0.30859375 0.03203125 0.05703125
1 0.484375 0.28359375 0.028125 0.03671875
2 0.52109375 0.2765625 0.00625 0.01875
2 0.4578125 0.2703125 0.00703125 0.0171875
