1 0.2515625 0.81015625 0.18515625 0.37890625
1 0.47109375 0.35234375 0.11484375 0.23046875
1 0.56171875 0.20546875 0.0375 0.11875
3 0.60234375 0.253125 0.07890625 0.2546875
2 0.43984375 0.8203125 0.0734375 0.2765625
2 0.3328125 0.62265625 0.06953125 0.1609375
2 0.43359375 0.59296875 0.05859375 0.2046875
2 0.55625 0.509375 0.0328125 0.14921875
2 0.59609375 0.5078125 0.02734375 0.1453125
2 0.65234375 0.303125 0.01953125 0.08203125
3 0.496875 0.13046875 0.03984375 0.07890625
0 0.65703125 0.1578125 0.02734375 0.13046875
1 0.63359375 0.10234375 0.01953125 0.05078125
