2 0.54765625 0.371875 0.025 0.04921875
2 0.53515625 0.34609375 0.01640625 0.03671875
2 0.709375 0.3984375 0.028125 0.04765625
2 0.47421875 0.29453125 0.01015625 0.02734375
1 0.821875 0.50546875 0.1578125 0.1375
1 0.603125 0.41484375 0.09453125 0.10078125
1 0.45234375 0.3078125 0.03671875 0.05546875
1 0.5 0.29296875 0.02890625 0.046875
1 0.4578125 0.26171875 0.0203125 0.03046875
3 0.42890625 0.26015625 0.01796875 0.0359375
3 0.53125 0.290625 0.03203125 0.04765625
3 0.79765625 0.3984375 0.0921875 0.08515625
3 0.28828125 0.78828125 0.47109375 0.42265625
