3 0.41328125 0.609375 0.25546875 0.24140625
2 0.32890625 0.54296875 0.078125 0.059375
2 0.521875 0.3078125 0.0125 0.03125
2 0.54140625 0.3078125 0.009375 0.03125
2 0.5578125 0.31015625 0.009375 0.0296875
2 0.49375 0.30625 0.009375 0.02734375
2 0.47734375 0.30625 0.0109375 0.02734375
1 0.496875 0.29375 0.0265625 0.0390625
1 0.51328125 0.2828125 0.025 0.03671875
1 0.48125 0.2734375 0.021875 0.03203125
1 0.45546875 0.26796875 0.01328125 0.02890625
3 0.95546875 0.5359375 0.0890625 0.18125
2 0.58984375 0.978125 0.14609375 0.04375
