1 0.21171875 0.859375 0.35234375 0.28125
1 0.521875 0.38203125 0.078125 0.08984375
1 0.4578125 0.303125 0.03515625 0.04609375
1 0.4984375 0.290625 0.03203125 0.04375
2 0.31875 0.4 0.0296875 0.05625
2 0.83984375 0.9390625 0.1234375 0.121875
2 0.98828125 0.509375 0.0234375 0.040625
2 0.57578125 0.309375 0.00859375 0.0265625
3 0.53046875 0.290625 0.03359375 0.046875
3 0.634375 0.33359375 0.04921875 0.0671875
3 0.728125 0.4515625 0.146875 0.14453125
3 0.7984375 0.40234375 0.08828125 0.08984375
2 0.47421875 0.29296875 0.0078125 0.0265625
2 0.434375 0.28515625 0.0078125 0.02109375
3 0.45 0.246875 0.02109375 0.05
