3 0.08125 0.5015625 0.128125 0.15234375
3 0.403125 0.353125 0.0703125 0.08984375
2 0.32890625 0.4 0.02890625 0.0546875
2 0.96484375 0.5578125 0.03984375 0.06953125
2 0.49453125 0.30703125 0.00703125 0.02734375
2 0.484375 0.303125 0.009375 0.02734375
2 0.4765625 0.2953125 0.00546875 0.02265625
2 0.52265625 0.3078125 0.01015625 0.0265625
2 0.534375 0.30546875 0.0078125 0.0265625
2 0.54609375 0.309375 0.009375 0.02734375
2 0.55546875 0.30703125 0.00859375 0.02734375
1 0.50546875 0.2875 0.0265625 0.04375
1 0.48671875 0.27734375 0.0171875 0.02734375
3 0.49140625 0.2515625 0.025 0.02734375
2 0.471875 0.29296875 0.00703125 0.0265625
1 0.44375 0.2984375 0.02578125 0.03671875
