1 0.62109375 0.8328125 0.38515625 0.33359375
1 0.8046875 0.50078125 0.15 0.13203125
1 0.60234375 0.41484375 0.11953125 0.109375
1 0.50390625 0.34296875 0.05390625 0.06640625
1 0.4984375 0.28828125 0.034375 0.0421875
1 0.45625 0.2609375 0.0203125 0.03359375
1 0.43515625 0.2796875 0.02890625 0.03984375
3 0.53046875 0.28984375 0.03359375 0.0453125
3 0.7984375 0.396875 0.08828125 0.07890625
2 0.940625 0.5 0.04609375 0.05625
2 0.4484375 0.31796875 0.0109375 0.0265625
2 0.46875 0.31328125 0.0109375 0.0296875
2 0.4765625 0.29140625 0.0078125 0.0265625
