2 0.45234375 0.315625 0.009375 0.0265625
2 0.48125 0.328125 0.0125 0.03984375
2 0.93671875 0.52578125 0.05390625 0.0734375
1 0.503125 0.29453125 0.03828125 0.05234375
1 0.471875 0.2703125 0.02421875 0.0390625
1 0.56171875 0.3 0.03828125 0.0515625
1 0.53359375 0.27734375 0.0234375 0.03671875
1 0.44765625 0.25546875 0.01484375 0.02421875
1 0.78828125 0.434375 0.0984375 0.10390625
1 0.546875 0.3859375 0.09453125 0.090625
3 0.3328125 0.7421875 0.35703125 0.371875
0 0.09765625 0.7734375 0.1953125 0.453125
2 0.95859375 0.88359375 0.0828125 0.1453125
1 0.4921875 0.2546875 0.01953125 0.02421875
