2 0.8703125 0.540625 0.0515625 0.071875
1 0.5 0.29140625 0.03203125 0.046875
1 0.55234375 0.28515625 0.02265625 0.03828125
1 0.4578125 0.259375 0.0171875 0.02734375
3 0.7984375 0.3953125 0.09140625 0.07890625
3 0.53203125 0.290625 0.03125 0.0453125
2 0.48046875 0.3015625 0.009375 0.02890625
2 0.55 0.31328125 0.01171875 0.034375
2 0.57421875 0.30390625 0.009375 0.02734375
2 0.740625 0.5828125 0.078125 0.0875
2 0.4171875 0.58203125 0.0921875 0.1015625
2 0.58359375 0.52734375 0.0796875 0.08203125
2 0.38125 0.96484375 0.1375 0.0703125
2 0.096875 0.88203125 0.065625 0.13671875
