2 0.82109375 0.9390625 0.1171875 0.121875
2 0.9640625 0.5421875 0.0546875 0.07421875
2 0.65390625 0.434375 0.04921875 0.0671875
2 0.55390625 0.38671875 0.0234375 0.05546875
2 0.4609375 0.35859375 0.0171875 0.03359375
2 0.428125 0.31796875 0.009375 0.0265625
2 0.4859375 0.30625 0.0109375 0.02734375
2 0.5484375 0.3078125 0.0109375 0.02890625
2 0.45625 0.28984375 0.0109375 0.021875
2 0.41484375 0.2953125 0.01015625 0.021875
1 0.503125 0.29296875 0.03359375 0.04375
1 0.52734375 0.2859375 0.03125 0.0390625
1 0.10859375 0.49921875 0.140625 0.12890625
1 0.43671875 0.26875 0.01953125 0.0296875
3 0.47890625 0.7671875 0.5390625 0.41796875
