2 0.43828125 0.2921875 0.01015625 0.02578125
2 0.459375 0.32734375 0.009375 0.0296875
2 0.47421875 0.44296875 0.01796875 0.04921875
2 0.5203125 0.40625 0.01796875 0.03828125
2 0.54453125 0.4796875 0.01875 0.05234375
2 0.565625 0.45234375 0.02109375 0.05
2 0.6109375 0.5 0.01875 0.0390625
2 0.58203125 0.56796875 0.02734375 0.06484375
2 0.88046875 0.53515625 0.04375 0.078125
2 0.6515625 0.35234375 0.01953125 0.04296875
2 0.49296875 0.30703125 0.009375 0.02578125
2 0.50859375 0.3046875 0.0078125 0.0296875
2 0.53046875 0.30625 0.00859375 0.03125
2 0.54375 0.30546875 0.0125 0.03359375
2 0.57890625 0.30859375 0.0109375 0.034375
1 0.73515625 0.39453125 0.084375 0.10390625
1 0.48515625 0.26796875 0.0296875 0.0296875
2 0.484375 0.3 0.00703125 0.025
2 0.51875 0.30234375 0.00859375 0.028125
3 0.90859375 0.83984375 0.18203125 0.3203125
