0 0.26640625 0.4453125 0.37890625 0.3625
2 0.46875 0.39375 0.01953125 0.05390625
2 0.5 0.43203125 0.02265625 0.0625
2 0.60703125 0.3765625 0.015625 0.0484375
2 0.678125 0.4328125 0.02109375 0.0640625
2 0.7515625 0.55078125 0.034375 0.096875
2 0.81484375 0.5640625 0.03828125 0.09375
2 0.525 0.33046875 0.0125 0.0359375
2 0.5390625 0.3171875 0.009375 0.0328125
1 0.9140625 0.48359375 0.11875 0.13203125
1 0.75 0.41484375 0.08828125 0.0984375
1 0.575 0.30625 0.03984375 0.05390625
3 0.5 0.33203125 0.03984375 0.07734375
1 0.47578125 0.26328125 0.02109375 0.0359375
1 0.44453125 0.25234375 0.01875 0.02265625
