1 0.3359375 0.5453125 0.18984375 0.2171875
1 0.48125 0.4078125 0.06640625 0.1
1 0.7984375 0.42578125 0.1015625 0.11953125
1 0.67578125 0.353125 0.06171875 0.08671875
1 0.53203125 0.3234375 0.04453125 0.05390625
1 0.55859375 0.3109375 0.03515625 0.04609375
1 0.43828125 0.33046875 0.04296875 0.06015625
1 0.48671875 0.2859375 0.02890625 0.0375
1 0.43125 0.28125 0.02734375 0.04296875
1 0.503125 0.278125 0.02265625 0.034375
2 0.484375 0.3390625 0.01484375 0.034375
2 0.4609375 0.2859375 0.00625 0.0171875
2 0.2734375 0.4890625 0.04921875 0.0765625
2 0.1953125 0.56328125 0.065625 0.08671875
2 0.19453125 0.509375 0.04921875 0.0375
2 0.0375 0.6328125 0.06796875 0.0921875
2 0.8578125 0.6078125 0.0484375 0.10390625
2 0.94453125 0.6296875 0.05546875 0.1078125
2 0.76875 0.47109375 0.03125 0.078125
0 0.628125 0.359375 0.08671875 0.12421875
