2 0.0359375 0.60390625 0.0609375 0.08515625
2 0.2453125 0.53125 0.05390625 0.08671875
2 0.36875 0.46796875 0.03828125 0.07265625
2 0.42578125 0.30390625 0.0078125 0.0234375
3 0.87265625 0.57734375 0.165625 0.26640625
1 0.64296875 0.3625 0.06640625 0.08828125
1 0.75625 0.3625 0.08984375 0.0640625
1 0.49375 0.35859375 0.05 0.08203125
1 0.58125 0.315625 0.04453125 0.06796875
1 0.4859375 0.309375 0.03125 0.04453125
1 0.5203125 0.2828125 0.02890625 0.03984375
1 0.48515625 0.27421875 0.03203125 0.02578125
1 0.421875 0.2609375 0.01640625 0.02734375
