1 0.51171875 0.29453125 0.034375 0.04296875
3 0.79921875 0.40078125 0.0890625 0.09296875
2 0.57421875 0.38984375 0.02734375 0.0578125
2 0.48046875 0.265625 0.00703125 0.02109375
2 0.153125 0.4875 0.05234375 0.07578125
2 0.0578125 0.515625 0.0515625 0.07578125
2 0.35 0.853125 0.14296875 0.15078125
2 0.5328125 0.91875 0.1640625 0.1625
2 0.628125 0.4296875 0.03984375 0.0703125
2 0.7359375 0.45546875 0.05 0.07265625
2 0.92734375 0.525 0.05 0.07421875
2 0.97109375 0.5015625 0.0375 0.05390625
2 0.43984375 0.25390625 0.00546875 0.01640625
