1 0.30546875 0.68203125 0.19296875 0.4578125
1 0.55 0.25078125 0.075 0.15625
1 0.5921875 0.17890625 0.03984375 0.09453125
0 0.39609375 0.275 0.1328125 0.25546875
2 0.4078125 0.8859375 0.084375 0.228125
2 0.51328125 0.646875 0.0546875 0.175
2 0.41875 0.671875 0.07265625 0.1671875
2 0.46640625 0.5390625 0.05234375 0.14375
2 0.5015625 0.42265625 0.03828125 0.10703125
2 0.553125 0.46328125 0.03515625 0.12265625
2 0.59296875 0.3984375 0.03515625 0.11328125
2 0.63125 0.21953125 0.01328125 0.05234375
2 0.659375 0.1578125 0.0109375 0.04296875
1 0.6171875 0.14296875 0.03125 0.0640625
