2 0.49453125 0.7328125 0.05390625 0.2015625
2 0.3453125 0.546875 0.059375 0.19609375
2 0.54765625 0.57578125 0.04375 0.16875
2 0.55234375 0.46484375 0.028125 0.109375
2 0.59921875 0.4734375 0.034375 0.13203125
1 0.48515625 0.43046875 0.1375 0.30703125
1 0.5265625 0.25234375 0.08125 0.13203125
1 0.58125 0.1921875 0.05078125 0.1125
1 0.2734375 0.2515625 0.06640625 0.090625
1 0.528125 0.1703125 0.0484375 0.08828125
3 0.49375 0.1296875 0.046875 0.08125
3 0.2359375 0.46015625 0.15625 0.4515625
2 0.5859375 0.38359375 0.02109375 0.07109375
2 0.628125 0.41640625 0.02265625 0.10546875
2 0.646875 0.26484375 0.01875 0.075
3 0.60546875 0.1578125 0.03515625 0.08203125
1 0.61640625 0.1390625 0.02578125 0.07421875
