2 0.4046875 0.46015625 0.05546875 0.12421875
2 0.57265625 0.37890625 0.01796875 0.08203125
0 0.4203125 0.265625 0.1296875 0.27265625
1 0.59453125 0.13046875 0.03203125 0.0546875
2 0.340625 0.60703125 0.05625 0.171875
2 0.3890625 0.625 0.05546875 0.2015625
2 0.43359375 0.6609375 0.05703125 0.21015625
2 0.48515625 0.775 0.06171875 0.2078125
2 0.55546875 0.603125 0.05 0.18984375
2 0.49609375 0.509375 0.028125 0.05078125
2 0.4546875 0.490625 0.03671875 0.08046875
2 0.54765625 0.44140625 0.0203125 0.09140625
2 0.615625 0.209375 0.0140625 0.053125
2 0.66015625 0.2 0.01171875 0.0578125
2 0.23125 0.5125 0.05625 0.15625
2 0.24921875 0.39921875 0.04140625 0.09140625
2 0.2859375 0.57265625 0.0578125 0.17890625
