2 0.59921875 0.48046875 0.02890625 0.153125
2 0.64765625 0.33046875 0.0125 0.08828125
2 0.6296875 0.25234375 0.0140625 0.03828125
2 0.296875 0.35546875 0.02265625 0.07265625
3 0.37578125 0.2796875 0.13828125 0.2828125
1 0.459375 0.23359375 0.0546875 0.10546875
1 0.55390625 0.11484375 0.040625 0.059375
2 0.48671875 0.153125 0.015625 0.04765625
2 0.52890625 0.15859375 0.01484375 0.0359375
1 0.41875 0.453125 0.12109375 0.26171875
1 0.5015625 0.496875 0.1609375 0.4203125
1 0.59375 0.30078125 0.06953125 0.1609375
1 0.56875 0.21875 0.04921875 0.1015625
3 0.50625 0.2875 0.090625 0.12109375
0 0.6515625 0.1609375 0.04609375 0.178125
2 0.62421875 0.38671875 0.01796875 0.06015625
1 0.5921875 0.16796875 0.03671875 0.078125
1 0.60546875 0.1421875 0.0328125 0.0765625
