2 0.46796875 0.68359375 0.06015625 0.2109375
2 0.46796875 0.55 0.04765625 0.12265625
2 0.54296875 0.61640625 0.0328125 0.1765625
2 0.51640625 0.53203125 0.03046875 0.1546875
2 0.590625 0.53046875 0.0296875 0.15390625
2 0.62265625 0.43515625 0.02265625 0.12578125
2 0.5796875 0.375 0.0234375 0.10390625
1 0.39921875 0.48359375 0.16484375 0.39375
1 0.51796875 0.31796875 0.0890625 0.21015625
1 0.5796875 0.2296875 0.0546875 0.1328125
1 0.59140625 0.1640625 0.040625 0.0671875
3 0.4953125 0.13046875 0.04921875 0.07578125
2 0.59609375 0.315625 0.02109375 0.05703125
3 0.32265625 0.42265625 0.15078125 0.29375
2 0.19765625 0.47109375 0.05390625 0.14609375
1 0.4234375 0.23515625 0.0796875 0.1125
1 0.53515625 0.15859375 0.0484375 0.08359375
2 0.62890625 0.215625 0.0125 0.065625
2 0.6546875 0.21484375 0.0140625 0.059375
1 0.615625 0.13984375 0.02734375 0.075
