0 0.93046875 0.33125 0.1390625 0.48046875
1 0.3765625 0.115625 0.125 0.125
1 0.334375 0.08359375 0.0875 0.090625
1 0.31015625 0.059375 0.10703125 0.08984375
1 0.278125 0.0421875 0.10546875 0.084375
2 0.7515625 0.94375 0.09375 0.1125
2 0.9546875 0.86015625 0.090625 0.2796875
2 0.440625 0.2265625 0.0625 0.10625
2 0.22734375 0.11640625 0.028125 0.0765625
2 0.71484375 0.4703125 0.11953125 0.159375
2 0.80703125 0.4203125 0.05390625 0.13359375
2 0.91640625 0.646875 0.11953125 0.2
2 0.05703125 0.653125 0.11328125 0.16171875
