3 0.3671875 0.37265625 0.084375 0.096875
3 0.434375 0.29140625 0.0296875 0.04921875
2 0.42265625 0.3265625 0.009375 0.025
2 0.49453125 0.30703125 0.00703125 0.02734375
2 0.484375 0.303125 0.009375 0.02734375
2 0.4765625 0.2953125 0.00546875 0.02265625
2 0.52265625 0.3078125 0.01015625 0.0265625
2 0.534375 0.30546875 0.0078125 0.0265625
2 0.54609375 0.309375 0.009375 0.02734375
2 0.55546875 0.30703125 0.00859375 0.02734375
1 0.50546875 0.2875 0.0265625 0.04375
1 0.48671875 0.27734375 0.0171875 0.02734375
3 0.49140625 0.2515625 0.025 0.02734375
2 0.471875 0.29296875 0.00703125 0.0265625
2 0.3640625 0.4265625 0.0390625 0.06875
2 0.1390625 0.4828125 0.0515625 0.075
2 0.575 0.3046875 0.01015625 0.02890625
