1 0.96875 0.68359375 0.0625 0.20859375
2 0.80625 0.65625 0.05859375 0.128125
2 0.01640625 0.590625 0.0328125 0.065625
2 0.1640625 0.534375 0.0578125 0.084375
2 0.3265625 0.46484375 0.040625 0.07265625
2 0.4515625 0.378125 0.02109375 0.05078125
2 0.5390625 0.33984375 0.01171875 0.034375
2 0.48359375 0.29375 0.00859375 0.025
2 0.503125 0.29609375 0.0078125 0.0203125
2 0.52109375 0.29375 0.00859375 0.02421875
2 0.56875 0.36484375 0.01328125 0.046875
2 0.65 0.42265625 0.0203125 0.06171875
2 0.6953125 0.40859375 0.0234375 0.05625
2 0.63515625 0.3859375 0.015625 0.04453125
2 0.61328125 0.32578125 0.01328125 0.03515625
2 0.75 0.44296875 0.021875 0.025
2 0.76484375 0.43203125 0.00859375 0.03984375
3 0.78984375 0.52890625 0.125 0.13671875
1 0.659375 0.3453125 0.05625 0.075
1 0.54921875 0.31171875 0.03984375 0.05234375
1 0.5640625 0.29375 0.0359375 0.04453125
1 0.5296875 0.27734375 0.02265625 0.0375
1 0.50234375 0.26328125 0.02109375 0.02890625
1 0.48828125 0.2578125 0.0125 0.0234375
