2 0.32578125 0.39765625 0.03203125 0.04921875
2 0.4453125 0.32265625 0.01171875 0.0265625
2 0.50703125 0.3546875 0.0109375 0.0453125
2 0.54453125 0.31015625 0.00703125 0.02890625
2 0.46171875 0.290625 0.009375 0.02578125
3 0.0609375 0.48125 0.12109375 0.11953125
3 0.284375 0.49609375 0.15546875 0.159375
3 0.47265625 0.365625 0.05546875 0.0890625
3 0.5984375 0.3296875 0.06171875 0.09453125
3 0.70859375 0.3453125 0.103125 0.121875
1 0.640625 0.33671875 0.03359375 0.06953125
1 0.74765625 0.45703125 0.0953125 0.134375
1 0.775 0.3578125 0.05078125 0.0578125
1 0.94375 0.6875 0.1125 0.296875
1 0.05703125 0.57109375 0.1140625 0.1609375
1 0.521875 0.30546875 0.0328125 0.04921875
1 0.49765625 0.2859375 0.02734375 0.028125
1 0.49921875 0.25546875 0.01875 0.02734375
