0 0.51484375 0.28125 0.05234375 0.1015625
0 0.4015625 0.3453125 0.08203125 0.103125
1 0.49296875 0.3703125 0.04921875 0.07578125
1 0.65859375 0.4015625 0.07890625 0.11328125
3 0.74609375 0.49453125 0.11171875 0.134375
2 0.58515625 0.328125 0.0125 0.0328125
2 0.76953125 0.415625 0.0296875 0.03515625
2 0.36640625 0.4671875 0.03828125 0.071875
2 0.1921875 0.4640625 0.04609375 0.07109375
2 0.290625 0.528125 0.05546875 0.08359375
2 0.01640625 0.6296875 0.0328125 0.06875
2 0.42734375 0.2796875 0.00625 0.01640625
2 0.446875 0.27578125 0.00625 0.01796875
