3 0.2515625 0.7328125 0.190625 0.4375
3 0.54765625 0.33125 0.10390625 0.1875
1 0.51328125 0.253125 0.078125 0.1703125
1 0.58125 0.19375 0.05078125 0.0953125
1 0.62890625 0.20078125 0.04140625 0.10625
1 0.6125 0.13671875 0.028125 0.0640625
1 0.646875 0.16171875 0.02109375 0.0765625
2 0.6609375 0.26171875 0.0125 0.07109375
2 0.63203125 0.290625 0.01953125 0.08671875
2 0.565625 0.503125 0.0453125 0.15078125
2 0.490625 0.73515625 0.06953125 0.234375
2 0.42265625 0.62109375 0.0609375 0.18046875
2 0.3625 0.765625 0.08515625 0.19609375
2 0.81953125 0.3484375 0.034375 0.05234375
