3 0.70390625 0.37734375 0.1203125 0.1375
2 0.56640625 0.31640625 0.0109375 0.03359375
2 0.57890625 0.31328125 0.0109375 0.03125
2 0.54609375 0.30703125 0.0109375 0.0296875
2 0.55703125 0.3046875 0.0078125 0.02421875
2 0.47734375 0.2953125 0.0078125 0.02734375
2 0.434375 0.2609375 0.00625 0.021875
2 0.4078125 0.35234375 0.01484375 0.03203125
2 0.37265625 0.38046875 0.028125 0.04765625
2 0.1015625 0.50078125 0.05625 0.07734375
1 0.5015625 0.29375 0.0390625 0.05
1 0.52890625 0.28671875 0.0296875 0.03828125
