1 0.628125 0.478125 0.3796875 0.34375
2 0.48359375 0.16328125 0.040625 0.08046875
2 0.4609375 0.1578125 0.0171875 0.06328125
1 0.3875 0.115625 0.146875 0.13046875
1 0.3203125 0.0515625 0.121875 0.103125
1 0.31484375 0.08671875 0.03359375 0.08515625
1 0.215625 0.0296875 0.04609375 0.05859375
1 0.03984375 0.68671875 0.0796875 0.27734375
2 0.4734375 0.88046875 0.228125 0.2390625
2 0.31640625 0.17421875 0.0265625 0.0828125
2 0.20078125 0.121875 0.0171875 0.05078125
2 0.61484375 0.7484375 0.15859375 0.21328125
2 0.79296875 0.63203125 0.14453125 0.2015625
