0 0.77734375 0.65703125 0.4453125 0.6859375
1 0.51953125 0.29453125 0.03125 0.03984375
1 0.4703125 0.25 0.01640625 0.02109375
1 0.42109375 0.2546875 0.01796875 0.0296875
2 0.45390625 0.29609375 0.009375 0.021875
2 0.4375 0.28515625 0.00625 0.01953125
2 0.41875 0.31015625 0.0125 0.02578125
2 0.49375 0.3046875 0.01015625 0.02265625
2 0.4828125 0.30078125 0.00859375 0.02421875
2 0.52578125 0.3078125 0.0125 0.02734375
2 0.5484375 0.30546875 0.0109375 0.02734375
2 0.53203125 0.38671875 0.01484375 0.0375
2 0.490625 0.54140625 0.0296875 0.071875
