1 0.39765625 0.4640625 0.15 0.3265625
1 0.3765625 0.28359375 0.1078125 0.14140625
1 0.5359375 0.265625 0.0703125 0.13359375
1 0.59453125 0.11875 0.02890625 0.06328125
2 0.5546875 0.15 0.01484375 0.04453125
2 0.5390625 0.14453125 0.01171875 0.03515625
2 0.65859375 0.2046875 0.0109375 0.04921875
2 0.62265625 0.21640625 0.0140625 0.04765625
2 0.6140625 0.38125 0.01640625 0.0890625
2 0.5234375 0.46875 0.0234375 0.11171875
2 0.49765625 0.41640625 0.0171875 0.075
2 0.46171875 0.54453125 0.034375 0.109375
2 0.4859375 0.6765625 0.03984375 0.18984375
