0 0.44296875 0.20859375 0.11171875 0.2265625
1 0.46796875 0.4203125 0.1234375 0.26171875
1 0.5359375 0.27890625 0.0765625 0.16953125
1 0.5703125 0.19453125 0.04765625 0.10703125
1 0.5984375 0.16796875 0.03671875 0.09765625
1 0.6203125 0.13984375 0.025 0.059375
1 0.23828125 0.59375 0.15859375 0.33828125
0 0.63515625 0.07265625 0.01796875 0.04609375
2 0.62265625 0.3546875 0.0203125 0.0953125
2 0.63671875 0.2734375 0.01640625 0.071875
2 0.32578125 0.5796875 0.059375 0.18984375
2 0.475 0.61171875 0.034375 0.1734375
2 0.5859375 0.51015625 0.02734375 0.14375
2 0.53359375 0.50078125 0.03046875 0.14921875
2 0.56328125 0.41015625 0.02109375 0.09921875
2 0.56171875 0.33203125 0.0140625 0.040625
2 0.6078125 0.4046875 0.0171875 0.0890625
2 0.25546875 0.375 0.04609375 0.11953125
2 0.6296875 0.20390625 0.01171875 0.05859375
2 0.5875 0.2828125 0.0171875 0.03046875
2 0.6671875 0.1625 0.01015625 0.03984375
1 0.60859375 0.10234375 0.02109375 0.0375
