2 0.4234375 0.30234375 0.00859375 0.02421875
2 0.46328125 0.3109375 0.0109375 0.0234375
2 0.49140625 0.346875 0.01171875 0.03046875
2 0.50859375 0.36640625 0.01953125 0.03515625
2 0.6234375 0.41015625 0.03984375 0.05546875
1 0.503125 0.29453125 0.03828125 0.05234375
1 0.46015625 0.2625 0.02109375 0.0328125
1 0.52421875 0.27578125 0.02734375 0.03671875
1 0.5046875 0.25859375 0.01640625 0.021875
1 0.4375 0.2453125 0.0125 0.02265625
1 0.66015625 0.3609375 0.059375 0.07265625
1 0.85390625 0.4953125 0.15 0.1
3 0.89140625 0.65703125 0.1484375 0.27109375
0 0.9453125 0.75078125 0.109375 0.4984375
