0 0.1828125 0.70546875 0.365625 0.5890625
2 0.94921875 0.4984375 0.04375 0.0609375
2 0.5296875 0.31328125 0.0125 0.03125
2 0.54609375 0.32109375 0.009375 0.03125
2 0.5578125 0.31015625 0.009375 0.0296875
2 0.5921875 0.34375 0.01015625 0.03359375
2 0.4796875 0.33984375 0.01171875 0.0390625
1 0.496875 0.29375 0.0265625 0.0390625
1 0.51328125 0.2828125 0.025 0.03671875
1 0.48125 0.2734375 0.021875 0.03203125
1 0.45546875 0.26796875 0.01328125 0.02890625
2 0.63046875 0.34765625 0.01171875 0.03671875
2 0.4984375 0.3234375 0.00859375 0.034375
2 0.57734375 0.31171875 0.00859375 0.0234375
