0 0.51875 0.66328125 0.60546875 0.51953125
1 0.37421875 0.38984375 0.08984375 0.084375
1 0.50078125 0.29140625 0.034375 0.05234375
1 0.5296875 0.2859375 0.034375 0.03828125
3 0.42578125 0.31328125 0.05859375 0.0984375
2 0.47734375 0.31796875 0.0140625 0.0265625
2 0.4625 0.30703125 0.00703125 0.0234375
2 0.47109375 0.271875 0.01171875 0.0203125
2 0.54765625 0.31015625 0.009375 0.025
2 0.56484375 0.31015625 0.009375 0.02734375
2 0.53203125 0.34609375 0.01875 0.0421875
2 0.571875 0.37734375 0.02265625 0.04921875
2 0.61171875 0.39140625 0.01328125 0.021875
2 0.95390625 0.50546875 0.040625 0.046875
