2 0.46796875 0.68359375 0.06015625 0.2109375
2 0.46796875 0.55 0.04765625 0.12265625
2 0.54296875 0.61640625 0.0328125 0.1765625
2 0.51640625 0.53203125 0.03046875 0.1546875
2 0.62890625 0.41328125 0.0265625 0.11328125
2 0.65078125 0.3671875 0.015625 0.10546875
2 0.665625 0.24375 0.01328125 0.065625
1 0.39921875 0.48359375 0.16484375 0.39375
1 0.51796875 0.31796875 0.0890625 0.21015625
1 0.5796875 0.2296875 0.0546875 0.1328125
1 0.59140625 0.1640625 0.040625 0.0671875
0 0.53046875 0.11953125 0.08359375 0.15390625
2 0.66015625 0.15234375 0.01015625 0.04296875
1 0.62578125 0.0921875 0.02109375 0.04296875
