0 0.3046875 0.30390625 0.20859375 0.42578125
1 0.56875 0.12265625 0.03515625 0.071875
2 0.484375 0.253125 0.02890625 0.07890625
2 0.65625 0.209375 0.01875 0.05
2 0.62265625 0.1625 0.0125 0.046875
2 0.5859375 0.36015625 0.028125 0.0890625
2 0.5125 0.35234375 0.02890625 0.09453125
2 0.58359375 0.5375 0.028125 0.13828125
2 0.4796875 0.4875 0.0375 0.09140625
2 0.4078125 0.453125 0.0375 0.11484375
2 0.27890625 0.5640625 0.0421875 0.1484375
2 0.3234375 0.58984375 0.065625 0.1921875
2 0.3953125 0.625 0.03828125 0.1828125
2 0.45546875 0.66484375 0.0578125 0.2171875
2 0.5203125 0.74140625 0.06015625 0.2078125
2 0.64140625 0.14765625 0.01015625 0.0453125
