3 0.2390625 0.89765625 0.371875 0.2046875
2 0.653125 0.54453125 0.0796875 0.0921875
2 0.7234375 0.40078125 0.025 0.05
2 0.746875 0.50625 0.06171875 0.06875
2 0.49375 0.3078125 0.0078125 0.03359375
2 0.5125 0.3078125 0.0140625 0.03203125
2 0.55859375 0.309375 0.009375 0.028125
2 0.4796875 0.303125 0.01015625 0.0296875
1 0.534375 0.296875 0.034375 0.04609375
2 0.575 0.5875 0.0921875 0.096875
2 0.1234375 0.60078125 0.07734375 0.09296875
2 0.5703125 0.3109375 0.009375 0.03046875
2 0.12421875 0.55078125 0.06484375 0.053125
2 0.76875 0.403125 0.025 0.0484375
