1 0.5828125 0.13984375 0.0296875 0.07265625
0 0.44921875 0.203125 0.14375 0.28125
2 0.32109375 0.59296875 0.065625 0.19453125
2 0.38671875 0.61015625 0.05703125 0.1890625
2 0.4234375 0.6671875 0.03984375 0.1890625
2 0.47265625 0.7203125 0.07109375 0.24140625
2 0.53984375 0.6484375 0.05703125 0.18359375
2 0.52734375 0.5203125 0.04296875 0.08359375
2 0.4640625 0.48671875 0.046875 0.06953125
2 0.515625 0.4328125 0.02578125 0.1125
2 0.57890625 0.365625 0.02421875 0.10390625
2 0.5484375 0.1546875 0.0171875 0.05078125
2 0.265625 0.26640625 0.04296875 0.05546875
