2 0.85703125 0.47109375 0.05 0.06640625
2 0.96640625 0.5265625 0.03515625 0.0640625
2 0.44765625 0.321875 0.01171875 0.02578125
2 0.42890625 0.31640625 0.0109375 0.02265625
2 0.3578125 0.38984375 0.02421875 0.05390625
2 0.56328125 0.3140625 0.01015625 0.0296875
1 0.49140625 0.29375 0.03046875 0.04140625
1 0.5328125 0.2921875 0.0328125 0.0484375
1 0.509375 0.27578125 0.02109375 0.034375
1 0.47734375 0.28046875 0.025 0.03984375
1 0.22890625 0.64921875 0.2125 0.19296875
1 0.45859375 0.8578125 0.4265625 0.284375
3 0.79921875 0.40234375 0.0890625 0.0890625
