1 0.215625 0.028125 0.0484375 0.05546875
1 0.32109375 0.05234375 0.12265625 0.10390625
1 0.3140625 0.0859375 0.03125 0.08359375
1 0.3859375 0.1140625 0.14375 0.13359375
2 0.328125 0.62109375 0.16484375 0.19296875
2 0.4796875 0.62578125 0.1578125 0.2
2 0.7921875 0.9078125 0.16875 0.184375
1 0.39453125 0.42734375 0.23828125 0.28984375
2 0.4921875 0.1625 0.03828125 0.07734375
2 0.4640625 0.159375 0.02109375 0.059375
2 0.659375 0.76171875 0.18203125 0.24140625
2 0.65390625 0.6328125 0.140625 0.17734375
2 0.82578125 0.63125 0.14375 0.19453125
2 0.95546875 0.50625 0.0890625 0.165625
