2 0.49296875 0.30625 0.009375 0.0296875
2 0.484375 0.3046875 0.00703125 0.0265625
2 0.52265625 0.3078125 0.01171875 0.03046875
2 0.5453125 0.309375 0.009375 0.0296875
2 0.5546875 0.30703125 0.0109375 0.028125
2 0.534375 0.3046875 0.009375 0.02890625
2 0.4765625 0.29609375 0.0078125 0.02578125
2 0.3359375 0.4046875 0.03046875 0.05859375
2 0.04609375 0.51484375 0.0453125 0.06015625
2 0.0125 0.6375 0.02421875 0.09375
1 0.41171875 0.3625 0.0640625 0.0671875
1 0.5078125 0.28671875 0.028125 0.04375
1 0.484375 0.278125 0.0203125 0.0265625
3 0.48984375 0.2546875 0.02734375 0.02578125
3 0.15 0.47265625 0.1359375 0.15
