1 0.4921875 0.38125 0.10625 0.234375
2 0.340625 0.58984375 0.0625 0.1703125
2 0.4171875 0.63671875 0.08359375 0.17578125
2 0.47890625 0.66484375 0.065625 0.215625
1 0.553125 0.24375 0.0640625 0.1234375
2 0.39296875 0.4515625 0.046875 0.1109375
2 0.42734375 0.3875 0.02265625 0.11953125
2 0.51171875 0.5296875 0.03671875 0.128125
2 0.54140625 0.6828125 0.05078125 0.19765625
2 0.57109375 0.46640625 0.02578125 0.1234375
2 0.5484375 0.40390625 0.02578125 0.09765625
2 0.62421875 0.42734375 0.01953125 0.11484375
2 0.596875 0.34609375 0.01640625 0.04921875
2 0.61484375 0.321875 0.01640625 0.0578125
2 0.60234375 0.27890625 0.01875 0.06484375
0 0.4734375 0.15625 0.12109375 0.21015625
1 0.5921875 0.184375 0.04296875 0.1078125
2 0.34296875 0.3171875 0.03515625 0.10078125
1 0.28203125 0.49140625 0.12890625 0.24453125
1 0.58984375 0.10234375 0.028125 0.059375
0 0.64140625 0.1109375 0.02734375 0.0765625
