1 0.21484375 0.028125 0.04453125 0.05625
1 0.3921875 0.11484375 0.153125 0.13203125
1 0.3203125 0.05234375 0.121875 0.1046875
2 0.45625 0.2265625 0.07109375 0.10390625
1 0.79921875 0.57890625 0.40078125 0.3953125
2 0.4359375 0.46640625 0.07109375 0.18046875
2 0.2765625 0.43515625 0.084375 0.171875
1 0.31328125 0.2375 0.13515625 0.184375
1 0.23359375 0.1390625 0.10625 0.1421875
1 0.315625 0.08515625 0.03359375 0.08359375
2 0.13828125 0.525 0.13828125 0.1890625
2 0.0546875 0.7578125 0.109375 0.203125
