1 0.590625 0.6921875 0.47578125 0.44375
2 0.26953125 0.64375 0.16875 0.20546875
2 0.4921875 0.165625 0.0375 0.06640625
2 0.4625 0.1578125 0.0203125 0.06328125
1 0.3875 0.115625 0.146875 0.13046875
1 0.3203125 0.0515625 0.121875 0.103125
1 0.3140625 0.0859375 0.03125 0.08671875
1 0.215625 0.0296875 0.04609375 0.05859375
1 0.0796875 0.83515625 0.159375 0.3296875
3 0.640625 0.296875 0.26796875 0.24140625
2 0.0828125 0.6421875 0.0765625 0.16171875
2 0.79375 0.90703125 0.16171875 0.1859375
2 0.94453125 0.92734375 0.1109375 0.1453125
