3 0.48359375 0.871875 0.41640625 0.25546875
1 0.03359375 0.75703125 0.06640625 0.25859375
1 0.12890625 0.54140625 0.1890625 0.22734375
1 0.5078125 0.2953125 0.03125 0.0515625
2 0.4875 0.3078125 0.0125 0.0328125
2 0.53515625 0.30625 0.01171875 0.02890625
2 0.55546875 0.309375 0.01015625 0.02890625
2 0.38203125 0.37734375 0.02265625 0.05390625
2 0.4171875 0.31796875 0.009375 0.025
1 0.4359375 0.2875 0.025 0.04140625
1 0.44609375 0.25546875 0.01796875 0.02734375
2 0.47109375 0.29140625 0.00625 0.021875
