1 0.840625 0.7359375 0.22734375 0.25
1 0.584375 0.30625 0.0421875 0.05234375
1 0.4796875 0.2671875 0.021875 0.03125
2 0.0171875 0.5359375 0.034375 0.06953125
2 0.10625 0.95859375 0.11328125 0.08203125
2 0.22421875 0.45625 0.0484375 0.06875
2 0.32890625 0.39296875 0.02734375 0.05546875
2 0.9390625 0.49921875 0.04375 0.0578125
2 0.98671875 0.54375 0.0265625 0.06484375
2 0.8625 0.5359375 0.065625 0.084375
2 0.80546875 0.49375 0.0640625 0.07734375
2 0.6984375 0.43359375 0.04453125 0.06953125
2 0.628125 0.3921875 0.028125 0.05390625
2 0.52265625 0.30625 0.0109375 0.0296875
2 0.490625 0.3296875 0.0125 0.03828125
2 0.46015625 0.315625 0.01015625 0.02421875
