2 0.68125 0.43359375 0.0453125 0.06484375
2 0.5875 0.39609375 0.0296875 0.05859375
2 0.60625 0.39296875 0.0109375 0.03671875
2 0.54921875 0.3859375 0.025 0.0515625
2 0.50546875 0.33359375 0.0125 0.03046875
2 0.4734375 0.30546875 0.0078125 0.021875
2 0.459375 0.30234375 0.0078125 0.02109375
2 0.446875 0.340625 0.0140625 0.0296875
2 0.4109375 0.3546875 0.01875 0.0296875
2 0.36796875 0.38046875 0.025 0.053125
1 0.5125 0.29375 0.0328125 0.0421875
3 0.8 0.40078125 0.08984375 0.09296875
0 0.61015625 0.73203125 0.7796875 0.5359375
