0 0.51640625 0.23828125 0.13203125 0.32734375
2 0.61015625 0.24765625 0.01875 0.07265625
2 0.5609375 0.37421875 0.025 0.10859375
2 0.196875 0.61953125 0.06328125 0.19765625
2 0.5640625 0.56875 0.03984375 0.171875
2 0.46484375 0.52734375 0.02890625 0.18125
2 0.490625 0.675 0.059375 0.19453125
2 0.40078125 0.6484375 0.071875 0.22734375
2 0.38046875 0.55703125 0.03203125 0.1671875
2 0.37734375 0.48046875 0.02734375 0.15625
2 0.321875 0.58125 0.05625 0.1921875
3 0.38125 0.303125 0.10703125 0.1875
2 0.59609375 0.4640625 0.03046875 0.153125
