3 0.409375 0.34453125 0.05625 0.084375
2 0.16484375 0.928125 0.1234375 0.14375
1 0.49921875 0.29375 0.03359375 0.05078125
3 0.43359375 0.27265625 0.0328125 0.04921875
3 0.47265625 0.25546875 0.02421875 0.04296875
2 0.540625 0.31171875 0.0109375 0.03203125
2 0.565625 0.309375 0.01328125 0.03125
2 0.53046875 0.30625 0.00859375 0.02890625
2 0.553125 0.30703125 0.00859375 0.02734375
2 0.1453125 0.62890625 0.08515625 0.10234375
2 0.4875 0.30859375 0.009375 0.02890625
2 0.47421875 0.29375 0.0109375 0.02578125
1 0.5640625 0.2828125 0.03671875 0.0359375
