1 0.215625 0.028125 0.0484375 0.05546875
1 0.32109375 0.05234375 0.12265625 0.10390625
1 0.3140625 0.0859375 0.03125 0.08359375
1 0.3859375 0.1140625 0.14375 0.13359375
2 0.46640625 0.3484375 0.03515625 0.13515625
2 0.41796875 0.240625 0.05390625 0.08125
1 0.63671875 0.678125 0.4234375 0.41015625
2 0.4921875 0.1625 0.03828125 0.07734375
2 0.4640625 0.159375 0.02109375 0.059375
2 0.9609375 0.41171875 0.078125 0.1390625
2 0.346875 0.30859375 0.028125 0.09375
2 0.7578125 0.484375 0.05234375 0.125
2 0.2109375 0.0671875 0.02109375 0.0640625
