3 0.1234375 0.51171875 0.2359375 0.2796875
2 0.28359375 0.4859375 0.046875 0.0765625
2 0.384375 0.42265625 0.03046875 0.05703125
2 0.46015625 0.4609375 0.03203125 0.0703125
2 0.4734375 0.40546875 0.0125 0.03984375
2 0.5 0.3421875 0.0140625 0.0375
2 0.46796875 0.29765625 0.009375 0.02578125
2 0.646875 0.41484375 0.021875 0.05859375
2 0.67890625 0.40078125 0.02109375 0.05234375
2 0.771875 0.45703125 0.02734375 0.0640625
2 0.86796875 0.54921875 0.02109375 0.078125
2 0.84765625 0.6015625 0.046875 0.1046875
2 0.978125 0.67890625 0.04296875 0.1046875
1 0.53046875 0.309375 0.04140625 0.0578125
1 0.4984375 0.28671875 0.028125 0.0375
1 0.5359375 0.2859375 0.03203125 0.0421875
2 0.571875 0.29921875 0.0078125 0.02265625
3 0.46796875 0.2640625 0.02578125 0.0453125
