1 0.503125 0.32578125 0.10625 0.2109375
1 0.56796875 0.4046875 0.109375 0.2859375
1 0.5734375 0.228125 0.0484375 0.10546875
1 0.6046875 0.16953125 0.0328125 0.07578125
1 0.475 0.221875 0.078125 0.1328125
2 0.64296875 0.3875 0.01953125 0.109375
2 0.64375 0.2265625 0.01328125 0.0578125
2 0.65546875 0.14140625 0.00859375 0.040625
2 0.36953125 0.31484375 0.034375 0.07578125
2 0.359375 0.39296875 0.0484375 0.103125
2 0.31875 0.5015625 0.04296875 0.159375
2 0.4390625 0.47265625 0.0203125 0.10078125
2 0.48984375 0.51953125 0.04140625 0.10078125
2 0.45703125 0.6796875 0.0609375 0.2328125
2 0.38671875 0.63671875 0.03828125 0.18125
2 0.34296875 0.5921875 0.0671875 0.19453125
2 0.528125 0.17109375 0.015625 0.0390625
2 0.5421875 0.13984375 0.0125 0.03828125
