2 0.0546875 0.93828125 0.109375 0.1234375
2 0.09609375 0.60859375 0.06953125 0.09296875
2 0.1515625 0.51953125 0.05625 0.0796875
2 0.3296875 0.52421875 0.059375 0.08359375
2 0.340625 0.44609375 0.03125 0.0546875
2 0.403125 0.403125 0.01640625 0.0546875
2 0.5421875 0.3953125 0.01796875 0.05390625
2 0.44375 0.35625 0.01796875 0.028125
2 0.45859375 0.33984375 0.0140625 0.03671875
2 0.47109375 0.3125 0.01171875 0.03203125
2 0.57265625 0.334375 0.0140625 0.03671875
2 0.540625 0.2921875 0.0109375 0.0265625
2 0.6046875 0.33046875 0.0140625 0.0359375
2 0.76796875 0.4484375 0.0140625 0.05390625
2 0.79765625 0.55546875 0.03671875 0.08828125
2 0.90078125 0.5625 0.040625 0.0734375
1 0.45 0.4203125 0.09140625 0.11640625
1 0.9484375 0.68671875 0.10234375 0.1921875
1 0.509375 0.3421875 0.03984375 0.071875
1 0.509375 0.303125 0.034375 0.0328125
1 0.49453125 0.290625 0.03046875 0.03984375
1 0.46953125 0.26328125 0.02421875 0.03046875
3 0.803125 0.40234375 0.08125 0.090625
