1 0.9578125 0.6984375 0.08359375 0.2375
1 0.51875 0.35703125 0.0484375 0.08359375
1 0.5453125 0.32265625 0.0421875 0.05390625
1 0.74921875 0.35859375 0.0421875 0.05625
1 0.53359375 0.2734375 0.0265625 0.0375
3 0.23828125 0.51640625 0.1515625 0.1546875
3 0.33671875 0.3859375 0.06171875 0.10390625
3 0.7125 0.415625 0.11328125 0.16875
3 0.8515625 0.42578125 0.16015625 0.19375
2 0.6109375 0.359375 0.00859375 0.03515625
2 0.44140625 0.38671875 0.01953125 0.05390625
2 0.37265625 0.4890625 0.040625 0.08515625
2 0.47734375 0.340625 0.0109375 0.0421875
2 0.42734375 0.33125 0.00859375 0.02578125
