2 0.30390625 0.5640625 0.025 0.171875
2 0.3390625 0.61484375 0.0609375 0.2
2 0.3953125 0.68984375 0.0625 0.21015625
2 0.47578125 0.70625 0.0625 0.23046875
2 0.46015625 0.55234375 0.0515625 0.17578125
2 0.55546875 0.59765625 0.0328125 0.175
2 0.52265625 0.471875 0.02421875 0.1375
2 0.36484375 0.43828125 0.0328125 0.10078125
2 0.396875 0.35625 0.0203125 0.06875
2 0.52421875 0.3609375 0.015625 0.03984375
2 0.57109375 0.3984375 0.02421875 0.059375
2 0.62421875 0.41875 0.02421875 0.08984375
2 0.59453125 0.49921875 0.02734375 0.13125
2 0.64140625 0.3546875 0.01875 0.0609375
2 0.653125 0.334375 0.01484375 0.08046875
2 0.678125 0.31484375 0.01328125 0.07421875
2 0.6109375 0.321875 0.0140625 0.0625
2 0.55859375 0.3546875 0.025 0.10078125
2 0.59375 0.33359375 0.01484375 0.03671875
2 0.60546875 0.25625 0.01171875 0.034375
2 0.5796875 0.2625 0.00859375 0.0390625
2 0.628125 0.2515625 0.01171875 0.028125
2 0.63203125 0.30859375 0.015625 0.078125
2 0.67578125 0.2546875 0.0125 0.01484375
2 0.64921875 0.2546875 0.00859375 0.0515625
2 0.50625 0.23125 0.01171875 0.021875
2 0.478125 0.25546875 0.0125 0.0140625
3 0.4171875 0.21015625 0.1265625 0.2078125
3 0.5640625 0.19453125 0.05390625 0.10703125
1 0.4390625 0.39609375 0.12890625 0.27734375
1 0.52109375 0.1640625 0.046875 0.06953125
1 0.528125 0.27734375 0.06171875 0.14609375
1 0.540625 0.1 0.05390625 0.06015625
1 0.5890625 0.1703125 0.03046875 0.09375
1 0.2828125 0.39765625 0.12890625 0.24609375
1 0.6265625 0.18828125 0.04296875 0.078125
