0 0.50078125 0.171875 0.07890625 0.16953125
1 0.46796875 0.4203125 0.1234375 0.26171875
1 0.5359375 0.27890625 0.0765625 0.16953125
1 0.5703125 0.19453125 0.04765625 0.10703125
1 0.5984375 0.16796875 0.03671875 0.09765625
1 0.64453125 0.1046875 0.02109375 0.0390625
1 0.58671875 0.11953125 0.0296875 0.0359375
1 0.61953125 0.09453125 0.0234375 0.0375
2 0.36796875 0.3046875 0.03203125 0.090625
2 0.60859375 0.2609375 0.01640625 0.0734375
2 0.63984375 0.215625 0.0125 0.0578125
2 0.5484375 0.1375 0.0109375 0.04140625
2 0.32578125 0.5796875 0.059375 0.18984375
2 0.475 0.61171875 0.034375 0.1734375
2 0.5859375 0.51015625 0.02734375 0.14375
2 0.53359375 0.50078125 0.03046875 0.14921875
2 0.56328125 0.41015625 0.02109375 0.09921875
2 0.56171875 0.33203125 0.0140625 0.040625
2 0.6078125 0.4046875 0.0171875 0.0890625
2 0.2703125 0.4015625 0.0421875 0.1265625
