3 0.67890625 0.21640625 0.103125 0.18828125
1 0.615625 0.13515625 0.02890625 0.07265625
1 0.56171875 0.2203125 0.06484375 0.11171875
1 0.4640625 0.2109375 0.0703125 0.1046875
1 0.47890625 0.3328125 0.109375 0.24921875
1 0.48828125 0.5703125 0.159375 0.378125
2 0.4140625 0.209375 0.02265625 0.0671875
2 0.321875 0.3171875 0.0359375 0.10390625
2 0.33359375 0.3609375 0.0375 0.1171875
2 0.378125 0.3890625 0.0328125 0.12265625
2 0.59453125 0.5078125 0.028125 0.14296875
2 0.634375 0.40859375 0.021875 0.10859375
2 0.615625 0.34140625 0.02265625 0.05078125
2 0.58359375 0.35703125 0.0203125 0.07265625
2 0.60859375 0.22890625 0.0140625 0.06015625
2 0.57734375 0.28828125 0.01640625 0.03046875
2 0.621875 0.1765625 0.01015625 0.04453125
