3 0.35234375 0.2734375 0.17578125 0.325
1 0.21484375 0.028125 0.04453125 0.05625
1 0.3921875 0.103125 0.153125 0.11015625
1 0.3203125 0.05234375 0.121875 0.1046875
2 0.21171875 0.13828125 0.03046875 0.06015625
2 0.18515625 0.10390625 0.01953125 0.05390625
2 0.15546875 0.15859375 0.01796875 0.06015625
1 0.196875 0.79453125 0.39375 0.4109375
1 0.315625 0.07890625 0.03359375 0.0703125
2 0.053125 0.53984375 0.06328125 0.115625
2 0.18125 0.51796875 0.13203125 0.171875
2 0.96640625 0.4609375 0.0671875 0.109375
