2 0.1015625 0.49609375 0.05234375 0.06640625
2 0.91953125 0.53515625 0.04375 0.06953125
2 0.9640625 0.5734375 0.04140625 0.0640625
3 0.14921875 0.76328125 0.26953125 0.28515625
1 0.2890625 0.434375 0.10625 0.09921875
1 0.49453125 0.34296875 0.04296875 0.09375
2 0.42109375 0.31171875 0.00859375 0.02421875
2 0.53671875 0.30703125 0.00859375 0.028125
2 0.55703125 0.3078125 0.0078125 0.0296875
1 0.50546875 0.29375 0.03359375 0.04609375
1 0.48515625 0.2796875 0.0203125 0.025
1 0.4515625 0.25 0.015625 0.02265625
1 0.4328125 0.2453125 0.01484375 0.02109375
2 0.47109375 0.290625 0.00625 0.02109375
