1 0.2234375 0.084375 0.090625 0.13671875
1 0.32109375 0.05234375 0.12265625 0.10390625
1 0.3859375 0.1140625 0.14375 0.13359375
1 0.3140625 0.08671875 0.03125 0.084375
2 0.93203125 0.9265625 0.0921875 0.146875
2 0.490625 0.1578125 0.03984375 0.0828125
2 0.7953125 0.9078125 0.16953125 0.184375
2 0.46328125 0.15703125 0.02109375 0.0578125
2 0.1765625 0.68671875 0.1859375 0.21171875
2 0.559375 0.63125 0.1703125 0.21171875
2 0.82734375 0.6125 0.13515625 0.184375
2 0.75234375 0.55546875 0.0640625 0.11953125
2 0.975 0.59453125 0.04921875 0.10078125
