1 0.87421875 0.68515625 0.2171875 0.2484375
1 0.953125 0.48515625 0.09375 0.10390625
1 0.05078125 0.52265625 0.1015625 0.1328125
3 0.8 0.4015625 0.090625 0.09453125
2 0.83046875 0.45625 0.04375 0.06015625
2 0.76875 0.43359375 0.0359375 0.05703125
2 0.73203125 0.4046875 0.0296875 0.05078125
2 0.6296875 0.34140625 0.0140625 0.03984375
2 0.4921875 0.30625 0.00703125 0.028125
2 0.4625 0.2796875 0.0078125 0.0203125
2 0.43828125 0.27578125 0.00703125 0.01953125
2 0.42578125 0.27890625 0.0078125 0.0203125
2 0.45625 0.32734375 0.01015625 0.0265625
2 0.346875 0.396875 0.028125 0.04765625
2 0.2984375 0.428125 0.0390625 0.0671875
2 0.5609375 0.40625 0.0421875 0.065625
2 0.646875 0.4109375 0.0390625 0.0609375
2 0.659375 0.865625 0.15625 0.13203125
2 0.61640625 0.96328125 0.1390625 0.0734375
