2 0.1921875 0.546875 0.05703125 0.165625
2 0.59296875 0.5171875 0.03046875 0.15078125
1 0.2375 0.79921875 0.15546875 0.4015625
1 0.5625 0.2140625 0.05390625 0.12734375
1 0.59765625 0.171875 0.0390625 0.0921875
3 0.49375 0.12578125 0.04609375 0.078125
3 0.47421875 0.540625 0.19140625 0.48046875
3 0.4671875 0.33203125 0.1359375 0.27890625
2 0.6265625 0.41328125 0.02734375 0.1140625
2 0.61328125 0.3484375 0.0171875 0.07421875
2 0.56875 0.33125 0.01796875 0.078125
2 0.659375 0.24765625 0.01640625 0.059375
1 0.61875 0.1421875 0.0296875 0.07109375
