1 0.421875 0.48203125 0.15625 0.36796875
1 0.5203125 0.303125 0.08125 0.2
1 0.56875 0.20703125 0.05546875 0.121875
1 0.6 0.16875 0.0296875 0.06796875
1 0.665625 0.1203125 0.02109375 0.05
1 0.528125 0.15234375 0.05390625 0.08125
3 0.35078125 0.32734375 0.13046875 0.23125
2 0.33984375 0.53203125 0.03515625 0.16875
2 0.46015625 0.70859375 0.065625 0.20703125
2 0.50703125 0.57109375 0.03984375 0.159375
2 0.5765625 0.553125 0.0453125 0.17109375
2 0.55546875 0.44609375 0.0296875 0.1328125
2 0.4734375 0.28671875 0.01328125 0.0359375
2 0.628125 0.409375 0.01640625 0.109375
2 0.5921875 0.35546875 0.0203125 0.053125
2 0.60234375 0.24453125 0.01328125 0.040625
2 0.64765625 0.2640625 0.01796875 0.07421875
2 0.6546875 0.14765625 0.009375 0.03359375
2 0.4765625 0.18125 0.0171875 0.0484375
2 0.49296875 0.15 0.015625 0.0546875
