1 0.1234375 0.57578125 0.16171875 0.1546875
1 0.75390625 0.40703125 0.1140625 0.12109375
1 0.51171875 0.3671875 0.053125 0.08046875
1 0.58515625 0.33203125 0.05 0.07109375
1 0.54140625 0.2953125 0.03671875 0.05078125
1 0.49375 0.29609375 0.03046875 0.05
1 0.4671875 0.27890625 0.02421875 0.02890625
1 0.56171875 0.2875 0.02734375 0.03828125
1 0.509375 0.2765625 0.025 0.034375
3 0.81953125 0.4015625 0.046875 0.0921875
2 0.0671875 0.6953125 0.0796875 0.1109375
2 0.2078125 0.4578125 0.0453125 0.0671875
2 0.27578125 0.5046875 0.05 0.07421875
2 0.38515625 0.5015625 0.04375 0.0875
2 0.31171875 0.46171875 0.0421875 0.0578125
2 0.4375 0.4296875 0.0203125 0.05859375
2 0.47265625 0.35703125 0.01328125 0.040625
2 0.43359375 0.3171875 0.01015625 0.028125
2 0.628125 0.34296875 0.0109375 0.034375
2 0.646875 0.41875 0.021875 0.05859375
2 0.68671875 0.41640625 0.015625 0.05625
2 0.709375 0.5234375 0.0375 0.0859375
2 0.76875 0.515625 0.0265625 0.0546875
2 0.7984375 0.58125 0.04921875 0.09140625
2 0.94296875 0.6953125 0.053125 0.09140625
2 0.97265625 0.7953125 0.05390625 0.1515625
1 0.453125 0.26015625 0.01875 0.028125
