3 0.434375 0.24765625 0.03828125 0.065625
3 0.4921875 0.2515625 0.028125 0.028125
1 0.4953125 0.2828125 0.0234375 0.034375
2 0.5421875 0.309375 0.01328125 0.02734375
2 0.4875 0.309375 0.009375 0.028125
2 0.50859375 0.30703125 0.0109375 0.028125
2 0.52734375 0.3078125 0.0078125 0.03046875
2 0.56015625 0.3109375 0.01171875 0.0296875
2 0.09453125 0.87578125 0.1203125 0.1578125
1 0.228125 0.44296875 0.1125 0.1296875
0 0.4078125 0.33515625 0.07421875 0.109375
2 0.47734375 0.303125 0.00859375 0.028125
2 0.23984375 0.64765625 0.096875 0.11171875
2 0.39609375 0.575 0.08984375 0.103125
2 0.57890625 0.5703125 0.0859375 0.096875
2 0.67109375 0.5890625 0.07890625 0.08828125
2 0.71328125 0.54765625 0.03046875 0.0859375
2 0.87109375 0.6078125 0.05859375 0.0953125
