2 0.5921875 0.76953125 0.065625 0.17890625
2 0.12734375 0.49296875 0.05234375 0.0765625
2 0.4703125 0.365625 0.0125 0.034375
2 0.421875 0.34140625 0.0109375 0.03125
2 0.44921875 0.296875 0.00703125 0.021875
2 0.4609375 0.30859375 0.0078125 0.02890625
2 0.48125 0.30546875 0.00859375 0.0265625
2 0.56015625 0.29296875 0.0078125 0.02421875
1 0.496875 0.2859375 0.0296875 0.04921875
1 0.5359375 0.28828125 0.03671875 0.059375
3 0.68671875 0.58984375 0.190625 0.2625
3 0.7984375 0.40234375 0.09140625 0.08984375
2 0.41953125 0.29296875 0.0078125 0.02109375
2 0.43359375 0.2859375 0.00703125 0.0203125
