2 0.975 0.5109375 0.04375 0.0578125
2 0.44609375 0.30625 0.0078125 0.0203125
1 0.28515625 0.54140625 0.1796875 0.2078125
1 0.92734375 0.62265625 0.1453125 0.2390625
1 0.73046875 0.43671875 0.103125 0.134375
1 0.603125 0.334375 0.05546875 0.0828125
3 0.41796875 0.41015625 0.1375 0.165625
3 0.51171875 0.3296875 0.04765625 0.1015625
3 0.57890625 0.303125 0.03828125 0.05390625
1 0.490625 0.28828125 0.03046875 0.04453125
3 0.46796875 0.2703125 0.02578125 0.03359375
1 0.43515625 0.2828125 0.02578125 0.04765625
