3 0.53125 0.27890625 0.08046875 0.16953125
2 0.4 0.48984375 0.04765625 0.14453125
2 0.2125 0.52734375 0.04453125 0.1640625
2 0.63046875 0.246875 0.01484375 0.06484375
2 0.65 0.16328125 0.009375 0.0421875
2 0.52578125 0.48671875 0.0296875 0.14375
2 0.33984375 0.59375 0.06640625 0.203125
2 0.403125 0.64765625 0.059375 0.21171875
2 0.45390625 0.6984375 0.0625 0.2390625
2 0.44609375 0.415625 0.0265625 0.125
2 0.4984375 0.38203125 0.03828125 0.03203125
2 0.48046875 0.51328125 0.021875 0.0640625
2 0.56875 0.43359375 0.01875 0.06015625
2 0.5984375 0.37734375 0.02109375 0.0515625
1 0.58515625 0.2015625 0.04140625 0.09765625
