2 0.4046875 0.46015625 0.05546875 0.12421875
2 0.603125 0.2609375 0.0203125 0.09453125
1 0.50625 0.1921875 0.06484375 0.10703125
0 0.2734375 0.43671875 0.196875 0.4484375
1 0.6 0.11640625 0.02734375 0.053125
2 0.340625 0.60703125 0.05625 0.171875
2 0.3890625 0.625 0.05546875 0.2015625
2 0.43359375 0.6609375 0.05703125 0.21015625
2 0.48515625 0.775 0.06171875 0.2078125
2 0.55546875 0.603125 0.05 0.18984375
2 0.49609375 0.509375 0.028125 0.05078125
2 0.4546875 0.490625 0.03671875 0.08046875
2 0.54765625 0.44140625 0.0203125 0.09140625
