3 0.37890625 0.4796875 0.21484375 0.54375
1 0.553125 0.22578125 0.05546875 0.128125
2 0.246875 0.5453125 0.05078125 0.15078125
2 0.378125 0.91484375 0.096875 0.1703125
2 0.46328125 0.66640625 0.065625 0.17578125
2 0.490625 0.4890625 0.046875 0.07890625
2 0.54609375 0.58984375 0.0421875 0.17890625
2 0.6046875 0.4890625 0.01875 0.1390625
2 0.55703125 0.421875 0.0359375 0.06953125
2 0.63359375 0.396875 0.02578125 0.1
2 0.659375 0.34140625 0.015625 0.08828125
2 0.60625 0.32421875 0.01875 0.0703125
2 0.58984375 0.28828125 0.02265625 0.06640625
2 0.54296875 0.29609375 0.0265625 0.0984375
2 0.62265625 0.26875 0.015625 0.0578125
1 0.59140625 0.16875 0.03828125 0.059375
