1 0.34296875 0.590625 0.18359375 0.41171875
1 0.515625 0.31875 0.090625 0.1890625
1 0.59140625 0.2 0.046875 0.09921875
3 0.60703125 0.14296875 0.03515625 0.0609375
2 0.4234375 0.8578125 0.090625 0.284375
2 0.44296875 0.61328125 0.05390625 0.10546875
2 0.52578125 0.63359375 0.0453125 0.17578125
2 0.48515625 0.48046875 0.03515625 0.1265625
2 0.5328125 0.45390625 0.03671875 0.07265625
2 0.578125 0.4671875 0.034375 0.09375
2 0.5890625 0.3140625 0.02109375 0.05703125
2 0.55078125 0.134375 0.0140625 0.04375
2 0.66015625 0.1265625 0.00859375 0.04296875
2 0.64921875 0.12109375 0.00859375 0.03515625
