2 0.01796875 0.53046875 0.0359375 0.0671875
2 0.45078125 0.3234375 0.01015625 0.025
2 0.54453125 0.309375 0.009375 0.028125
2 0.56640625 0.31796875 0.009375 0.03046875
2 0.478125 0.29453125 0.01015625 0.028125
1 0.50234375 0.29296875 0.03359375 0.04765625
1 0.528125 0.2875 0.02890625 0.03671875
1 0.57109375 0.2875 0.0328125 0.0484375
1 0.50859375 0.37265625 0.0609375 0.07578125
1 0.6328125 0.52109375 0.13671875 0.1734375
3 0.8625 0.70859375 0.24453125 0.3421875
3 0.440625 0.28046875 0.0328125 0.0625
