1 0.56640625 0.24140625 0.06875 0.14453125
3 0.340625 0.35234375 0.13828125 0.2390625
2 0.48046875 0.70234375 0.0625 0.2328125
2 0.44140625 0.63984375 0.0390625 0.18203125
2 0.42421875 0.5625 0.0390625 0.15078125
2 0.37265625 0.5796875 0.0578125 0.1953125
2 0.321875 0.59140625 0.04921875 0.19375
2 0.5359375 0.5609375 0.0375 0.15625
2 0.50390625 0.46875 0.028125 0.12421875
2 0.46015625 0.42421875 0.03203125 0.0640625
2 0.42421875 0.3796875 0.02890625 0.07421875
2 0.59453125 0.51328125 0.034375 0.1390625
2 0.628125 0.41796875 0.021875 0.11875
2 0.584375 0.37890625 0.0171875 0.0765625
2 0.6453125 0.3828125 0.0140625 0.09296875
2 0.6625 0.325 0.0140625 0.0703125
2 0.60390625 0.3234375 0.0203125 0.053125
2 0.5453125 0.3703125 0.02421875 0.059375
2 0.496875 0.365625 0.01640625 0.05859375
2 0.49296875 0.31796875 0.01796875 0.040625
2 0.48984375 0.27421875 0.015625 0.0296875
2 0.52265625 0.26171875 0.0203125 0.08203125
2 0.6203125 0.278125 0.01796875 0.0453125
2 0.4625 0.31484375 0.02109375 0.04140625
2 0.62734375 0.2109375 0.0140625 0.02578125
1 0.62109375 0.11796875 0.02421875 0.07265625
