0 0.38828125 0.23828125 0.11484375 0.1953125
1 0.4796875 0.3375 0.115625 0.28203125
1 0.60234375 0.3 0.06875 0.18046875
1 0.5625 0.228125 0.05859375 0.15234375
1 0.665625 0.1265625 0.0203125 0.053125
1 0.6234375 0.14921875 0.0171875 0.0625
3 0.58828125 0.1359375 0.05390625 0.134375
2 0.65078125 0.3515625 0.01796875 0.09453125
2 0.62734375 0.4265625 0.021875 0.11484375
2 0.59921875 0.50390625 0.03359375 0.13515625
2 0.540625 0.4953125 0.04609375 0.12734375
2 0.515625 0.4453125 0.021875 0.12734375
2 0.503125 0.70078125 0.05859375 0.23828125
2 0.440625 0.65703125 0.05859375 0.19375
2 0.29453125 0.56328125 0.05625 0.18359375
2 0.3 0.815625 0.0859375 0.25625
2 0.31015625 0.90703125 0.09296875 0.18515625
2 0.19296875 0.9046875 0.06640625 0.175
