1 0.2296875 0.490625 0.37109375 0.3484375
2 0.5203125 0.18671875 0.0375 0.0921875
2 0.45703125 0.17109375 0.06640625 0.08828125
1 0.37890625 0.1140625 0.1296875 0.134375
1 0.3203125 0.0515625 0.121875 0.103125
1 0.3140625 0.0859375 0.03125 0.08671875
1 0.215625 0.0296875 0.04609375 0.05859375
2 0.77265625 0.521875 0.0796875 0.115625
2 0.5125 0.62734375 0.159375 0.203125
2 0.87109375 0.884375 0.15234375 0.23125
2 0.10546875 0.87890625 0.2109375 0.2421875
2 0.24375 0.17265625 0.02421875 0.06328125
1 0.19140625 0.1046875 0.0921875 0.109375
1 0.89453125 0.56875 0.21015625 0.35078125
