2 0.17421875 0.89765625 0.13203125 0.15078125
2 0.6640625 0.88671875 0.14296875 0.1546875
2 0.8828125 0.88828125 0.1140625 0.15546875
2 0.95078125 0.54609375 0.053125 0.071875
2 0.815625 0.49375 0.0578125 0.08046875
2 0.67578125 0.42890625 0.0453125 0.071875
2 0.58984375 0.390625 0.0234375 0.053125
2 0.5734375 0.3625 0.02578125 0.04453125
2 0.65 0.35546875 0.0171875 0.0390625
2 0.61484375 0.328125 0.01015625 0.03203125
2 0.56328125 0.31171875 0.01015625 0.028125
2 0.54453125 0.30859375 0.01328125 0.0296875
2 0.4578125 0.278125 0.00625 0.02265625
2 0.44296875 0.25390625 0.0078125 0.01796875
1 0.3953125 0.3671875 0.06953125 0.08125
1 0.49765625 0.290625 0.03359375 0.0484375
1 0.5140625 0.28359375 0.03125 0.0421875
1 0.4375 0.3015625 0.03046875 0.0546875
3 0.21640625 0.41796875 0.18671875 0.17890625
