2 0.26171875 0.94609375 0.08984375 0.1078125
2 0.28671875 0.79609375 0.0796875 0.16328125
2 0.39375 0.90625 0.08515625 0.1875
2 0.4234375 0.64453125 0.07109375 0.2
2 0.41015625 0.51171875 0.028125 0.10078125
2 0.3609375 0.48359375 0.0484375 0.16875
2 0.496875 0.4 0.028125 0.1265625
2 0.52734375 0.453125 0.03984375 0.13671875
2 0.51796875 0.690625 0.05546875 0.19921875
2 0.57109375 0.509375 0.03984375 0.14609375
2 0.58671875 0.37109375 0.02578125 0.06796875
2 0.57109375 0.34296875 0.02265625 0.10390625
2 0.6640625 0.153125 0.0125 0.04296875
1 0.240625 0.75546875 0.165625 0.4890625
1 0.53515625 0.2453125 0.06640625 0.1546875
1 0.60546875 0.175 0.04375 0.09921875
1 0.62109375 0.140625 0.0296875 0.065625
3 0.415625 0.2515625 0.11796875 0.25859375
